0 1
17 5
24 4
26 2
27 2
36 4
37 5
42 0
43 6
50 0
57 5
59 4
66 3
70 1
74 4
79 5
80 6
81 1
92 4
103 7
106 6
110 0
120 7
126 8
137 5
144 6
147 8
148 6
155 2
156 0
157 6
171 4
174 4
178 0
179 2
190 9
193 4
200 3
201 8
204 9
211 2
215 1
218 4
219 6
220 1
223 4
229 4
232 9
240 2
245 8
247 3
250 4
259 2
263 7
266 1
269 6
275 8
288 3
289 9
293 4
304 9
305 4
307 3
311 4
322 5
325 3
330 4
340 8
346 5
349 8
357 2
358 8
361 7
367 0
370 7
376 1
384 6
387 3
389 4
390 1
395 2
408 0
413 4
417 3
427 7
433 4
438 4
448 7
449 8
466 2
471 4
491 6
492 3
493 4
494 7
500 3
505 0
508 2
514 6
520 3
521 6
524 2
538 1
540 0
541 0
555 3
556 1
558 5
566 5
568 8
575 5
585 3
590 5
593 5
594 4
602 1
605 6
616 9
619 2
627 0
633 4
642 3
646 6
652 4
653 3
656 2
660 9
663 1
666 7
672 2
675 3
676 0
679 1
680 1
685 0
691 1
704 1
708 9
713 1
716 6
717 4
718 4
738 3
740 5
744 8
745 4
753 2
765 6
772 5
773 0
787 1
797 0
800 0
802 4
804 0
808 4
814 4
823 4
832 8
836 7
839 3
844 5
849 9
850 1
853 0
854 3
857 7
859 7
862 2
878 4
880 1
883 4
890 0
891 0
896 8
921 2
927 2
932 7
935 4
937 0
942 5
947 7
969 6
970 5
971 3
977 7
980 2
986 6
987 0
996 2
999 3
1000 3
1002 4
1003 4
1012 1
1022 2
1027 4
1030 2
1031 5
1046 6
1055 9
1062 8
1071 3
1074 7
1076 7
1080 5
1097 2
1102 4
1105 0
1106 1
1109 7
1111 8
1116 3
1118 6
1120 7
1122 7
1123 7
1131 4
1133 1
1134 7
1135 9
1138 7
1142 8
1144 2
1149 9
1152 8
1153 0
1162 0
1166 2
1171 6
1175 9
1178 2
1190 1
1192 8
1193 8
1194 5
1205 9
1211 6
1212 3
1215 8
1216 5
1224 6
1227 1
1231 3
1244 6
1247 6
1248 8
1255 0
1256 0
1261 6
1263 3
1264 3
1268 2
1275 8
1282 3
1290 0
1295 0
1302 9
1316 5
1320 6
1325 9
1326 2
1354 5
1355 3
1360 5
1371 8
1391 3
1396 6
1398 1
1400 3
1406 3
1414 9
1418 7
1419 2
1423 1
1424 6
1425 3
1434 2
1435 2
1437 3
1441 0
1444 7
1451 6
1459 4
1465 5
1468 4
1472 4
1473 8
1475 5
1478 5
1480 1
1489 2
1491 2
1492 8
1501 0
1510 2
1512 9
1516 8
1517 2
1518 8
1522 3
1524 2
1535 7
1536 8
1537 2
1557 0
1561 4
1570 4
1575 8
1583 0
1585 0
1586 6
1587 3
1593 5
1601 3
1603 9
1608 8
1614 7
1622 2
1637 7
1639 5
1643 1
1652 7
1655 8
1658 9
1660 6
1661 6
1662 9
1669 4
1676 3
1680 2
1687 1
1689 2
1690 9
1695 8
1696 2
1699 2
1707 2
1709 6
1722 0
1729 5
1730 1
1734 8
1740 2
1743 7
1745 7
1748 0
1753 7
1757 1
1764 2
1768 5
1772 9
1777 5
1783 0
1785 4
1791 2
1794 0
1801 3
1804 6
1807 5
1810 0
1825 6
1841 4
1846 6
1850 6
1858 2
1860 2
1868 2
1872 3
1878 3
1892 0
1895 6
1900 1
1908 5
1915 8
1922 1
1930 8
1936 1
1939 9
1944 5
1945 6
1951 1
1956 4
1960 9
1962 0
1972 8
1991 1
1994 6
1995 6
1996 7
2007 4
2016 8
2018 7
2019 3
2023 9
2029 0
2039 8
2040 3
2053 5
2055 3
2070 3
2077 1
2079 5
2089 7
2092 9
2093 6
2096 4
2097 7
2103 1
2114 9
2121 8
2125 0
2130 2
2136 0
2137 8
2140 9
2144 8
2145 7
2149 0
2152 5
2155 3
2159 4
2160 2
2172 4
2177 1
2178 5
2182 3
2187 7
2189 9
2195 5
2204 4
2207 8
2212 7
2213 6
2221 5
2226 3
2229 1
2254 4
2269 8
2274 9
2293 7
2296 1
2303 5
2306 9
2313 2
2314 4
2343 5
2346 3
2347 5
2353 6
2354 9
2358 0
2367 6
2372 1
2373 0
2385 0
2386 8
2390 6
2395 5
2397 8
2399 0
2406 0
2413 8
2415 8
2431 6
2434 3
2436 6
2443 4
2445 5
2453 8
2459 5
2466 2
2472 8
2473 5
2480 0
2484 4
2486 0
2488 6
2491 6
2496 3
2509 1
2517 3
2518 9
2522 6
2526 8
2538 8
2539 5
2542 4
2545 5
2549 9
2552 7
2562 4
2567 7
2569 9
2575 1
2590 1
2592 1
2594 6
2597 7
2603 5
2604 3
2605 9
2609 0
2619 1
2620 1
2626 1
2630 6
2640 2
2641 9
2645 4
2648 4
2657 7
2669 9
2670 7
2671 3
2672 3
2673 8
2676 2
2682 7
2684 4
2685 8
2689 1
2700 8
2702 1
2703 7
2712 8
2721 0
2727 0
2734 5
2739 7
2740 9
2741 5
2744 8
2749 9
2758 3
2759 3
2764 7
2768 3
2774 4
2775 7
2780 8
2782 8
2784 1
2789 7
2794 8
2795 6
2812 0
2822 9
2824 9
2827 4
2828 9
2832 5
2836 4
2839 7
2843 0
2844 0
2845 8
2847 5
2882 6
2883 3
2897 8
2900 6
2901 4
2905 0
2906 1
2908 2
2911 9
2914 4
2921 8
2924 8
2928 3
2929 3
2931 4
2933 5
2936 6
2937 1
2944 0
2945 1
2946 7
2957 9
2958 2
2959 4
2962 7
2963 6
2971 8
2973 0
2978 8
2983 4
2987 4
2996 2
2997 2
3000 7
3004 4
3008 4
3018 4
3019 5
3032 8
3033 3
3035 0
3037 1
3042 7
3058 7
3063 6
3068 1
3069 9
3071 8
3074 4
3076 1
3079 6
3081 2
3098 1
3102 5
3104 5
3106 3
3109 0
3111 2
3115 9
3116 6
3120 9
3123 2
3124 2
3128 5
3131 4
3133 8
3142 3
3143 8
3151 8
3157 1
3168 8
3181 9
3183 2
3188 4
3210 1
3211 1
3212 7
3217 6
3219 2
3222 6
3228 8
3229 1
3231 4
3249 3
3251 2
3253 1
3258 9
3264 8
3266 1
3267 2
3275 9
3278 3
3281 6
3288 6
3293 4
3306 6
3307 1
3309 7
3313 9
3315 0
3321 3
3326 1
3330 1
3334 9
3337 9
3341 7
3342 8
3343 4
3346 6
3356 7
3361 1
3379 3
3382 1
3389 9
3391 1
3393 8
3399 9
3413 2
3433 8
3435 5
3440 1
3441 6
3443 7
3447 9
3448 3
3454 7
3455 5
3459 9
3464 8
3465 9
3472 6
3476 4
3493 5
3494 6
3495 9
3496 0
3508 4
3514 7
3524 9
3529 6
3540 3
3572 3
3573 2
3575 2
3594 1
3601 6
3606 8
3608 9
3618 5
3629 6
3630 6
3640 2
3649 2
3650 9
3660 8
3671 6
3681 3
3684 2
3685 2
3687 9
3696 6
3710 1
3713 2
3716 1
3726 3
3733 5
3749 0
3754 8
3781 9
3782 8
3789 1
3801 9
3802 6
3803 4
3811 0
3814 7
3819 0
3831 3
3833 8
3836 6
3837 0
3839 8
3844 8
3847 0
3855 8
3861 4
3863 8
3873 4
3906 7
3909 8
3914 5
3915 5
3926 7
3931 4
3939 6
3942 1
3943 7
3945 5
3949 2
3950 9
3960 4
3970 7
3975 6
3990 5
3993 1
3999 2
4000 4
4008 1
4011 9
4021 2
4025 6
4028 7
4030 2
4036 0
4053 7
4056 1
4063 1
4068 1
4074 9
4075 3
4083 6
4089 5
4092 5
4093 1
4095 4
4100 3
4103 2
4104 9
4111 4
4112 6
4113 0
4116 6
4120 0
4126 1
4128 4
4133 4
4134 0
4139 8
4140 1
4145 4
4153 8
4155 4
4160 1
4162 2
4167 3
4174 0
4182 9
4183 5
4193 2
4200 8
4201 7
4202 8
4207 6
4216 9
4219 5
4221 7
4225 6
4231 5
4233 1
4242 4
4248 6
4251 1
4258 9
4259 7
4262 2
4265 8
4281 2
4284 4
4285 1
4288 4
4296 2
4298 4
4299 7
4302 6
4305 8
4312 9
4315 3
4321 8
4329 6
4334 5
4338 4
4345 1
4350 8
4351 4
4353 2
4361 2
4365 5
4368 6
4370 7
4373 7
4376 5
4381 5
4386 3
4390 4
4395 6
4397 0
4401 5
4406 9
4409 9
4411 7
4413 5
4420 1
4421 3
4425 7
4437 5
4438 0
4441 8
4442 1
4447 1
4448 3
4452 7
4460 8
4462 5
4466 7
4470 5
4471 5
4483 1
4484 7
4486 9
4487 0
4501 3
4502 0
4507 1
4510 1
4512 8
4513 8
4516 2
4519 7
4526 4
4531 4
4533 7
4544 0
4546 1
4561 8
4562 2
4568 3
4572 8
4575 7
4581 0
4583 3
4590 4
4591 9
4598 0
4599 3
4603 5
4606 1
4611 5
4615 6
4617 7
4629 4
4641 3
4656 4
4663 7
4669 4
4670 9
4681 2
4683 1
4684 7
4686 0
4687 7
4690 3
4707 3
4708 8
4710 2
4711 1
4712 6
4715 3
4717 8
4722 9
4733 4
4735 3
4740 0
4741 8
4747 3
4751 9
4759 9
4762 5
4769 4
4771 8
4778 5
4781 1
4784 7
4786 3
4787 4
4789 5
4798 7
4808 4
4813 2
4819 0
4821 8
4823 6
4831 9
4837 4
4844 6
4846 3
4852 6
4857 9
4871 6
4875 8
4881 4
4886 3
4887 7
4888 8
4890 8
4896 4
4897 3
4900 8
4902 0
4910 1
4923 0
4939 2
4942 9
4948 4
4953 5
4954 8
4956 0
4958 5
4963 2
4966 5
4973 2
4983 6
4985 2
4989 7
4993 0
4994 4
4996 8
4999 7
5000 0
5010 7
5019 7
5024 5
5026 9
5027 8
5032 3
5033 5
5038 5
5044 1
5048 3
5049 3
5058 3
5060 4
5064 7
5065 5
5069 3
5078 0
5085 2
5090 2
5101 0
5115 6
5116 5
5126 3
5134 8
5135 6
5137 7
5143 9
5148 1
5163 6
5176 2
5179 3
5195 9
5197 2
5199 1
5200 8
5209 1
5210 7
5219 7
5220 2
5231 7
5234 4
5243 9
5246 7
5254 9
5260 9
5265 8
5274 7
5282 4
5283 2
5284 2
5289 2
5295 6
5303 3
5305 0
5315 8
5316 2
5325 0
5326 9
5330 1
5333 4
5334 6
5341 6
5342 3
5352 4
5355 3
5361 5
5370 5
5372 8
5376 4
5378 3
5380 4
5389 1
5395 5
5404 5
5408 5
5411 0
5416 6
5425 4
5426 9
5431 2
5434 9
5437 2
5440 2
5445 6
5447 2
5458 7
5470 9
5477 8
5483 4
5486 2
5495 5
5497 0
5498 5
5505 1
5511 6
5524 5
5529 2
5531 8
5534 5
5536 1
5543 4
5545 9
5546 9
5547 0
5550 4
5552 0
5554 1
5558 5
5562 0
5564 0
5566 3
5569 2
5572 9
5574 6
5575 0
5576 3
5581 0
5583 0
5587 6
5590 9
5592 8
5600 2
5601 0
5609 9
5629 2
5633 7
5637 2
5638 0
5643 4
5647 0
5660 8
5661 0
5664 1
5670 0
5674 5
5676 7
5680 1
5682 7
5684 3
5712 6
5716 0
5718 5
5724 4
5736 0
5741 2
5744 5
5754 0
5756 0
5757 2
5769 6
5770 7
5772 1
5783 3
5784 8
5787 5
5792 6
5806 4
5807 0
5821 1
5826 0
5829 7
5831 3
5842 5
5843 6
5848 0
5851 0
5858 3
5860 7
5864 1
5869 0
5871 5
5874 7
5877 4
5881 1
5885 9
5886 6
5900 5
5904 7
5906 5
5907 0
5910 3
5917 2
5936 2
5939 7
5973 7
5974 2
5976 2
5985 7
5987 5
5988 7
5989 4
5997 2
6000 5
6004 7
6007 7
6008 5
6009 2
6014 9
6015 5
6016 7
6019 1
6025 3
6028 4
6029 3
6037 1
6040 8
6041 9
6044 9
6049 3
6050 6
6052 2
6053 1
6065 0
6066 3
6076 3
6086 5
6087 3
6090 2
6092 6
6097 1
6098 2
6101 8
6114 0
6115 8
6120 7
6121 4
6126 1
6133 4
6137 5
6138 1
6146 4
6158 4
6161 2
6167 4
6169 1
6171 0
6172 3
6177 8
6186 8
6187 1
6188 9
6189 4
6192 2
6196 4
6202 1
6209 3
6213 7
6214 3
6217 4
6226 3
6235 9
6251 6
6267 7
6269 7
6274 9
6282 7
6284 0
6290 9
6291 5
6292 7
6294 4
6299 1
6304 2
6305 3
6309 9
6316 2
6318 7
6322 6
6326 1
6327 8
6333 8
6334 3
6336 7
6344 0
6346 9
6349 7
6350 9
6358 8
6362 9
6369 0
6371 4
6372 6
6375 5
6377 9
6380 1
6384 4
6394 0
6400 9
6401 6
6403 4
6404 1
6407 1
6418 2
6421 6
6426 5
6430 8
6437 0
6441 5
6442 9
6446 3
6450 9
6452 0
6456 8
6463 0
6464 4
6469 4
6474 5
6480 3
6484 0
6486 1
6496 7
6507 0
6511 4
6513 2
6516 7
6520 6
6523 2
6524 6
6526 4
6534 4
6536 8
6537 7
6552 6
6554 8
6555 2
6557 1
6560 6
6571 6
6577 0
6578 9
6584 6
6590 1
6591 1
6593 7
6595 2
6599 3
6610 4
6629 8
6636 8
6640 9
6641 6
6642 3
6646 0
6648 7
6649 2
6653 2
6655 4
6657 7
6658 0
6673 4
6674 7
6678 5
6699 3
6709 0
6714 7
6719 9
6728 2
6730 3
6731 7
6735 7
6736 6
6762 2
6764 5
6767 4
6772 5
6776 4
6781 0
6783 5
6784 8
6786 4
6791 5
6797 8
6798 0
6801 0
6812 5
6823 0
6826 8
6831 4
6832 3
6833 7
6845 8
6847 7
6850 8
6851 0
6854 0
6856 3
6864 1
6870 3
6888 3
6892 8
6901 0
6903 0
6915 4
6917 9
6920 3
6922 5
6925 0
6927 5
6930 2
6943 5
6950 3
6951 4
6952 4
6954 7
6969 5
6973 9
6977 3
6980 0
6990 6
6991 1
6993 0
6994 5
6999 9
7000 8
7001 3
7003 2
7012 9
7016 0
7021 8
7031 4
7035 6
7045 0
7049 6
7051 3
7057 9
7058 9
7075 7
7077 8
7085 0
7089 6
7096 9
7107 7
7109 6
7110 5
7113 9
7115 3
7117 6
7122 2
7124 0
7128 7
7136 8
7137 8
7145 6
7150 8
7153 1
7159 5
7160 2
7161 0
7167 8
7178 5
7181 6
7184 4
7189 3
7190 1
7192 8
7197 4
7215 3
7219 5
7220 9
7226 0
7230 9
7232 2
7234 4
7235 5
7236 8
7238 8
7240 2
7252 2
7266 1
7278 7
7280 8
7282 0
7291 8
7293 0
7303 4
7304 0
7310 1
7316 4
7317 3
7322 7
7330 8
7332 4
7337 3
7342 7
7350 4
7353 4
7356 5
7367 2
7373 3
7397 9
7399 3
7405 3
7418 7
7421 2
7424 7
7431 4
7433 4
7435 9
7436 2
7439 2
7440 6
7441 7
7443 3
7448 5
7449 7
7455 0
7456 2
7473 8
7481 2
7487 2
7489 0
7491 3
7504 8
7505 6
7507 6
7509 4
7511 5
7519 8
7520 9
7523 9
7524 1
7530 3
7533 9
7537 4
7541 0
7547 7
7552 6
7553 7
7554 0
7557 1
7559 3
7564 5
7574 1
7575 4
7577 1
7578 3
7582 6
7588 8
7590 0
7591 7
7593 8
7594 0
7596 1
7598 8
7602 0
7604 1
7621 2
7623 1
7629 8
7630 9
7640 4
7668 1
7680 5
7684 1
7692 0
7693 7
7701 4
7705 7
7710 1
7712 5
7718 2
7724 6
7725 1
7729 4
7731 9
7743 6
7748 5
7749 9
7750 2
7752 8
7755 4
7762 1
7764 7
7765 2
7780 2
7787 9
7789 4
7795 2
7796 6
7798 8
7802 1
7819 2
7824 5
7826 4
7843 9
7854 0
7860 5
7861 9
7862 5
7864 0
7872 5
7874 5
7879 5
7881 8
7884 0
7886 4
7900 0
7904 1
7907 2
7918 4
7926 2
7937 4
7945 3
7947 5
7950 9
7957 2
7959 5
7961 9
7965 7
7980 8
7985 2
7990 4
7993 1
7999 0
8004 6
8009 5
8010 7
8011 0
8016 0
8017 4
8021 4
8031 3
8034 9
8035 6
8039 6
8050 8
8052 4
8064 6
8077 5
8082 1
8085 7
8087 7
8095 4
8099 6
8102 5
8110 4
8113 7
8115 4
8116 4
8117 2
8124 6
8125 6
8127 7
8130 4
8132 8
8143 3
8146 0
8153 0
8157 5
8164 6
8170 2
8172 5
8173 5
8176 0
8179 2
8183 9
8188 0
8191 4
8193 0
8199 7
8205 1
8211 9
8212 7
8221 3
8224 1
8233 1
8238 2
8246 5
8247 6
8254 1
8255 1
8261 2
8268 2
8269 6
8270 1
8273 2
8279 5
8283 3
8284 2
8285 2
8307 3
8310 6
8311 4
8312 9
8314 1
8320 3
8331 3
8334 6
8340 5
8346 8
8351 3
8353 0
8367 9
8370 0
8374 5
8380 8
8396 7
8397 4
8419 7
8421 9
8424 6
8425 6
8428 1
8431 7
8443 2
8444 3
8449 6
8453 6
8464 1
8471 5
8475 6
8478 9
8479 0
8484 9
8485 0
8486 5
8487 8
8489 9
8499 2
8501 4
8506 7
8511 4
8523 9
8529 6
8534 0
8546 6
8549 8
8551 8
8556 0
8558 8
8561 3
8562 1
8565 0
8566 2
8567 3
8568 6
8570 9
8591 4
8597 2
8598 1
8599 0
8602 5
8605 2
8607 9
8608 9
8614 2
8618 1
8620 9
8624 3
8636 1
8637 3
8642 1
8643 2
8650 3
8657 4
8659 5
8660 3
8661 9
8665 7
8666 6
8667 6
8673 8
8676 0
8679 4
8683 7
8694 0
8707 7
8708 0
8714 0
8719 8
8723 9
8725 4
8729 5
8736 3
8738 4
8740 1
8744 8
8754 4
8760 9
8761 7
8771 7
8773 2
8774 4
8777 8
8786 6
8798 6
8801 9
8803 5
8809 6
8815 5
8818 3
8822 5
8826 1
8827 2
8832 7
8840 1
8842 9
8846 7
8848 7
8854 6
8863 9
8871 6
8877 4
8878 3
8880 8
8882 8
8883 3
8893 3
8896 1
8904 0
8907 2
8910 9
8911 8
8921 1
8927 1
8930 2
8933 8
8935 7
8936 3
8940 6
8943 9
8948 3
8954 1
8961 7
8962 7
8963 9
8964 4
8965 5
8971 7
8972 0
8974 5
8976 0
8978 8
8979 7
8983 4
8984 4
8988 5
8993 1
8995 5
8996 3
9009 1
9010 0
9012 5
9018 8
9029 9
9040 8
9042 2
9050 7
9059 1
9070 6
9072 9
9075 3
9076 5
9082 3
9083 0
9123 4
9127 7
9131 8
9132 7
9134 6
9138 7
9142 8
9155 3
9157 6
9164 4
9167 2
9171 1
9173 1
9175 9
9180 3
9183 0
9188 9
9192 7
9197 5
9198 7
9202 2
9218 8
9225 2
9244 6
9248 7
9251 2
9256 9
9276 8
9279 1
9281 1
9282 0
9283 7
9284 7
9292 9
9298 2
9302 0
9321 2
9326 0
9328 3
9329 5
9334 4
9340 4
9354 7
9359 7
9361 6
9362 7
9363 2
9368 1
9370 5
9377 8
9387 6
9392 9
9398 1
9400 0
9409 6
9413 3
9416 4
9420 7
9422 1
9430 6
9431 0
9432 7
9439 5
9443 2
9449 8
9458 6
9459 9
9460 6
9475 6
9476 2
9480 7
9487 4
9488 3
9489 4
9502 7
9505 2
9508 4
9514 5
9519 1
9529 6
9530 5
9538 8
9541 2
9542 9
9555 1
9574 8
9577 4
9586 6
9591 0
9592 1
9593 1
9595 6
9597 6
9599 9
9600 8
9608 0
9610 5
9611 4
9613 4
9617 6
9621 3
9625 8
9629 1
9634 6
9635 6
9637 0
9653 1
9658 7
9659 4
9661 5
9666 1
9668 7
9670 9
9672 4
9679 7
9681 4
9697 3
9700 5
9717 6
9722 5
9725 3
9727 2
9730 6
9740 1
9741 1
9743 4
9744 3
9745 8
9748 1
9750 0
9755 2
9757 8
9761 1
9765 4
9788 3
9796 3
9799 7
9800 7
9804 2
9806 2
9811 7
9815 9
9820 7
9823 9
9828 2
9833 4
9837 2
9841 5
9842 2
9844 2
9845 9
9856 2
9864 0
9876 9
9889 8
9890 6
9903 6
9908 2
9909 6
9910 6
9913 7
9914 5
9917 0
9921 3
9922 0
9925 8
9927 0
9933 9
9935 4
9939 8
9945 5
9953 2
9965 6
9968 8
9975 1
9979 8
9981 2
9983 4
9985 5
9986 4
9990 3
9993 7
9994 2
10007 3
10016 6
10018 4
10021 4
10025 9
10045 6
10046 1
10049 4
10054 7
10059 2
10060 0
10068 7
10069 9
10071 4
10073 6
10087 6
10090 2
10095 2
10109 2
10111 3
10112 3
10113 7
10115 7
10118 8
10119 7
10120 7
10124 5
10129 0
10130 9
10150 6
10152 8
10165 5
10168 3
10170 6
10171 7
10176 8
10179 0
10193 0
10209 0
10214 1
10219 8
10223 1
10228 3
10229 6
10234 5
10238 4
10244 9
10249 7
10252 1
10260 2
10261 7
10289 7
10303 8
10306 1
10311 5
10313 3
10316 5
10318 4
10329 5
10335 7
10345 2
10347 0
10357 0
10360 4
10362 8
10363 6
10365 7
10370 6
10389 6
10396 8
10398 1
10401 4
10414 1
10424 9
10442 0
10462 7
10465 5
10466 0
10467 6
10468 2
10475 2
10480 3
10481 2
10484 6
10490 9
10493 2
10494 2
10498 4
10508 1
10511 9
10512 6
10515 8
10517 5
10519 9
10531 4
10545 9
10549 1
10550 8
10551 7
10561 1
10562 5
10568 3
10572 0
10576 9
10581 4
10587 4
10590 5
10608 6
10613 2
10623 9
10625 7
10626 6
10629 9
10630 4
10634 2
10638 9
10644 4
10650 5
10655 9
10656 7
10667 7
10671 3
10677 1
10679 5
10680 9
10689 9
10690 2
10691 9
10692 7
10696 7
10698 4
10699 6
10709 4
10721 9
10722 6
10726 8
10733 5
10734 0
10745 1
10756 6
10759 4
10761 9
10772 4
10775 1
10782 8
10793 7
10796 5
10797 6
10804 8
10805 7
10810 1
10817 0
10834 8
10841 9
10845 4
10852 0
10864 3
10870 4
10871 6
10872 4
10878 2
10882 6
10885 5
10887 4
10899 2
10917 9
10922 3
10930 0
10931 1
10932 2
10937 2
10945 6
10961 3
10988 1
10991 0
10993 9
10994 1
10997 6
11007 0
11021 2
11027 6
11043 8
11049 2
11058 1
11059 1
11066 7
11067 9
11069 3
11073 9
11082 4
11083 0
11090 3
11092 7
11103 8
11106 6
11108 4
11111 2
11113 9
11115 1
11116 1
11119 0
11124 8
11126 4
11127 5
11128 5
11129 9
11134 0
11137 9
11148 3
11151 6
11154 8
11155 7
11171 8
11173 1
11174 7
11179 7
11181 3
11186 9
11188 4
11198 4
11207 6
11208 9
11209 5
11215 5
11220 5
11222 6
11226 7
11229 2
11235 8
11236 6
11244 9
11249 9
11251 7
11272 7
11273 4
11274 2
11276 5
11281 5
11287 8
11295 5
11301 3
11303 3
11313 9
11315 7
11318 5
11326 1
11327 6
11332 6
11338 2
11341 7
11348 1
11351 1
11354 9
11360 4
11381 7
11383 4
11384 6
11388 4
11390 9
11393 4
11396 3
11408 1
11409 8
11424 8
11426 1
11428 2
11429 5
11433 9
11434 1
11435 3
11437 8
11438 0
11439 1
11449 0
11460 1
11462 8
11463 6
11465 8
11471 8
11483 6
11487 7
11488 6
11496 3
11501 3
11508 3
11509 6
11519 0
11521 5
11537 2
11541 2
11543 4
11544 8
11563 2
11566 1
11572 1
11573 2
11574 8
11577 3
11581 5
11583 9
11584 3
11585 6
11590 2
11596 0
11599 2
11605 4
11607 2
11609 2
11616 6
11617 8
11619 0
11621 0
11622 0
11628 9
11634 7
11639 9
11642 4
11646 4
11658 3
11662 7
11679 8
11682 9
11691 3
11702 0
11703 5
11709 3
11712 0
11717 5
11718 6
11720 4
11721 7
11724 2
11730 5
11732 5
11743 9
11745 1
11750 4
11751 4
11752 2
11756 2
11759 9
11771 6
11773 0
11777 7
11783 1
11787 2
11790 7
11793 5
11794 2
11797 2
11799 3
11805 7
11813 3
11814 7
11816 3
11817 4
11830 5
11831 6
11836 6
11840 3
11841 9
11842 7
11843 3
11845 2
11851 2
11854 3
11856 3
11861 2
11865 2
11870 0
11874 7
11883 6
11889 3
11893 7
11894 7
11902 7
11909 2
11911 8
11912 2
11914 9
11915 0
11916 0
11918 5
11919 6
11929 2
11934 5
11939 9
11942 1
11945 0
11947 4
11951 3
11954 9
11956 0
11957 5
11969 0
11972 4
11975 2
11981 2
11984 6
11986 7
11987 5
11988 1
11990 3
11991 1
11996 0
12000 0
12005 7
12014 4
12019 8
12025 2
12034 5
12035 7
12044 4
12047 6
12052 9
12070 6
12074 9
12075 5
12077 1
12081 0
12085 5
12086 5
12091 8
12093 9
12105 1
12108 7
12114 4
12117 1
12120 7
12139 3
12148 6
12151 0
12161 7
12163 0
12165 2
12167 6
12176 0
12178 6
12185 3
12188 9
12190 7
12193 1
12194 0
12200 1
12205 2
12213 8
12219 1
12223 0
12228 9
12229 3
12231 9
12245 8
12250 9
12251 4
12254 7
12262 2
12266 2
12268 4
12271 8
12274 3
12276 5
12281 7
12283 7
12286 7
12289 8
12290 4
12297 1
12302 8
12303 0
12314 5
12316 7
12317 6
12318 7
12326 9
12327 2
12332 9
12336 2
12346 4
12352 7
12358 8
12374 3
12379 3
12380 3
12381 3
12388 4
12389 3
12398 6
12399 4
12404 0
12409 3
12413 4
12419 6
12423 0
12426 9
12433 7
12440 2
12446 8
12450 9
12460 6
12462 8
12471 7
12480 0
12488 6
12490 9
12493 3
12495 3
12502 9
12504 1
12509 1
12529 3
12533 5
12534 3
12535 3
12544 0
12551 7
12555 5
12565 0
12573 3
12574 4
12576 6
12580 2
12605 6
12618 4
12626 1
12634 5
12636 7
12639 7
12649 6
12653 3
12654 3
12658 9
12659 3
12664 6
12669 5
12676 6
12685 8
12695 6
12699 3
12706 3
12707 5
12709 3
12724 1
12729 3
12730 4
12732 0
12733 5
12735 3
12736 4
12750 0
12755 9
12757 6
12763 5
12766 6
12774 7
12779 3
12781 0
12794 5
12798 0
12800 6
12801 1
12803 3
12807 1
12808 5
12815 7
12818 2
12820 6
12824 7
12828 2
12835 2
12847 8
12848 1
12854 4
12857 9
12868 4
12870 6
12871 9
12872 5
12877 1
12881 4
12883 6
12892 7
12893 9
12909 6
12910 1
12923 4
12926 2
12930 7
12936 6
12938 2
12939 3
12941 9
12953 6
12958 6
12968 6
12969 7
12973 2
12980 6
12981 9
12982 8
12989 6
13002 5
13005 0
13012 1
13013 9
13014 0
13017 7
13023 8
13027 9
13030 9
13042 8
13049 5
13050 3
13052 2
13078 2
13104 7
13117 3
13121 8
13127 0
13129 3
13134 1
13136 1
13141 5
13142 3
13147 1
13148 8
13154 9
13155 1
13157 1
13158 0
13166 0
13171 4
13174 1
13176 8
13178 9
13186 5
13193 8
13198 4
13199 4
13200 9
13203 0
13210 3
13211 4
13212 3
13224 6
13231 9
13236 8
13238 9
13243 6
13248 2
13253 9
13260 4
13261 1
13267 0
13269 6
13271 4
13273 8
13275 0
13277 0
13278 4
13279 1
13287 4
13288 4
13297 0
13298 7
13299 2
13305 3
13312 2
13316 1
13319 9
13321 4
13322 3
13325 2
13332 8
13333 0
13337 8
13346 2
13355 9
13356 7
13364 3
13365 3
13378 5
13380 7
13398 3
13402 4
13404 1
13407 2
13408 5
13419 1
13423 3
13425 2
13430 2
13435 7
13436 7
13437 9
13438 9
13447 8
13449 7
13450 1
13462 8
13471 8
13477 4
13483 7
13494 1
13498 1
13502 6
13512 7
13513 5
13518 7
13523 5
13524 3
13544 3
13553 0
13557 3
13561 8
13565 9
13569 6
13570 2
13578 5
13580 3
13583 7
13586 0
13587 6
13594 6
13598 0
13605 4
13607 2
13617 4
13618 8
13624 1
13628 5
13632 6
13639 9
13647 2
13649 4
13663 3
13677 4
13680 8
13688 8
13691 9
13692 3
13696 5
13700 2
13704 5
13709 1
13712 1
13715 5
13722 8
13733 2
13734 0
13737 5
13742 9
13745 0
13753 3
13757 1
13761 9
13763 5
13765 0
13775 9
13787 0
13788 7
13800 1
13807 7
13808 0
13810 3
13811 9
13813 1
13814 7
13817 7
13824 5
13825 2
13827 2
13833 1
13834 9
13836 1
13839 7
13840 9
13849 0
13851 4
13859 4
13861 8
13862 8
13868 7
13873 1
13882 6
13886 0
13890 9
13892 6
13895 9
13896 9
13898 7
13900 0
13905 1
13911 4
13913 0
13914 9
13918 7
13946 5
13952 8
13961 0
13963 0
13964 3
13966 1
13970 1
13973 9
13981 9
13986 1
13997 4
14006 8
14009 9
14011 6
14017 9
14018 1
14025 9
14026 0
14032 6
14041 9
14042 9
14047 5
14050 4
14051 5
14057 6
14064 9
14067 5
14068 0
14069 4
14070 4
14071 8
14073 7
14084 3
14085 3
14088 0
14099 7
14102 1
14107 2
14108 9
14120 0
14121 4
14126 8
14128 5
14130 9
14133 7
14142 3
14143 2
14144 3
14159 0
14160 2
14161 9
14168 5
14171 4
14174 6
14178 7
14179 4
14186 0
14190 2
14193 2
14202 0
14206 6
14207 5
14210 2
14215 1
14217 4
14219 5
14232 9
14240 0
14241 8
14242 2
14247 3
14250 1
14251 9
14252 0
14256 6
14258 2
14261 2
14263 3
14264 5
14266 0
14268 7
14269 5
14277 3
14280 8
14285 1
14292 2
14302 6
14308 9
14310 9
14315 8
14325 5
14331 1
14332 7
14338 0
14339 0
14348 6
14349 2
14353 7
14367 6
14380 8
14384 9
14389 3
14393 3
14396 1
14401 2
14421 4
14435 4
14436 8
14441 6
14446 6
14452 2
14456 5
14466 1
14467 7
14472 7
14491 1
14492 5
14493 9
14498 0
14499 2
14503 1
14508 3
14513 8
14514 7
14520 5
14529 2
14531 4
14533 2
14536 2
14543 7
14544 5
14550 3
14553 9
14554 6
14555 6
14561 4
14564 5
14575 7
14577 1
14585 6
14587 5
14589 2
14592 5
14593 0
14598 4
14601 4
14604 9
14608 1
14614 3
14619 5
14620 0
14621 2
14624 5
14626 6
14634 7
14635 1
14638 8
14643 2
14653 6
14654 3
14658 0
14660 9
14664 6
14678 8
14682 6
14683 1
14702 2
14714 9
14715 6
14720 6
14722 5
14723 1
14725 1
14730 6
14731 1
14734 2
14735 4
14738 1
14744 3
14751 8
14757 4
14771 3
14787 5
14793 6
14794 9
14797 4
14805 5
14808 3
14818 5
14830 0
14834 5
14837 9
14842 9
14854 4
14857 9
14862 6
14864 1
14875 0
14878 9
14883 1
14890 6
14897 5
14900 6
14902 3
14907 3
14908 7
14914 2
14915 1
14917 7
14920 8
14921 1
14924 6
14932 1
14945 9
14949 4
14956 0
14959 7
14968 5
14971 1
14972 2
14976 4
14979 4
14981 5
14983 2
14988 1
14995 0
14997 0
15000 9
15006 2
15012 7
15014 4
15016 8
15018 0
15022 5
15027 1
15028 3
15033 5
15065 4
15070 3
15079 0
15083 6
15084 4
15093 8
15097 8
15107 4
15112 9
15114 6
15117 4
15124 1
15154 7
15155 1
15156 4
15159 7
15165 2
15171 2
15172 7
15191 6
15193 0
15201 3
15206 5
15218 5
15223 9
15224 1
15228 6
15234 0
15235 6
15239 1
15240 9
15257 7
15258 6
15267 1
15286 9
15288 9
15295 0
15300 8
15301 6
15314 8
15315 4
15326 3
15328 2
15329 7
15330 7
15335 6
15340 3
15342 5
15349 2
15353 4
15354 0
15358 9
15359 2
15366 2
15368 6
15370 1
15378 9
15392 2
15394 7
15396 8
15403 3
15405 2
15409 8
15413 9
15416 6
15417 7
15418 6
15420 6
15424 7
15430 9
15435 9
15438 6
15448 2
15449 1
15451 4
15457 2
15458 4
15459 2
15461 0
15463 3
15469 3
15474 4
15487 9
15488 9
15498 4
15508 8
15511 6
15514 4
15517 4
15518 9
15520 2
15541 1
15543 8
15545 8
15546 2
15563 9
15566 8
15567 0
15572 1
15591 1
15593 8
15594 6
15596 7
15606 8
15614 9
15615 3
15630 2
15631 3
15632 2
15636 5
15638 9
15639 4
15644 6
15648 0
15657 9
15659 5
15662 0
15672 1
15676 5
15680 1
15686 0
15687 4
15688 6
15696 5
15700 4
15704 2
15708 3
15709 9
15710 4
15715 5
15723 0
15724 4
15728 9
15734 9
15740 9
15750 1
15753 9
15767 5
15769 1
15773 3
15784 8
15787 0
15791 3
15794 7
15802 9
15815 4
15816 8
15819 6
15826 2
15829 4
15833 7
15834 5
15837 1
15838 1
15839 6
15841 3
15844 9
15857 1
15879 0
15882 0
15888 7
15892 0
15894 6
15900 6
15913 4
15916 8
15919 0
15929 7
15931 9
15933 9
15934 4
15951 7
15958 5
15959 4
15975 8
15976 6
15984 5
15986 7
15993 4
15994 0
16003 0
16007 6
16011 7
16020 3
16022 3
16035 6
16036 7
16042 1
16049 5
16061 0
16064 8
16065 6
16066 9
16070 8
16072 9
16074 3
16084 4
16085 5
16101 7
16106 1
16114 9
16119 1
16120 8
16138 5
16146 9
16157 9
16164 4
16166 0
16168 6
16176 4
16180 5
16185 8
16189 3
16196 7
16205 8
16206 2
16211 7
16213 5
16227 8
16231 0
16232 1
16235 1
16241 1
16242 3
16248 6
16251 3
16253 4
16256 8
16260 1
16264 2
16270 6
16278 4
16290 9
16292 5
16294 5
16303 4
16314 6
16321 4
16322 0
16325 3
16330 9
16336 1
16341 8
16347 7
16362 8
16365 9
16366 1
16369 8
16382 4
16391 2
16393 5
16395 0
16403 0
16404 0
16405 2
16408 4
16409 2
16418 8
16421 8
16425 5
16427 7
16435 6
16440 9
16443 7
16444 2
16449 2
16462 3
16466 9
16471 7
16475 3
16481 7
16484 4
16499 2
16502 1
16507 3
16517 8
16518 3
16534 7
16536 4
16544 0
16546 0
16547 4
16548 6
16549 7
16554 2
16555 5
16566 7
16568 4
16574 7
16575 6
16581 6
16583 2
16584 5
16588 3
16589 1
16592 5
16595 8
16599 6
16601 1
16606 5
16609 5
16611 2
16613 4
16615 0
16618 8
16623 4
16626 0
16634 1
16637 1
16641 1
16647 2
16655 8
16658 2
16662 4
16664 5
16668 8
16676 2
16677 2
16686 6
16693 7
16696 7
16700 7
16702 7
16721 5
16724 3
16736 3
16742 7
16745 2
16750 9
16753 0
16755 7
16764 6
16768 7
16772 0
16775 6
16789 4
16792 7
16793 9
16795 6
16806 9
16814 5
16816 6
16817 1
16818 4
16823 0
16839 8
16844 2
16850 9
16853 7
16856 3
16859 0
16860 2
16862 0
16872 1
16873 8
16880 2
16884 4
16892 5
16893 6
16896 9
16922 9
16925 6
16927 2
16928 5
16945 7
16947 5
16949 7
16957 3
16967 7
16970 8
16976 4
16978 7
16993 6
16998 9
17004 6
17011 5
17012 6
17015 9
17026 8
17033 3
17036 5
17037 3
17038 0
17049 1
17062 1
17065 7
17075 1
17076 1
17078 9
17080 4
17081 9
17083 5
17092 0
17096 1
17098 7
17109 8
17110 2
17111 3
17117 9
17120 5
17121 6
17124 4
17133 3
17141 4
17142 0
17144 7
17146 0
17147 9
17155 7
17160 0
17163 6
17176 6
17191 0
17200 6
17206 3
17215 1
17218 1
17224 1
17232 3
17236 8
17250 5
17255 3
17259 0
17261 4
17279 2
17281 7
17283 2
17286 0
17290 6
17293 9
17296 0
17297 0
17316 2
17317 0
17318 0
17322 9
17326 0
17327 0
17332 9
17334 7
17336 3
17340 1
17345 5
17350 9
17354 6
17359 4
17360 2
17364 2
17366 5
17368 8
17371 3
17373 6
17379 5
17389 1
17392 3
17411 2
17416 3
17419 9
17431 1
17445 6
17449 8
17455 4
17458 4
17460 6
17467 3
17470 3
17476 0
17483 3
17491 4
17494 1
17502 8
17508 1
17515 7
17516 6
17525 6
17528 7
17534 2
17537 6
17540 9
17542 6
17560 5
17563 9
17564 6
17566 0
17567 5
17587 3
17596 1
17598 6
17603 8
17605 9
17609 4
17616 1
17618 8
17620 5
17621 5
17625 2
17630 1
17636 4
17640 0
17648 1
17659 4
17662 8
17663 4
17665 9
17669 6
17671 9
17673 7
17675 3
17676 8
17678 9
17681 2
17692 5
17695 1
17703 2
17706 5
17711 0
17716 0
17720 2
17735 7
17737 1
17742 5
17754 4
17755 3
17763 1
17771 8
17772 2
17776 3
17779 8
17795 7
17799 0
17801 3
17802 3
17805 8
17808 0
17809 4
17810 0
17811 0
17814 6
17817 9
17823 2
17828 0
17836 4
17838 5
17842 2
17844 6
17853 5
17862 9
17870 7
17876 0
17897 9
17908 9
17909 4
17910 3
17912 8
17913 6
17917 5
17935 7
17938 0
17948 4
17950 5
17951 0
17961 2
17972 5
17978 0
17980 7
17992 5
18008 6
18010 0
18020 8
18021 4
18034 8
18039 2
18043 1
18048 4
18052 5
18053 3
18065 9
18068 5
18074 0
18089 9
18090 3
18091 6
18094 4
18097 3
18103 7
18106 5
18107 2
18115 1
18120 1
18121 6
18125 5
18137 4
18144 8
18145 4
18150 3
18159 0
18162 4
18163 1
18168 3
18169 9
18172 8
18175 0
18176 3
18177 2
18192 1
18194 3
18198 7
18204 9
18216 7
18217 7
18219 6
18220 2
18224 5
18229 1
18231 4
18234 7
18235 5
18239 9
18252 5
18257 0
18263 8
18264 5
18267 8
18269 9
18274 5
18278 2
18281 8
18284 8
18290 6
18297 3
18301 0
18303 5
18304 6
18309 1
18313 5
18319 8
18329 7
18333 3
18335 4
18350 8
18352 5
18353 3
18355 1
18357 4
18358 8
18365 5
18367 1
18368 7
18370 7
18386 1
18387 4
18391 5
18398 6
18404 7
18406 9
18419 9
18420 8
18421 1
18423 0
18426 3
18440 6
18443 3
18449 0
18450 8
18456 8
18459 3
18462 7
18465 0
18470 0
18475 4
18477 5
18483 4
18487 7
18497 7
18498 0
18501 7
18521 8
18523 9
18528 1
18532 5
18537 0
18539 4
18543 5
18544 2
18556 3
18567 0
18568 8
18570 2
18595 0
18598 8
18600 6
18603 6
18611 0
18618 2
18620 2
18625 5
18635 1
18639 7
18654 3
18661 1
18662 1
18667 6
18681 8
18687 7
18695 9
18706 7
18709 2
18733 9
18740 4
18749 7
18760 7
18763 6
18765 1
18771 5
18776 9
18780 6
18781 9
18793 1
18795 9
18799 1
18800 6
18803 3
18806 9
18808 7
18810 8
18811 9
18817 1
18818 6
18829 5
18830 2
18834 6
18835 6
18838 7
18844 6
18847 4
18848 4
18854 7
18855 3
18856 0
18857 5
18860 2
18864 7
18870 3
18872 9
18873 4
18875 7
18878 7
18879 5
18885 0
18894 4
18895 3
18899 7
18906 3
18909 0
18912 2
18920 4
18929 3
18932 0
18946 9
18958 3
18961 3
18972 9
18979 1
18986 3
18993 7
18994 9
18996 3
18997 4
19000 2
19005 2
19006 8
19010 5
19015 7
19018 7
19029 3
19036 5
19039 9
19041 2
19046 6
19048 6
19050 0
19052 4
19056 8
19066 9
19073 5
19074 3
19075 1
19079 6
19080 9
19081 1
19082 6
19086 6
19088 9
19090 9
19094 5
19097 0
19100 2
19102 6
19106 4
19116 9
19118 1
19124 3
19128 2
19131 4
19132 4
19137 6
19145 3
19147 7
19148 3
19150 1
19154 6
19155 8
19156 9
19157 9
19162 5
19166 3
19167 5
19170 3
19171 2
19173 3
19189 4
19198 4
19199 4
19208 2
19210 1
19221 2
19225 9
19230 4
19239 5
19245 4
19251 0
19254 2
19270 8
19278 6
19280 8
19289 2
19291 2
19297 7
19301 6
19305 1
19323 1
19326 4
19335 2
19336 6
19337 8
19342 1
19344 4
19350 7
19356 7
19357 1
19359 6
19362 8
19369 0
19377 3
19384 8
19386 1
19389 5
19409 1
19411 7
19415 2
19419 5
19420 8
19423 4
19429 7
19433 0
19434 9
19445 2
19451 3
19462 8
19464 2
19468 0
19473 5
19476 0
19484 6
19487 2
19490 7
19515 4
19519 3
19523 6
19527 7
19531 5
19536 4
19539 0
19540 2
19545 7
19556 9
19560 2
19565 6
19566 7
19567 4
19568 9
19575 6
19580 5
19591 8
19594 9
19599 6
19600 3
19604 0
19605 1
19609 4
19615 9
19628 8
19639 5
19645 2
19656 5
19658 4
19661 8
19665 4
19668 9
19669 6
19672 4
19679 1
19692 4
19704 3
19707 3
19708 1
19709 6
19712 5
19713 6
19724 0
19736 8
19737 0
19741 5
19749 2
19753 5
19754 1
19755 6
19761 7
19772 6
19776 0
19788 5
19790 7
19796 2
19799 6
19821 0
19837 4
19839 0
19842 5
19849 6
19850 0
19857 7
19862 2
19869 2
19871 9
19879 5
19880 7
19881 9
19890 8
19893 6
19897 5
19904 6
19913 9
19914 1
19920 8
19940 3
19948 2
19951 3
19960 5
19963 1
19968 9
19973 1
19975 0
19981 9
20005 5
20007 6
20009 1
20014 8
20028 1
20045 3
20046 9
20052 9
20056 4
20063 4
20070 2
20074 4
20090 8
20097 2
20102 7
20104 3
20106 1
20107 9
20110 7
20114 2
20115 2
20123 9
20128 3
20133 3
20140 1
20149 0
20152 7
20154 2
20162 5
20163 2
20176 3
20178 9
20184 7
20189 4
20193 1
20195 8
20200 8
20204 9
20205 7
20206 6
20207 6
20208 2
20214 4
20219 2
20222 8
20225 3
20232 0
20233 1
20239 6
20240 8
20244 6
20251 8
20252 6
20253 3
20257 8
20260 8
20264 0
20267 1
20272 9
20275 7
20276 6
20277 8
20280 6
20281 7
20285 3
20287 5
20292 0
20296 3
20303 5
20306 6
20318 4
20327 3
20328 8
20331 8
20340 2
20344 1
20345 1
20347 6
20349 8
20354 3
20356 3
20357 5
20358 0
20361 8
20363 8
20368 2
20375 2
20382 8
20390 7
20393 1
20394 6
20399 0
20404 2
20424 4
20425 0
20437 8
20441 8
20442 8
20444 0
20446 0
20449 3
20450 5
20453 8
20459 5
20462 8
20469 6
20474 3
20475 4
20478 0
20480 5
20485 7
20498 7
20502 9
20513 5
20515 1
20516 5
20518 5
20529 0
20530 3
20532 2
20537 8
20539 4
20543 5
20549 3
20555 2
20557 2
20561 3
20564 0
20570 3
20573 6
20575 7
20579 3
20580 9
20584 5
20594 2
20596 4
20597 3
20598 3
20612 5
20613 5
20615 2
20618 6
20624 2
20627 6
20630 1
20637 7
20639 7
20648 6
20653 1
20657 0
20658 4
20660 1
20669 9
20674 4
20675 7
20678 5
20687 1
20695 7
20699 2
20704 6
20726 0
20736 5
20740 1
20743 9
20745 7
20747 4
20749 5
20753 7
20761 4
20764 0
20766 3
20767 0
20769 9
20771 3
20774 7
20779 4
20782 8
20793 0
20796 5
20799 2
20801 6
20802 9
20803 5
20804 3
20807 1
20811 0
20813 7
20819 3
20829 4
20830 5
20832 8
20844 0
20845 8
20846 5
20853 1
20855 5
20857 0
20861 7
20865 6
20868 6
20869 0
20871 2
20877 5
20885 4
20892 8
20896 3
20899 3
20902 6
20903 4
20906 9
20919 3
20921 5
20930 1
20932 9
20942 9
20948 2
20964 8
20966 1
20978 9
20981 1
20986 3
20987 8
20990 7
20998 3
21004 0
21005 0
21014 6
21019 4
21023 4
21027 6
21028 3
21031 0
21041 1
21046 1
21052 0
21056 3
21061 7
21064 8
21070 1
21077 6
21079 1
21081 2
21088 9
21089 9
21090 5
21095 6
21121 2
21124 6
21127 0
21130 7
21133 5
21139 0
21140 9
21142 2
21143 1
21144 3
21146 1
21148 3
21149 9
21164 1
21177 7
21178 6
21183 7
21186 8
21191 8
21205 9
21210 1
21212 1
21220 4
21222 7
21224 7
21227 3
21228 2
21244 6
21253 5
21267 3
21275 6
21291 7
21297 4
21298 0
21303 0
21309 3
21312 0
21319 4
21330 8
21334 8
21338 8
21340 3
21341 0
21345 6
21355 7
21362 0
21368 9
21369 8
21375 8
21380 8
21387 5
21389 5
21400 2
21410 6
21412 1
21413 7
21416 7
21418 9
21419 1
21420 2
21425 6
21426 9
21429 5
21439 7
21440 7
21441 8
21446 4
21447 5
21449 4
21450 0
21451 6
21455 5
21459 9
21460 1
21467 4
21469 5
21475 8
21483 0
21495 8
21502 7
21503 5
21504 3
21507 7
21508 0
21509 3
21521 6
21526 9
21531 7
21534 2
21546 9
21553 5
21557 3
21564 4
21566 0
21571 4
21599 9
21600 5
21601 6
21603 8
21607 8
21614 6
21622 5
21624 7
21625 8
21638 7
21643 4
21648 5
21649 1
21657 4
21662 7
21664 4
21666 5
21670 4
21677 6
21684 3
21695 5
21701 1
21706 8
21712 0
21713 8
21715 8
21716 0
21718 9
21720 9
21721 7
21731 0
21733 3
21738 3
21742 3
21743 3
21748 9
21755 9
21758 1
21762 1
21763 7
21766 7
21775 6
21777 1
21784 6
21785 9
21789 0
21802 7
21811 7
21815 4
21819 5
21822 1
21826 0
21828 8
21830 0
21839 7
21849 7
21856 0
21863 3
21868 6
21869 1
21872 5
21873 8
21875 6
21880 3
21889 4
21894 5
21896 7
21898 1
21901 6
21909 6
21910 9
21911 6
21914 1
21915 7
21923 0
21924 2
21925 4
21927 6
21930 5
21933 6
21934 9
21937 4
21939 5
21942 1
21947 7
21952 2
21953 7
21960 8
21963 0
21974 9
21977 0
21983 5
21995 0
21996 2
22003 9
22004 0
22011 9
22012 4
22014 5
22017 4
22022 0
22025 7
22026 8
22043 5
22044 3
22051 8
22054 8
22056 7
22061 2
22062 9
22063 3
22066 7
22067 5
22069 0
22078 2
22081 8
22084 3
22089 6
22091 7
22092 7
22103 9
22119 4
22124 1
22127 4
22128 4
22131 7
22132 6
22136 3
22140 6
22141 1
22157 7
22163 0
22171 1
22176 7
22179 3
22190 8
22191 3
22194 2
22214 3
22222 9
22224 6
22225 9
22230 9
22232 0
22236 4
22240 1
22241 8
22244 2
22251 1
22253 6
22254 4
22257 6
22263 7
22265 5
22268 2
22271 3
22277 1
22280 3
22287 8
22294 1
22297 3
22310 9
22314 8
22319 2
22325 1
22336 8
22338 0
22342 3
22344 4
22351 8
22356 8
22358 4
22359 6
22361 2
22363 1
22365 5
22368 8
22371 1
22372 7
22375 4
22376 7
22377 6
22378 2
22382 2
22388 6
22392 9
22393 5
22402 6
22407 2
22412 6
22416 6
22425 7
22437 0
22458 8
22465 9
22478 1
22481 4
22483 4
22490 8
22491 2
22499 4
22508 3
22509 6
22510 4
22513 6
22515 1
22525 1
22531 6
22538 3
22544 5
22548 4
22555 1
22556 4
22560 4
22561 7
22564 4
22566 0
22577 2
22578 2
22579 5
22586 3
22594 6
22601 5
22607 0
22609 9
22616 0
22621 1
22628 7
22635 5
22638 1
22644 3
22649 4
22655 8
22661 2
22668 5
22672 0
22673 9
22675 0
22678 3
22681 9
22686 4
22688 1
22704 6
22727 6
22732 8
22743 7
22749 9
22751 5
22755 3
22770 9
22773 3
22777 8
22779 6
22780 9
22781 3
22782 3
22788 0
22794 6
22798 7
22800 9
22801 5
22804 8
22805 5
22807 2
22811 3
22827 4
22829 6
22833 9
22835 3
22841 5
22844 9
22846 1
22848 7
22857 9
22862 7
22869 8
22876 2
22878 9
22885 4
22893 2
22894 4
22897 5
22901 0
22905 7
22908 4
22923 5
22926 4
22929 8
22945 1
22949 3
22967 1
22968 7
22973 2
22976 4
22984 3
22986 7
22988 8
22994 1
23000 8
23007 1
23010 6
23013 9
23016 4
23024 8
23027 8
23030 4
23031 6
23032 7
23035 3
23042 3
23044 4
23050 1
23052 6
23053 2
23058 7
23061 8
23066 9
23070 6
23074 1
23079 8
23081 1
23082 2
23087 8
23094 0
23097 1
23113 9
23118 4
23119 0
23123 7
23125 1
23128 4
23131 3
23135 1
23137 8
23138 8
23144 9
23148 9
23149 4
23150 0
23157 9
23164 2
23170 2
23171 4
23172 4
23178 1
23180 9
23185 7
23194 7
23204 8
23205 3
23212 8
23221 9
23226 4
23231 6
23234 9
23244 0
23245 1
23247 5
23254 8
23257 2
23258 9
23260 8
23261 5
23263 9
23265 4
23270 5
23273 8
23276 7
23297 3
23301 9
23303 1
23305 0
23311 6
23316 9
23334 9
23337 8
23344 0
23345 0
23351 7
23356 9
23360 8
23364 6
23373 3
23381 6
23383 2
23385 2
23393 1
23399 7
23400 2
23406 5
23409 5
23411 7
23415 0
23416 6
23426 6
23430 0
23434 1
23435 2
23437 9
23439 2
23445 6
23447 1
23450 3
23451 1
23458 3
23459 4
23476 5
23483 0
23486 3
23489 8
23494 9
23496 7
23501 9
23507 3
23509 6
23517 2
23524 5
23526 6
23527 0
23529 3
23530 3
23533 5
23537 5
23550 4
23551 2
23558 3
23562 1
23576 2
23581 9
23589 1
23593 0
23596 2
23597 0
23600 1
23601 5
23605 0
23608 0
23610 7
23611 6
23636 8
23642 1
23645 2
23647 6
23662 2
23663 8
23665 2
23666 0
23679 8
23684 2
23685 8
23692 3
23695 1
23699 1
23710 3
23719 7
23730 1
23731 0
23732 5
23736 4
23744 1
23745 2
23747 7
23749 5
23752 9
23756 3
23758 5
23760 3
23765 9
23766 4
23775 9
23780 2
23793 1
23799 5
23801 1
23802 8
23826 6
23830 6
23838 3
23840 1
23848 4
23850 7
23856 1
23858 1
23870 6
23875 6
23876 1
23877 6
23895 7
23900 2
23901 6
23902 1
23909 3
23910 0
23923 9
23926 4
23934 8
23942 6
23945 8
23948 9
23949 0
23952 9
23956 5
23963 5
23967 8
23971 8
23975 1
23982 3
23987 2
23990 5
23991 2
23996 0
24010 3
24014 9
24017 7
24018 2
24022 5
24024 6
24036 6
24044 4
24053 5
24054 0
24055 0
24060 8
24061 3
24072 5
24073 2
24079 4
24084 1
24097 9
24101 1
24103 9
24105 7
24109 4
24112 1
24113 6
24115 5
24116 3
24119 7
24120 7
24130 3
24135 4
24136 6
24137 0
24144 4
24159 4
24161 8
24164 5
24172 3
24181 0
24188 5
24196 1
24198 3
24200 5
24202 7
24204 3
24205 6
24212 8
24217 0
24222 9
24225 8
24226 6
24233 0
24235 4
24240 4
24248 7
24252 2
24254 1
24256 6
24259 1
24262 4
24266 7
24271 6
24277 0
24282 4
24287 0
24292 6
24295 9
24297 9
24304 8
24312 1
24314 3
24319 1
24322 6
24323 1
24324 7
24333 1
24335 0
24347 6
24360 8
24361 4
24369 0
24370 1
24372 6
24375 3
24377 8
24379 3
24380 7
24381 2
24383 4
24387 7
24394 3
24395 4
24396 3
24399 8
24406 5
24410 2
24411 0
24414 9
24418 9
24422 8
24429 8
24432 5
24445 1
24451 9
24452 8
24454 3
24462 3
24492 2
24496 0
24498 2
24505 2
24512 4
24522 6
24528 3
24529 9
24530 1
24535 6
24543 1
24544 2
24554 6
24559 0
24565 5
24574 2
24575 7
24579 7
24581 2
24591 0
24596 4
24598 0
24601 8
24603 6
24609 2
24610 1
24612 5
24621 6
24623 5
24633 1
24636 0
24641 6
24643 3
24648 8
24650 1
24651 1
24652 9
24653 7
24654 5
24655 5
24658 2
24667 2
24674 8
24686 5
24690 8
24696 0
24701 4
24711 8
24712 3
24716 5
24717 0
24718 2
24722 8
24731 1
24732 4
24739 8
24751 0
24763 2
24775 2
24778 1
24781 0
24785 5
24787 2
24794 8
24797 1
24801 4
24827 5
24830 9
24832 4
24834 2
24836 9
24849 5
24853 4
24855 3
24858 0
24862 9
24865 0
24866 3
24867 9
24870 1
24881 4
24887 1
24891 7
24895 3
24897 9
24902 7
24935 0
24936 5
24940 3
24946 0
24951 2
24952 9
24954 2
24955 3
24958 9
24962 4
24973 8
24976 2
24978 7
24988 8
24996 3
25007 4
25009 1
25010 1
25011 2
25015 9
25019 0
25029 1
25036 2
25040 6
25044 7
25049 5
25051 2
25059 7
25061 9
25065 7
25074 9
25075 0
25085 5
25086 4
25087 1
25090 5
25098 0
25100 9
25101 4
25103 5
25104 5
25105 2
25109 2
25118 0
25124 4
25128 2
25132 5
25134 1
25138 4
25150 4
25161 4
25162 3
25165 9
25169 9
25170 1
25181 9
25187 6
25192 6
25194 2
25205 8
25212 7
25222 8
25225 5
25227 1
25234 1
25235 9
25236 5
25238 9
25241 4
25247 7
25248 4
25250 3
25251 4
25252 6
25253 5
25262 6
25264 5
25265 7
25267 6
25275 1
25277 6
25284 0
25285 5
25289 8
25305 2
25306 8
25308 4
25312 5
25318 3
25322 9
25323 3
25325 3
25337 3
25339 4
25341 9
25344 7
25347 1
25349 5
25362 8
25364 6
25371 9
25373 8
25380 0
25382 1
25388 2
25389 6
25394 4
25397 9
25399 7
25401 8
25419 3
25421 0
25424 4
25428 8
25438 8
25444 7
25459 0
25468 4
25470 9
25472 2
25477 5
25479 0
25481 3
25482 0
25488 2
25494 0
25503 2
25514 2
25517 8
25522 6
25527 1
25533 5
25538 7
25546 8
25553 2
25555 4
25562 5
25576 8
25579 9
25581 1
25589 8
25592 2
25599 9
25602 9
25612 7
25615 3
25617 9
25629 0
25633 2
25635 8
25645 4
25653 3
25661 0
25662 4
25663 5
25673 8
25688 5
25690 1
25692 8
25694 7
25701 5
25705 2
25710 2
25717 0
25720 1
25721 2
25727 3
25731 2
25737 2
25740 3
25742 8
25743 6
25744 3
25753 8
25759 8
25767 1
25771 1
25776 6
25782 6
25794 5
25797 3
25806 3
25809 5
25814 3
25815 8
25817 0
25820 5
25825 0
25827 9
25829 3
25834 7
25836 9
25841 7
25846 1
25847 6
25859 9
25863 2
25866 9
25870 6
25871 6
25880 6
25885 5
25887 4
25892 3
25901 0
25906 7
25907 3
25923 9
25930 4
25933 6
25951 2
25952 5
25956 6
25958 1
25963 5
25964 2
25967 3
25985 7
25986 5
25989 7
25992 6
25994 6
25996 0
26002 1
26006 8
26010 2
26013 6
26017 4
26018 2
26024 9
26025 7
26030 4
26038 2
26045 9
26050 1
26055 0
26059 0
26060 3
26061 3
26073 6
26081 4
26088 3
26091 1
26096 4
26099 1
26116 4
26127 4
26138 9
26141 2
26144 2
26148 0
26153 6
26161 1
26163 9
26172 6
26183 5
26185 8
26197 0
26199 8
26203 9
26204 6
26207 3
26212 2
26215 0
26218 2
26221 2
26229 7
26231 0
26233 8
26237 9
26238 9
26246 5
26253 2
26272 3
26278 4
26279 9
26280 0
26282 6
26286 6
26287 5
26291 9
26294 6
26295 6
26296 7
26307 1
26310 6
26312 8
26316 5
26318 3
26326 0
26340 8
26347 0
26358 2
26361 3
26366 3
26376 3
26377 9
26379 3
26380 0
26389 5
26392 2
26397 6
26399 7
26414 4
26423 6
26425 1
26436 6
26451 5
26453 5
26455 4
26457 5
26458 1
26463 1
26470 4
26471 4
26472 9
26473 3
26479 2
26495 8
26505 4
26508 4
26513 0
26519 2
26525 0
26527 3
26528 2
26534 2
26542 2
26544 4
26561 7
26563 7
26569 3
26572 8
26584 2
26588 8
26589 9
26591 0
26599 2
26600 4
26609 5
26614 6
26617 3
26619 3
26622 5
26627 1
26628 8
26629 7
26632 5
26633 8
26642 2
26646 5
26647 4
26648 7
26651 3
26652 7
26653 9
26658 6
26659 4
26660 2
26661 5
26667 9
26668 4
26684 8
26689 7
26691 1
26695 6
26700 0
26702 6
26703 1
26710 2
26723 3
26728 0
26733 3
26743 6
26744 2
26745 0
26750 0
26753 6
26756 5
26764 3
26769 5
26770 5
26771 5
26775 8
26777 4
26784 1
26785 7
26787 9
26789 8
26795 9
26796 9
26805 1
26808 3
26814 6
26815 1
26827 3
26831 5
26832 1
26834 4
26845 3
26851 6
26853 9
26854 1
26856 1
26869 0
26870 5
26875 2
26888 6
26898 0
26909 0
26910 9
26913 9
26919 0
26926 6
26928 0
26932 6
26933 7
26938 2
26942 0
26949 8
26953 9
26954 2
26956 0
26957 4
26958 3
26961 3
26973 9
26975 9
26976 4
26979 9
26982 9
26983 3
26987 6
26990 0
26997 3
27022 0
27026 8
27042 9
27063 1
27065 2
27073 9
27074 9
27086 5
27087 8
27089 4
27092 6
27093 2
27099 4
27109 4
27116 0
27126 8
27129 4
27137 4
27139 0
27140 4
27146 0
27150 7
27151 2
27159 8
27163 4
27164 2
27167 8
27181 6
27193 1
27196 6
27197 3
27198 2
27208 7
27211 1
27216 4
27219 0
27220 8
27228 9
27233 2
27242 4
27244 6
27246 8
27256 8
27266 4
27268 7
27273 6
27276 6
27282 1
27289 7
27290 9
27291 5
27292 0
27293 1
27297 0
27302 0
27304 5
27309 9
27310 9
27319 8
27331 2
27332 9
27334 2
27340 4
27343 2
27347 4
27356 9
27362 7
27376 7
27383 0
27384 0
27392 0
27399 4
27402 2
27411 2
27418 1
27424 0
27427 3
27428 2
27429 7
27433 6
27439 2
27440 2
27441 2
27472 2
27475 5
27479 1
27488 8
27495 4
27502 3
27505 3
27507 0
27508 2
27512 0
27513 9
27518 5
27520 2
27522 7
27524 0
27527 2
27530 1
27531 9
27534 5
27541 7
27542 5
27560 4
27561 3
27562 2
27565 5
27577 5
27582 8
27597 6
27606 2
27608 2
27612 0
27615 4
27616 2
27626 5
27631 8
27633 2
27640 0
27643 2
27653 6
27655 5
27670 9
27671 7
27681 7
27683 2
27684 0
27690 2
27691 0
27695 6
27696 3
27701 7
27707 7
27710 4
27714 7
27715 7
27717 1
27720 6
27725 6
27726 5
27734 1
27739 0
27744 7
27748 8
27764 6
27771 2
27772 9
27773 6
27775 9
27785 3
27802 2
27806 7
27825 1
27829 5
27832 2
27839 9
27840 3
27845 0
27847 1
27848 2
27849 0
27857 3
27868 3
27883 3
27885 0
27889 2
27893 0
27899 5
27904 7
27911 3
27913 2
27918 9
27922 1
27943 7
27950 7
27951 2
27957 6
27958 4
27971 4
27973 1
27976 3
27981 6
27992 4
27994 6
28000 9
28003 1
28004 4
28010 5
28012 1
28015 6
28017 1
28025 2
28027 6
28030 4
28032 7
28034 4
28040 3
28043 7
28057 1
28059 9
28063 3
28065 3
28066 7
28067 0
28072 0
28082 0
28085 1
28088 4
28090 8
28092 9
28093 1
28096 0
28110 7
28112 9
28114 6
28116 5
28117 9
28121 1
28123 8
28126 1
28135 1
28141 8
28147 0
28152 1
28155 6
28161 7
28162 8
28164 7
28167 8
28171 9
28179 5
28180 4
28184 3
28188 9
28189 6
28191 0
28195 8
28198 8
28203 1
28210 4
28211 9
28216 5
28219 0
28222 0
28223 2
28227 6
28233 4
28235 3
28236 5
28239 1
28254 2
28261 2
28268 9
28280 5
28282 2
28285 5
28292 7
28303 9
28308 7
28314 3
28318 8
28326 2
28340 9
28351 1
28363 8
28370 3
28371 5
28383 4
28393 3
28404 4
28409 2
28414 9
28419 1
28422 9
28423 7
28439 9
28443 5
28445 8
28448 2
28449 4
28453 5
28463 9
28469 9
28477 6
28479 0
28486 0
28510 0
28513 1
28529 1
28535 8
28538 6
28542 0
28550 6
28553 2
28560 5
28562 9
28567 5
28574 6
28576 6
28591 3
28597 0
28613 3
28617 3
28622 2
28624 7
28626 5
28637 4
28642 4
28643 2
28646 7
28648 9
28656 2
28665 4
28666 1
28667 1
28668 9
28669 9
28672 5
28675 9
28678 3
28693 6
28694 3
28701 0
28703 9
28708 5
28713 0
28722 1
28724 9
28726 1
28730 8
28734 8
28737 3
28738 8
28743 3
28750 6
28751 6
28754 9
28756 9
28757 3
28759 3
28769 0
28771 0
28778 4
28779 1
28781 5
28789 9
28793 0
28794 8
28800 2
28802 9
28804 4
28810 4
28828 8
28829 2
28832 1
28838 9
28842 1
28843 4
28847 4
28855 2
28858 8
28866 6
28871 3
28876 6
28883 8
28885 2
28889 9
28892 1
28898 1
28899 2
28900 3
28901 4
28907 0
28911 8
28913 1
28930 5
28944 4
28947 9
28951 1
28957 7
28968 1
28974 3
28988 3
28994 3
29002 1
29009 7
29018 1
29019 3
29027 9
29034 3
29035 3
29038 8
29052 0
29053 9
29057 4
29064 2
29074 9
29081 5
29088 0
29092 9
29096 9
29098 2
29103 1
29105 7
29118 1
29120 4
29132 2
29138 3
29146 3
29147 0
29158 8
29159 1
29166 5
29197 2
29201 5
29203 8
29205 3
29207 5
29210 1
29213 7
29214 0
29220 8
29225 9
29227 6
29230 8
29231 2
29233 0
29234 1
29235 0
29244 7
29249 7
29259 7
29266 4
29267 3
29272 9
29276 0
29287 3
29299 2
29300 3
29309 2
29320 5
29336 7
29343 7
29347 0
29348 5
29367 3
29375 3
29381 1
29385 5
29386 9
29404 5
29411 0
29412 7
29413 3
29425 7
29427 7
29428 1
29437 2
29444 4
29445 7
29452 2
29463 8
29465 7
29467 6
29468 5
29469 7
29471 1
29472 5
29475 9
29478 1
29485 4
29488 9
29497 8
29505 6
29523 9
29524 6
29527 6
29535 3
29544 6
29546 4
29548 8
29551 6
29554 4
29559 0
29562 4
29563 3
29568 0
29575 7
29593 6
29595 4
29596 4
29602 2
29604 2
29605 1
29610 0
29614 3
29615 4
29622 1
29627 0
29629 5
29631 4
29634 2
29639 7
29644 6
29645 7
29653 8
29657 3
29661 3
29663 8
29680 5
29683 0
29686 4
29688 1
29699 4
29704 6
29707 7
29708 5
29711 6
29713 2
29719 0
29721 8
29733 0
29734 7
29736 8
29742 0
29743 3
29744 9
29749 1
29751 1
29752 4
29761 6
29765 8
29771 3
29779 0
29781 0
29787 1
29795 3
29805 2
29815 5
29819 9
29826 7
29827 1
29831 8
29835 2
29838 0
29844 2
29846 1
29847 2
29852 5
29854 5
29858 8
29862 7
29885 9
29894 8
29897 6
29900 2
29901 6
29902 0
29921 9
29924 3
29927 3
29931 3
29934 2
29938 8
29943 9
29947 3
29949 2
29952 5
29953 4
29955 2
29961 1
29963 2
29965 8
29978 1
29982 9
29987 0
29988 4
29989 0
29991 0
29994 0
29995 6
30004 5
30015 2
30023 6
30025 9
30029 2
30031 0
30032 3
30041 4
30048 9
30053 9
30059 7
30061 9
30064 8
30065 4
30071 5
30075 3
30078 4
30089 2
30092 8
30104 8
30108 7
30113 2
30114 7
30117 4
30120 0
30124 9
30125 6
30129 3
30134 3
30139 6
30144 8
30145 7
30146 1
30149 4
30156 6
30157 3
30159 2
30164 0
30165 9
30168 1
30171 4
30188 1
30189 0
30190 3
30192 5
30196 3
30219 2
30222 4
30224 6
30230 9
30231 9
30232 3
30233 8
30243 5
30246 6
30261 9
30262 6
30263 3
30265 1
30270 5
30271 4
30274 1
30290 7
30293 2
30301 9
30302 1
30305 8
30306 5
30315 0
30335 3
30343 7
30351 6
30354 2
30372 3
30376 1
30396 5
30411 1
30412 0
30413 2
30414 7
30416 7
30440 1
30444 1
30455 9
30458 4
30469 5
30474 6
30475 6
30479 2
30481 4
30489 3
30494 3
30495 9
30498 9
30504 6
30507 2
30509 7
30514 9
30517 2
30525 6
30530 8
30534 8
30535 5
30556 5
30559 7
30560 3
30571 0
30582 7
30588 1
30593 7
30594 0
30601 4
30609 1
30616 2
30617 1
30624 9
30635 8
30652 5
30655 7
30660 0
30674 2
30677 6
30681 9
30692 2
30697 6
30701 4
30702 1
30713 8
30717 3
30731 1
30733 4
30734 3
30735 7
30739 4
30746 6
30751 8
30752 6
30757 1
30774 6
30778 4
30789 6
30802 5
30807 2
30811 7
30812 1
30819 6
30833 8
30838 5
30846 7
30848 2
30855 3
30858 1
30863 2
30874 8
30875 0
30880 5
30885 0
30893 6
30902 7
30910 5
30925 9
30927 8
30931 3
30944 7
30945 0
30946 5
30961 1
30982 9
30988 6
30995 9
31003 6
31004 6
31013 6
31015 1
31018 3
31023 5
31024 3
31027 0
31028 6
31034 0
31037 7
31041 5
31059 0
31060 5
31064 4
31069 4
31073 2
31078 1
31085 4
31092 6
31097 9
31105 6
31107 2
31108 0
31109 4
31117 2
31119 9
31120 3
31122 9
31124 8
31131 6
31139 9
31140 8
31144 4
31160 9
31161 1
31169 5
31170 9
31171 9
31172 2
31178 2
31182 2
31184 0
31186 8
31197 0
31205 1
31209 5
31215 9
31219 0
31222 2
31230 3
31232 7
31233 5
31235 1
31236 5
31238 8
31246 7
31250 0
31254 9
31262 4
31264 7
31265 0
31266 4
31268 9
31271 8
31280 6
31283 7
31287 2
31302 1
31303 2
31304 6
31306 8
31307 6
31324 1
31337 5
31341 8
31350 0
31356 1
31360 9
31369 1
31373 5
31374 9
31380 9
31383 8
31387 4
31389 0
31390 4
31393 6
31398 0
31400 7
31405 8
31408 2
31409 6
31414 7
31422 2
31429 8
31432 3
31435 2
31439 4
31444 0
31461 5
31462 5
31464 5
31468 9
31472 0
31475 8
31480 1
31492 0
31495 7
31503 9
31508 9
31513 9
31514 2
31515 0
31518 1
31519 4
31521 8
31525 4
31526 2
31529 3
31533 5
31540 4
31546 3
31547 7
31558 3
31566 3
31567 9
31574 2
31575 0
31576 3
31580 0
31584 4
31593 8
31598 1
31600 8
31606 4
31607 4
31608 0
31609 1
31611 7
31613 1
31620 3
31627 5
31630 2
31635 6
31638 4
31639 5
31642 2
31647 7
31654 2
31655 0
31663 1
31664 7
31670 0
31673 0
31676 7
31685 3
31691 0
31696 8
31697 4
31698 1
31707 3
31713 6
31717 0
31721 1
31724 2
31729 2
31730 3
31739 3
31742 7
31753 1
31758 8
31759 8
31760 4
31761 2
31763 4
31775 0
31787 0
31799 0
31816 0
31830 7
31839 1
31849 7
31851 5
31853 5
31855 3
31883 3
31891 0
31892 7
31893 6
31905 2
31906 4
31915 6
31925 3
31926 5
31930 1
31941 7
31955 8
31956 0
31971 8
31973 7
31974 0
31979 7
31981 0
31982 5
31984 5
31989 3
31992 5
31995 0
31999 5
32010 4
32012 4
32016 5
32019 5
32022 3
32041 7
32046 2
32049 3
32055 4
32063 0
32064 6
32066 9
32074 3
32081 6
32085 6
32088 1
32091 4
32093 0
32097 3
32102 7
32104 8
32105 2
32114 4
32115 7
32123 6
32128 5
32131 8
32147 4
32163 5
32170 5
32172 9
32175 6
32177 4
32183 3
32189 9
32194 6
32200 7
32201 0
32202 5
32204 1
32207 2
32209 3
32213 4
32216 8
32220 1
32227 7
32230 5
32241 6
32260 1
32261 6
32264 8
32269 5
32272 9
32282 8
32285 5
32289 3
32299 0
32312 8
32329 6
32334 4
32336 4
32360 4
32375 1
32376 3
32380 2
32382 8
32401 4
32411 3
32413 2
32416 6
32417 0
32424 1
32430 3
32432 2
32434 4
32445 7
32446 7
32454 2
32457 0
32461 6
32479 3
32494 7
32503 9
32509 0
32510 4
32526 9
32532 5
32553 9
32557 0
32559 2
32568 6
32574 6
32577 6
32585 6
32589 6
32593 1
32609 6
32610 0
32611 7
32616 1
32621 8
32630 7
32631 5
32641 7
32650 1
32652 2
32656 0
32665 2
32672 7
32674 5
32704 2
32722 9
32723 6
32727 3
32733 8
32734 8
32737 9
32742 6
32743 0
32748 2
32751 9
32752 9
32753 0
32756 0
32760 2
32763 9
32764 0
32769 9
32777 7
32778 7
32793 1
32803 6
32804 8
32807 0
32823 2
32827 9
32828 0
32831 4
32834 1
32837 4
32838 7
32843 1
32848 2
32854 8
32858 6
32859 0
32860 8
32862 6
32864 4
32873 7
32877 4
32881 7
32882 1
32883 6
32887 2
32889 8
32890 7
32905 6
32909 0
32911 0
32935 1
32938 4
32955 0
32968 7
32972 7
32976 4
32983 9
32985 3
32988 3
32993 4
33002 8
33005 9
33006 2
33008 1
33010 6
33011 8
33020 9
33022 9
33023 7
33025 8
33040 0
33047 6
33063 4
33065 3
33068 7
33078 9
33081 3
33088 1
33089 0
33092 1
33098 0
33100 1
33105 0
33108 8
33112 4
33114 4
33119 9
33120 0
33126 4
33127 9
33128 7
33131 1
33141 8
33143 7
33150 1
33156 6
33171 7
33181 7
33187 5
33197 5
33200 2
33202 5
33208 4
33209 2
33222 5
33239 0
33248 3
33251 4
33277 0
33278 4
33287 6
33290 6
33291 4
33296 7
33297 8
33298 5
33308 5
33310 9
33319 8
33327 3
33328 6
33330 0
33332 8
33333 6
33339 4
33345 1
33353 8
33364 4
33366 4
33368 4
33374 3
33381 7
33389 9
33394 7
33396 0
33400 3
33402 4
33405 2
33407 4
33412 7
33413 4
33414 2
33425 8
33437 2
33443 4
33444 5
33446 3
33447 4
33450 9
33461 3
33466 2
33474 3
33481 8
33482 9
33499 1
33507 7
33508 3
33509 5
33510 6
33512 8
33520 6
33525 0
33533 3
33535 7
33536 5
33540 4
33545 2
33550 0
33551 3
33572 7
33574 6
33582 2
33583 5
33587 5
33594 8
33601 2
33604 7
33607 7
33617 4
33618 8
33626 5
33634 1
33638 9
33639 5
33640 6
33647 1
33653 6
33655 1
33662 9
33666 8
33668 5
33683 9
33686 5
33707 7
33711 8
33714 0
33718 8
33722 8
33723 7
33729 8
33749 5
33762 6
33763 8
33764 4
33777 5
33797 9
33802 5
33807 9
33814 1
33816 5
33822 0
33826 7
33827 2
33830 0
33834 3
33839 4
33841 8
33845 8
33848 5
33851 9
33863 0
33864 9
33871 0
33881 9
33882 4
33886 6
33894 2
33896 6
33898 7
33900 5
33906 0
33909 8
33915 7
33918 0
33927 1
33948 7
33954 5
33961 6
33968 8
33972 7
33974 7
33975 4
33976 8
33984 0
33985 5
34002 1
34004 2
34009 7
34010 3
34011 0
34034 1
34035 4
34037 7
34043 6
34044 2
34045 7
34047 2
34055 6
34058 5
34065 7
34075 5
34077 4
34079 7
34080 3
34081 7
34083 2
34089 3
34091 9
34092 9
34093 7
34096 4
34097 8
34099 5
34106 2
34112 8
34113 2
34114 0
34116 8
34126 8
34128 7
34135 7
34142 0
34143 5
34153 6
34154 4
34166 8
34167 5
34169 6
34172 5
34182 2
34184 9
34185 2
34186 9
34187 4
34191 9
34198 7
34202 7
34206 0
34212 5
34216 8
34226 0
34230 9
34232 7
34247 1
34249 4
34257 8
34259 1
34272 4
34273 1
34277 9
34293 5
34294 1
34298 3
34302 7
34304 4
34310 2
34312 6
34324 5
34330 5
34331 5
34336 0
34337 0
34339 1
34342 1
34354 0
34361 8
34362 9
34366 6
34370 7
34372 1
34375 9
34381 4
34390 0
34396 9
34402 6
34405 4
34411 0
34420 7
34421 2
34422 4
34435 4
34440 8
34451 4
34452 7
34457 4
34466 8
34472 0
34475 2
34487 2
34489 4
34495 6
34504 7
34508 4
34509 2
34512 3
34515 1
34520 9
34521 1
34526 7
34529 6
34546 3
34548 0
34558 6
34566 7
34573 6
34574 9
34580 7
34581 8
34583 6
34592 0
34600 6
34602 0
34604 3
34606 8
34609 0
34613 5
34614 5
34615 1
34627 9
34630 6
34635 3
34636 2
34646 7
34648 5
34654 9
34662 5
34668 1
34679 7
34680 8
34683 4
34684 2
34688 4
34693 5
34703 1
34704 0
34707 4
34713 8
34714 7
34717 9
34718 6
34721 9
34725 1
34728 9
34730 5
34735 7
34740 3
34742 4
34745 7
34746 9
34750 8
34753 0
34754 2
34757 4
34764 4
34772 7
34780 3
34783 7
34786 8
34792 6
34796 8
34809 0
34813 6
34815 2
34817 4
34820 5
34821 5
34830 6
34833 9
34836 9
34839 7
34843 3
34844 9
34848 3
34849 1
34859 7
34862 6
34863 0
34876 1
34880 3
34882 8
34886 0
34887 9
34897 0
34915 9
34923 4
34925 3
34926 3
34927 2
34928 5
34935 3
34939 8
34946 0
34952 8
34953 1
34954 1
34956 9
34958 7
34959 8
34960 0
34962 9
34965 9
34966 7
34971 8
34973 1
34974 3
34983 2
34996 0
35001 9
35005 1
35010 4
35027 7
35028 5
35036 6
35045 0
35052 3
35057 2
35063 6
35064 3
35065 5
35067 0
35068 9
35076 7
35077 1
35078 9
35079 9
35091 9
35093 2
35094 1
35099 4
35101 5
35106 6
35108 5
35110 9
35113 9
35117 0
35124 7
35127 3
35128 0
35130 9
35139 0
35142 1
35148 6
35161 5
35164 3
35171 2
35172 6
35180 0
35181 1
35192 5
35193 9
35195 7
35196 3
35202 3
35206 0
35211 4
35212 3
35216 0
35225 3
35227 0
35238 2
35248 9
35252 0
35255 3
35258 3
35259 9
35262 8
35271 0
35297 6
35299 6
35304 0
35308 5
35325 4
35333 3
35341 0
35353 6
35362 1
35386 2
35388 6
35389 6
35401 3
35403 8
35406 8
35413 2
35418 1
35423 1
35424 3
35428 0
35433 1
35437 0
35445 2
35447 0
35449 9
35456 1
35463 0
35464 1
35467 2
35469 1
35480 0
35482 4
35500 6
35503 9
35504 1
35507 2
35509 1
35511 2
35527 8
35535 7
35537 6
35543 8
35546 5
35552 0
35556 4
35566 6
35569 1
35575 3
35581 2
35582 8
35583 4
35587 9
35590 8
35591 9
35596 0
35601 7
35613 0
35614 3
35619 2
35621 5
35623 0
35624 0
35629 6
35631 3
35632 8
35633 6
35634 5
35648 1
35667 8
35678 3
35692 0
35693 3
35694 8
35698 2
35708 6
35709 4
35712 7
35713 2
35715 2
35717 3
35720 3
35723 7
35726 5
35729 3
35731 8
35736 6
35744 5
35746 6
35749 8
35752 3
35769 6
35772 2
35773 7
35774 9
35775 4
35778 6
35783 9
35784 5
35787 7
35791 6
35793 1
35795 5
35800 7
35804 9
35808 4
35809 9
35811 8
35813 6
35818 6
35830 4
35833 0
35838 1
35840 8
35850 0
35860 0
35863 4
35865 4
35867 6
35869 0
35884 6
35885 1
35887 5
35889 7
35892 0
35897 2
35906 7
35908 5
35911 7
35919 7
35924 2
35930 0
35934 4
35935 0
35948 9
35949 7
35952 8
35954 5
35969 2
35971 8
35977 0
35986 2
35989 9
35992 2
35995 5
35997 1
36006 9
36007 3
36009 0
36024 7
36028 7
36029 2
36036 6
36039 6
36043 6
36044 3
36046 0
36050 3
36053 8
36056 3
36060 8
36061 3
36067 9
36072 3
36077 9
36080 2
36081 8
36084 0
36093 7
36095 8
36097 3
36099 5
36100 6
36102 4
36103 2
36119 8
36127 0
36134 5
36141 3
36149 1
36150 7
36161 4
36162 4
36176 2
36184 3
36187 2
36190 8
36194 5
36212 7
36215 6
36218 1
36222 6
36231 7
36249 9
36252 5
36258 8
36261 3
36278 1
36281 3
36284 1
36285 5
36287 2
36289 6
36291 4
36299 2
36317 7
36320 1
36324 1
36327 9
36330 6
36337 5
36350 8
36365 9
36366 8
36377 8
36380 0
36382 1
36386 7
36390 6
36391 9
36402 4
36406 7
36413 8
36414 1
36426 7
36433 5
36451 5
36457 0
36460 3
36462 9
36468 8
36470 3
36481 1
36482 9
36484 4
36485 0
36499 0
36502 5
36507 1
36512 4
36518 1
36522 9
36531 7
36535 0
36542 4
36543 8
36550 2
36553 3
36556 8
36562 6
36563 1
36567 0
36569 4
36571 6
36574 5
36581 3
36597 5
36601 4
36605 1
36614 9
36630 1
36637 3
36652 9
36657 8
36661 2
36665 8
36667 0
36668 5
36680 1
36681 0
36683 2
36684 0
36687 9
36688 0
36694 7
36699 4
36706 4
36711 6
36717 3
36731 7
36733 7
36752 3
36765 6
36766 5
36773 3
36777 1
36778 1
36784 4
36789 2
36790 5
36794 5
36797 5
36801 6
36804 6
36808 2
36818 0
36819 3
36820 4
36824 9
36831 2
36832 5
36837 7
36840 4
36842 5
36847 7
36851 8
36852 6
36854 2
36862 3
36864 0
36871 1
36875 7
36877 5
36881 4
36894 2
36897 5
36919 7
36921 1
36927 9
36932 9
36934 0
36937 2
36941 4
36944 2
36954 1
36961 2
36965 2
36966 3
36972 6
36973 4
36979 7
36990 1
36993 2
36994 0
37003 1
37004 1
37006 7
37015 1
37028 5
37034 8
37038 4
37041 5
37045 2
37050 5
37051 3
37057 4
37061 9
37073 7
37080 1
37081 5
37083 7
37095 7
37096 6
37103 7
37117 4
37122 2
37125 7
37128 4
37134 4
37137 1
37139 5
37147 3
37149 5
37155 0
37161 7
37162 6
37163 0
37171 6
37174 3
37180 7
37183 8
37188 5
37190 4
37192 1
37197 4
37207 6
37208 1
37212 0
37218 0
37224 8
37230 6
37235 7
37239 3
37250 1
37251 5
37254 8
37259 0
37261 9
37262 6
37264 8
37277 5
37278 8
37280 6
37288 6
37290 7
37295 6
37296 5
37297 0
37298 7
37303 4
37304 4
37305 5
37316 6
37327 0
37333 6
37341 7
37343 9
37354 4
37367 1
37372 3
37377 2
37380 7
37384 3
37385 6
37389 7
37391 0
37398 0
37403 7
37406 5
37408 2
37418 8
37422 4
37427 4
37443 7
37453 7
37455 9
37456 8
37458 2
37459 5
37473 9
37479 0
37481 4
37487 7
37492 6
37494 8
37508 3
37511 6
37516 7
37519 2
37526 6
37530 2
37536 4
37538 8
37545 6
37549 5
37550 2
37551 7
37556 2
37561 5
37570 5
37575 8
37586 0
37590 0
37595 9
37598 9
37607 8
37613 5
37615 3
37622 3
37629 3
37633 0
37640 6
37644 6
37651 9
37656 3
37658 8
37660 6
37664 4
37665 9
37673 3
37685 1
37688 8
37690 9
37695 0
37697 1
37706 7
37707 0
37713 3
37716 9
37727 6
37728 9
37729 5
37732 6
37734 7
37735 3
37740 4
37749 3
37756 0
37769 8
37776 4
37778 7
37785 7
37789 9
37790 0
37797 8
37800 9
37804 7
37807 6
37809 5
37811 9
37829 6
37832 9
37837 1
37838 3
37839 6
37842 4
37853 3
37854 9
37857 6
37860 0
37868 1
37873 7
37883 4
37885 4
37893 1
37901 9
37902 1
37918 5
37921 7
37926 5
37939 2
37941 4
37946 8
37956 5
37957 1
37962 4
37964 2
37974 1
37975 2
37976 6
37979 2
37981 6
37986 1
37994 0
38003 6
38014 0
38015 8
38017 0
38018 6
38021 9
38026 8
38028 2
38036 4
38039 4
38041 1
38047 5
38048 9
38054 6
38056 3
38060 9
38079 4
38080 7
38082 7
38084 5
38086 9
38098 2
38099 6
38104 0
38106 8
38110 2
38111 5
38117 5
38146 0
38148 7
38150 7
38151 4
38152 2
38153 1
38159 4
38162 5
38164 2
38168 3
38177 0
38187 5
38189 9
38190 9
38215 4
38216 9
38219 8
38223 9
38226 7
38230 2
38243 8
38245 4
38248 3
38250 5
38254 2
38257 4
38261 3
38265 6
38266 9
38269 9
38292 9
38295 4
38303 7
38306 1
38315 3
38320 1
38321 9
38324 4
38333 6
38345 4
38347 9
38354 8
38356 1
38361 7
38367 6
38372 0
38378 3
38385 7
38390 2
38393 3
38407 9
38411 3
38418 7
38420 4
38421 2
38434 3
38435 8
38441 7
38444 2
38456 7
38461 2
38463 3
38471 9
38476 1
38478 7
38479 1
38481 2
38485 8
38499 7
38505 8
38508 5
38519 7
38520 0
38527 9
38529 0
38530 2
38537 5
38540 4
38545 3
38558 1
38562 3
38566 9
38576 9
38584 8
38591 4
38592 8
38600 7
38601 8
38608 3
38609 9
38617 4
38626 5
38629 4
38633 3
38658 3
38666 9
38668 7
38671 7
38677 9
38683 1
38687 6
38689 1
38697 4
38700 6
38701 6
38709 7
38719 6
38722 3
38726 0
38728 8
38731 0
38732 0
38748 8
38751 2
38754 7
38764 6
38765 5
38774 9
38780 8
38788 6
38793 8
38822 5
38823 6
38835 1
38842 9
38844 2
38845 3
38865 0
38868 5
38875 1
38880 5
38881 9
38884 6
38894 4
38896 7
38899 0
38904 0
38909 1
38911 8
38919 6
38920 3
38921 8
38924 1
38928 6
38934 6
38935 8
38949 3
38966 1
38975 2
38998 4
39011 1
39015 1
39016 5
39017 3
39027 8
39029 8
39045 6
39046 9
39057 8
39059 8
39064 0
39070 4
39071 8
39073 4
39079 9
39083 8
39090 9
39093 1
39094 5
39095 0
39096 3
39103 8
39105 2
39108 1
39125 7
39130 4
39131 6
39137 0
39149 4
39152 5
39159 9
39160 0
39169 3
39176 6
39177 8
39182 6
39183 2
39184 6
39190 7
39196 9
39197 4
39203 5
39204 9
39206 0
39208 8
39209 8
39210 1
39222 5
39224 0
39226 2
39228 3
39235 6
39240 5
39241 4
39242 3
39244 7
39255 5
39258 4
39261 2
39263 5
39274 3
39283 9
39291 6
39295 0
39304 6
39309 6
39313 6
39315 7
39316 6
39320 0
39325 7
39327 3
39334 5
39336 1
39353 2
39354 6
39360 6
39367 6
39368 9
39376 6
39378 3
39390 8
39392 7
39407 6
39411 4
39413 8
39416 1
39417 1
39429 9
39434 5
39435 9
39439 1
39447 5
39450 2
39455 8
39460 6
39461 5
39463 0
39464 7
39465 8
39467 9
39475 6
39486 7
39495 5
39499 9
39511 4
39522 7
39526 4
39543 6
39544 0
39554 1
39560 8
39562 2
39571 0
39573 6
39575 6
39576 3
39583 8
39586 2
39591 7
39597 5
39606 2
39616 4
39621 3
39624 1
39634 1
39639 4
39641 6
39657 1
39665 0
39668 3
39685 7
39686 4
39688 7
39690 1
39692 0
39694 4
39703 5
39704 0
39713 5
39714 8
39715 1
39716 5
39721 1
39723 2
39728 0
39741 0
39753 6
39756 7
39757 0
39759 2
39762 4
39765 9
39770 2
39774 6
39782 6
39785 1
39787 6
39789 8
39793 8
39795 2
39804 8
39814 4
39815 6
39828 2
39839 8
39847 9
39850 7
39858 5
39862 4
39873 5
39876 0
39879 1
39880 4
39883 8
39887 7
39893 6
39895 4
39906 5
39912 2
39931 8
39934 6
39947 6
39959 9
39962 9
39974 3
39984 2
39987 9
39990 2
39997 2
40012 8
40014 4
40027 9
40029 7
40033 3
40036 6
40041 9
40048 1
40051 8
40057 0
40063 4
40067 3
40076 5
40089 9
40090 9
40091 0
40092 7
40100 4
40103 8
40106 5
40117 1
40120 2
40125 8
40127 7
40138 8
40139 7
40141 6
40145 0
40146 7
40155 6
40162 6
40163 4
40164 2
40175 6
40191 6
40203 5
40205 2
40209 4
40212 6
40216 9
40221 8
40228 1
40240 7
40244 9
40247 2
40248 8
40250 7
40251 5
40252 4
40256 1
40257 8
40266 2
40270 9
40273 1
40275 4
40278 4
40280 2
40283 8
40286 9
40290 2
40300 9
40303 4
40304 1
40306 9
40309 8
40315 7
40324 5
40332 7
40336 5
40338 7
40340 2
40341 0
40349 5
40350 3
40356 9
40358 2
40362 7
40372 3
40373 9
40375 5
40379 9
40381 4
40385 4
40396 7
40398 5
40399 2
40409 9
40421 0
40430 4
40433 9
40434 8
40439 4
40462 1
40465 0
40469 1
40474 2
40476 7
40477 4
40478 8
40486 0
40489 4
40491 0
40496 8
40497 8
40499 9
40505 2
40509 2
40519 3
40535 1
40545 5
40550 3
40557 1
40560 1
40561 8
40562 3
40563 1
40566 3
40574 5
40578 2
40580 1
40582 5
40591 1
40615 9
40627 4
40640 3
40646 6
40648 9
40653 7
40655 5
40656 9
40672 0
40674 9
40692 5
40696 9
40701 4
40704 5
40714 3
40717 2
40730 1
40731 6
40739 6
40743 6
40755 8
40757 0
40765 4
40769 2
40774 6
40775 9
40776 9
40777 5
40779 1
40785 9
40791 3
40795 7
40799 2
40801 3
40803 3
40808 9
40809 8
40812 2
40814 4
40816 6
40819 4
40821 3
40827 3
40850 1
40851 1
40852 9
40856 4
40857 2
40858 5
40864 5
40879 1
40880 4
40883 6
40888 2
40890 1
40903 5
40908 4
40911 1
40912 3
40918 1
40919 3
40921 5
40924 1
40925 7
40930 5
40932 2
40940 2
40941 0
40953 4
40959 4
40962 9
40966 7
40979 7
40982 0
40987 4
40995 3
40996 7
41004 4
41011 8
41015 3
41016 7
41019 2
41027 8
41033 8
41043 0
41045 7
41049 2
41053 2
41055 5
41056 8
41065 0
41072 7
41084 7
41092 3
41097 2
41099 8
41101 8
41102 9
41109 5
41115 6
41125 0
41127 9
41129 1
41137 4
41148 1
41151 1
41157 9
41158 0
41160 0
41162 0
41165 9
41169 1
41172 4
41175 3
41176 4
41184 4
41186 9
41188 3
41193 3
41196 3
41197 2
41205 6
41209 4
41211 3
41213 9
41218 5
41220 3
41226 6
41230 5
41233 5
41234 4
41236 9
41238 2
41242 2
41247 3
41249 0
41258 3
41263 6
41272 4
41283 6
41289 5
41290 8
41298 0
41319 9
41344 3
41345 2
41348 8
41350 7
41351 8
41354 1
41356 5
41364 1
41367 0
41370 9
41374 5
41378 2
41383 5
41386 2
41389 8
41413 4
41424 3
41431 1
41440 1
41449 3
41453 5
41464 7
41474 7
41476 8
41483 3
41484 3
41506 9
41512 6
41522 0
41526 9
41529 5
41530 1
41533 9
41534 0
41538 6
41542 4
41545 4
41546 4
41553 4
41556 4
41557 2
41559 2
41560 3
41564 0
41566 3
41575 8
41577 6
41586 2
41587 7
41598 7
41605 1
41608 3
41611 7
41612 5
41621 9
41627 8
41629 2
41631 4
41632 0
41634 0
41642 6
41649 3
41654 4
41655 0
41661 6
41663 2
41666 9
41667 0
41673 1
41675 6
41677 2
41681 3
41687 3
41695 2
41697 3
41701 0
41706 0
41707 3
41708 3
41719 4
41725 8
41728 6
41729 1
41737 1
41738 9
41744 3
41746 1
41749 4
41753 6
41771 5
41778 1
41782 5
41796 9
41798 2
41805 1
41806 5
41807 6
41817 0
41827 4
41832 8
41857 2
41860 3
41861 6
41864 5
41877 5
41881 6
41885 8
41908 0
41920 8
41928 7
41931 5
41932 1
41935 9
41937 8
41939 7
41945 0
41967 3
41968 3
41969 0
41972 3
41976 4
41977 7
41978 5
41987 6
42004 2
42007 5
42014 7
42016 6
42018 0
42024 6
42030 9
42032 7
42039 7
42042 7
42065 2
42067 7
42069 4
42080 0
42086 1
42093 5
42094 6
42096 0
42106 0
42108 2
42118 9
42120 6
42150 6
42153 2
42161 3
42165 7
42168 3
42169 0
42170 4
42200 5
42210 3
42221 7
42224 8
42227 4
42229 6
42236 6
42237 7
42240 0
42244 1
42246 3
42253 1
42255 8
42261 1
42274 6
42277 0
42278 0
42281 3
42286 8
42288 2
42292 7
42299 3
42303 0
42304 9
42327 1
42331 0
42340 9
42356 3
42358 3
42368 3
42370 4
42372 6
42381 8
42387 3
42392 7
42395 0
42400 6
42407 0
42409 8
42411 7
42412 4
42418 0
42456 1
42457 8
42458 0
42461 2
42462 7
42464 3
42470 2
42471 6
42473 5
42474 0
42480 6
42485 6
42493 7
42495 4
42496 9
42498 5
42507 3
42513 4
42519 2
42520 3
42525 8
42529 4
42530 8
42538 9
42540 4
42543 5
42545 7
42546 6
42548 5
42568 6
42573 4
42577 1
42578 8
42580 0
42581 7
42589 3
42590 9
42598 2
42604 6
42626 4
42632 3
42634 0
42638 3
42641 1
42647 2
42648 9
42653 2
42655 0
42660 3
42661 1
42663 3
42678 5
42679 1
42680 0
42682 7
42686 4
42691 8
42692 0
42696 0
42697 0
42702 0
42705 9
42709 2
42712 5
42713 6
42726 0
42731 1
42732 7
42733 8
42734 9
42736 9
42740 8
42745 2
42756 3
42759 2
42767 6
42768 4
42771 0
42782 1
42787 6
42800 0
42802 3
42804 9
42809 5
42815 3
42818 4
42824 1
42829 2
42830 6
42831 0
42835 5
42847 1
42850 9
42854 9
42857 8
42860 0
42872 4
42881 5
42883 1
42884 5
42885 0
42895 2
42896 7
42902 9
42903 5
42904 1
42905 7
42909 4
42925 7
42934 8
42938 3
42948 3
42960 9
42963 4
42974 8
42978 7
42980 7
42982 6
42987 6
42998 7
43019 3
43042 6
43045 7
43048 3
43053 1
43054 8
43072 2
43073 1
43074 8
43076 1
43077 3
43079 8
43089 0
43103 4
43104 2
43114 9
43118 8
43124 4
43127 4
43137 7
43143 4
43150 2
43151 9
43154 0
43158 6
43164 2
43165 8
43170 1
43174 0
43175 2
43177 0
43185 0
43186 8
43187 0
43190 7
43205 0
43211 4
43220 1
43224 9
43226 0
43227 1
43232 5
43233 8
43236 0
43238 1
43246 9
43249 8
43252 4
43258 5
43262 8
43267 8
43271 4
43281 8
43286 7
43288 9
43297 0
43307 4
43325 3
43330 8
43332 2
43340 7
43350 2
43357 0
43367 7
43374 0
43378 9
43382 1
43383 1
43389 1
43392 4
43393 1
43400 2
43401 2
43402 8
43408 3
43409 0
43412 9
43413 7
43417 4
43421 6
43424 2
43430 8
43431 7
43433 4
43436 5
43439 2
43448 5
43471 6
43475 6
43476 9
43479 9
43493 9
43497 1
43501 9
43502 2
43521 4
43524 0
43528 4
43529 5
43531 3
43533 8
43535 0
43540 1
43556 0
43569 1
43578 5
43584 2
43587 2
43589 3
43592 3
43593 6
43595 9
43605 5
43609 6
43614 8
43618 2
43622 3
43626 4
43627 2
43628 4
43633 0
43637 9
43641 4
43644 3
43647 8
43648 2
43649 4
43651 8
43657 1
43659 2
43661 3
43676 5
43680 8
43681 8
43682 7
43683 0
43691 3
43704 6
43707 9
43708 6
43725 1
43731 1
43742 1
43752 8
43754 3
43759 3
43767 1
43771 2
43780 4
43782 1
43784 1
43788 6
43794 6
43832 5
43839 5
43845 5
43871 1
43877 1
43882 4
43899 5
43903 5
43905 4
43911 2
43913 4
43916 0
43917 8
43940 8
43947 4
43953 0
43954 0
43957 7
43963 3
43969 5
43983 6
43986 7
43987 0
43988 5
43989 5
43990 6
43998 6
44017 3
44023 0
44029 6
44030 0
44045 7
44048 6
44057 1
44058 4
44060 9
44062 8
44063 5
44064 9
44066 1
44067 1
44071 5
44077 8
44078 7
44088 7
44109 0
44111 5
44114 1
44115 3
44123 3
44132 2
44136 3
44150 3
44151 8
44155 4
44158 4
44160 8
44190 7
44191 8
44193 9
44204 4
44214 6
44218 0
44223 9
44228 9
44233 6
44236 7
44239 7
44240 3
44249 8
44253 5
44254 9
44259 9
44261 6
44265 9
44268 3
44287 7
44299 5
44300 1
44302 7
44317 7
44320 8
44323 2
44331 4
44334 7
44335 6
44348 5
44351 1
44355 8
44356 1
44360 7
44364 9
44369 5
44386 2
44390 2
44391 3
44393 3
44411 7
44416 7
44418 3
44423 2
44427 5
44428 3
44441 2
44444 9
44450 2
44454 6
44464 6
44475 9
44478 2
44479 8
44482 0
44485 0
44494 1
44496 4
44502 4
44503 0
44526 3
44527 4
44530 4
44532 9
44536 3
44539 0
44541 8
44545 7
44547 5
44549 2
44554 4
44558 2
44566 7
44567 6
44572 3
44574 5
44583 4
44585 9
44599 5
44610 3
44614 5
44616 3
44622 6
44624 4
44628 6
44635 2
44638 4
44647 4
44650 2
44654 0
44660 3
44661 9
44663 7
44669 5
44670 5
44681 1
44683 7
44685 0
44696 1
44698 7
44699 1
44706 1
44709 7
44711 6
44715 4
44717 2
44719 7
44722 6
44729 5
44734 9
44739 4
44745 2
44748 7
44759 2
44764 2
44767 3
44768 1
44769 4
44770 9
44774 3
44777 6
44783 7
44787 2
44788 9
44789 6
44792 8
44794 8
44799 8
44800 4
44802 8
44813 3
44819 8
44820 7
44825 8
44827 0
44834 3
44835 3
44842 0
44858 5
44859 0
44860 1
44861 6
44870 0
44872 2
44877 0
44879 1
44882 7
44884 6
44887 5
44889 6
44898 1
44900 6
44926 5
44932 2
44933 2
44934 0
44943 1
44945 4
44952 6
44957 4
44965 5
44968 4
44972 7
44978 9
44981 2
45001 3
45010 9
45013 3
45015 0
45016 5
45020 4
45024 9
45026 8
45029 9
45035 7
45038 8
45042 4
45044 3
45052 1
45054 8
45058 9
45060 3
45069 0
45072 4
45073 2
45088 2
45104 3
45107 0
45109 6
45118 2
45126 0
45127 5
45131 9
45136 7
45137 5
45142 0
45144 0
45146 7
45148 1
45152 4
45153 0
45156 7
45158 9
45164 2
45183 1
45184 7
45188 3
45190 8
45195 0
45199 1
45203 3
45206 0
45211 2
45215 9
45216 1
45217 4
45224 1
45230 1
45246 3
45252 0
45256 8
45263 0
45268 7
45269 0
45277 9
45280 5
45286 1
45287 3
45293 9
45295 1
45307 5
45313 2
45314 9
45318 7
45320 1
45322 5
45325 2
45332 5
45333 7
45335 4
45348 9
45353 0
45374 0
45383 4
45384 3
45385 2
45387 9
45393 5
45399 3
45401 8
45406 3
45411 5
45420 8
45422 3
45428 0
45431 7
45435 6
45439 6
45443 1
45446 3
45451 8
45455 4
45457 4
45463 1
45470 6
45478 9
45486 0
45490 0
45499 3
45503 4
45504 0
45505 3
45506 6
45507 8
45508 2
45511 8
45520 4
45527 4
45530 3
45533 3
45534 9
45544 8
45546 3
45547 3
45551 3
45552 6
45553 7
45556 6
45561 5
45568 9
45577 4
45579 0
45589 8
45590 0
45607 4
45624 2
45629 1
45633 4
45636 7
45642 4
45648 7
45650 1
45653 2
45655 7
45657 1
45665 3
45676 1
45682 0
45683 9
45691 5
45695 6
45696 3
45697 5
45699 9
45701 6
45706 5
45713 7
45720 8
45722 5
45725 4
45738 5
45743 0
45747 0
45751 4
45754 2
45757 4
45763 8
45765 5
45769 4
45775 0
45782 5
45787 6
45807 5
45817 0
45820 7
45823 4
45825 4
45831 4
45837 5
45838 6
45842 6
45845 7
45848 4
45858 0
45860 8
45862 9
45880 0
45887 0
45890 7
45895 2
45905 7
45906 2
45907 2
45917 4
45918 3
45924 6
45935 9
45940 7
45941 7
45942 3
45946 4
45947 4
45957 3
45961 5
45964 1
45966 6
45968 6
45972 7
45977 4
45985 9
45991 2
45993 2
45994 2
45996 1
45997 6
45998 7
45999 8
46000 4
46002 7
46005 0
46006 4
46012 2
46013 1
46020 9
46026 0
46037 8
46038 0
46039 5
46041 3
46042 2
46046 9
46047 6
46055 6
46060 4
46064 0
46066 8
46069 9
46071 4
46073 0
46074 4
46075 2
46077 9
46085 7
46092 1
46101 7
46104 6
46115 4
46116 7
46124 4
46127 7
46130 3
46147 0
46150 5
46151 2
46157 6
46161 5
46167 3
46172 5
46188 8
46194 2
46198 8
46199 6
46203 6
46205 8
46206 5
46213 0
46215 6
46216 8
46217 8
46220 8
46222 0
46223 4
46224 4
46231 8
46234 7
46239 8
46241 2
46251 6
46262 9
46271 5
46281 8
46284 4
46285 9
46290 9
46292 3
46298 0
46302 3
46303 6
46306 3
46308 1
46315 1
46316 6
46325 4
46330 6
46331 6
46334 1
46335 4
46337 6
46354 4
46360 4
46361 6
46368 9
46373 7
46374 8
46392 5
46394 2
46396 3
46401 3
46403 4
46408 2
46409 7
46419 8
46426 2
46428 6
46435 1
46436 4
46442 5
46443 1
46447 0
46449 2
46450 6
46451 8
46456 4
46462 4
46464 1
46466 2
46468 8
46474 2
46477 7
46478 9
46482 2
46483 2
46486 2
46489 4
46490 5
46493 6
46494 3
46510 8
46514 3
46515 1
46520 5
46525 0
46526 2
46528 7
46537 3
46542 4
46546 0
46552 1
46561 2
46571 6
46574 5
46578 1
46586 7
46588 6
46590 2
46591 3
46596 5
46599 6
46600 0
46601 2
46602 4
46609 5
46611 5
46617 4
46622 3
46623 5
46624 2
46625 7
46631 7
46638 3
46639 5
46641 0
46642 0
46645 4
46649 6
46650 9
46654 3
46655 7
46664 6
46666 3
46667 4
46671 8
46672 8
46686 0
46687 3
46689 8
46709 2
46726 5
46730 6
46733 8
46743 8
46744 0
46750 6
46753 3
46757 5
46759 4
46761 4
46762 2
46767 1
46779 8
46788 8
46792 5
46797 1
46801 7
46803 6
46806 8
46807 5
46808 1
46817 6
46818 3
46820 4
46821 1
46822 8
46824 1
46829 5
46836 4
46837 0
46839 9
46843 6
46846 0
46847 2
46851 0
46852 7
46854 7
46858 2
46864 6
46883 3
46886 9
46896 9
46901 0
46904 2
46906 6
46912 8
46922 8
46928 7
46930 6
46936 4
46940 3
46941 5
46942 2
46947 1
46953 0
46957 4
46963 0
46966 4
46968 7
46970 1
46971 5
46980 0
46987 1
46996 1
47007 5
47008 0
47018 7
47020 2
47024 3
47028 0
47029 4
47034 7
47038 8
47044 0
47049 4
47054 0
47069 6
47071 0
47083 5
47084 4
47090 8
47095 1
47112 4
47113 7
47114 5
47121 5
47128 6
47129 6
47131 8
47134 4
47143 6
47152 0
47161 0
47162 4
47167 3
47182 9
47184 4
47193 7
47211 1
47217 0
47218 8
47221 6
47222 9
47225 9
47241 5
47243 3
47252 4
47259 5
47267 7
47274 2
47285 4
47288 9
47289 7
47291 9
47293 2
47297 4
47298 9
47299 0
47302 3
47303 5
47309 1
47321 2
47322 9
47323 3
47329 7
47332 8
47338 6
47339 9
47342 9
47343 7
47352 2
47353 4
47361 7
47366 4
47369 4
47372 8
47373 5
47383 8
47385 5
47386 4
47388 7
47394 5
47399 8
47402 1
47410 1
47416 7
47421 5
47426 5
47429 4
47438 2
47446 3
47451 9
47456 4
47464 5
47482 3
47485 0
47491 8
47498 3
47514 8
47516 3
47518 8
47519 8
47523 0
47525 3
47528 9
47530 7
47549 8
47552 4
47553 4
47561 0
47562 1
47568 6
47577 5
47582 7
47583 2
47590 5
47591 1
47605 5
47613 6
47629 8
47631 3
47634 7
47642 9
47644 1
47646 5
47647 8
47649 0
47659 8
47666 4
47667 9
47670 3
47671 5
47672 6
47674 8
47676 3
47677 7
47679 7
47684 1
47687 7
47705 2
47710 6
47711 5
47713 7
47714 6
47716 0
47719 6
47723 1
47726 9
47736 7
47739 2
47746 4
47748 0
47749 5
47750 3
47754 2
47755 0
47760 2
47761 4
47762 6
47765 2
47772 8
47773 0
47775 9
47776 0
47778 3
47783 0
47786 3
47796 7
47798 7
47803 6
47806 4
47815 0
47829 5
47831 8
47836 3
47842 9
47846 3
47847 3
47854 4
47858 0
47861 9
47862 9
47865 9
47876 3
47877 2
47883 7
47884 6
47888 3
47903 0
47904 3
47909 8
47915 6
47917 3
47920 7
47928 0
47940 6
47944 0
47946 7
47955 5
47966 9
47967 0
47973 0
47975 2
47983 5
47992 4
47998 6
48000 8
48011 7
48012 7
48017 6
48020 8
48034 0
48039 7
48040 7
48049 8
48050 0
48054 8
48062 1
48075 2
48077 6
48088 6
48089 6
48090 1
48092 8
48098 5
48106 4
48107 0
48116 4
48117 5
48123 1
48125 4
48130 1
48134 0
48135 8
48138 7
48141 4
48145 2
48146 4
48151 8
48158 6
48162 4
48165 5
48169 0
48170 1
48176 2
48184 2
48189 7
48190 2
48195 7
48199 9
48203 2
48205 8
48208 9
48211 7
48214 7
48216 8
48221 8
48226 1
48227 7
48234 2
48235 8
48238 6
48239 8
48241 4
48250 8
48253 6
48258 4
48264 2
48270 3
48282 3
48288 7
48292 3
48293 4
48302 1
48305 2
48307 0
48309 9
48310 8
48314 8
48321 1
48333 2
48337 9
48345 4
48347 1
48349 8
48353 6
48369 8
48370 3
48374 3
48378 3
48385 1
48386 4
48387 3
48388 8
48395 2
48397 0
48400 8
48402 5
48407 8
48410 9
48411 7
48414 7
48415 1
48419 6
48435 6
48439 5
48441 5
48443 0
48444 9
48464 3
48466 8
48469 6
48488 0
48491 3
48497 4
48502 6
48509 5
48512 4
48519 3
48525 9
48526 7
48531 4
48536 9
48537 9
48538 6
48546 5
48549 5
48556 3
48562 7
48570 3
48573 0
48581 4
48583 4
48584 7
48590 5
48594 3
48598 8
48599 4
48603 9
48606 4
48609 8
48614 0
48619 3
48622 8
48625 2
48629 4
48638 4
48639 5
48642 5
48646 5
48648 5
48650 9
48653 7
48654 5
48661 3
48667 5
48669 9
48674 4
48675 5
48677 9
48682 0
48683 6
48697 8
48698 6
48707 1
48710 8
48721 3
48723 1
48727 1
48730 9
48736 3
48739 0
48741 9
48744 5
48746 7
48747 7
48756 9
48757 2
48758 9
48759 6
48763 9
48770 3
48776 9
48779 7
48787 2
48789 2
48791 6
48802 2
48807 6
48817 3
48826 6
48827 2
48833 0
48835 6
48841 2
48842 9
48849 0
48850 9
48853 9
48871 7
48876 3
48879 1
48884 2
48889 9
48892 8
48893 4
48897 8
48898 4
48907 0
48909 9
48917 7
48921 2
48922 8
48925 1
48934 0
48938 2
48946 5
48955 8
48958 2
48961 1
48965 2
48967 0
48970 9
48974 3
48977 1
48986 3
48988 8
48999 5
49002 2
49004 5
49005 1
49007 9
49008 9
49016 8
49019 2
49022 8
49025 7
49027 5
49039 2
49045 2
49049 4
49051 8
49066 3
49069 7
49077 6
49078 1
49080 3
49081 2
49098 0
49099 7
49101 5
49104 7
49109 1
49121 6
49131 1
49136 7
49137 5
49144 2
49145 8
49147 2
49153 4
49155 4
49159 9
49160 2
49184 0
49189 7
49193 7
49194 1
49196 2
49197 5
49202 9
49204 3
49212 9
49217 4
49220 0
49221 8
49222 8
49225 5
49226 9
49228 1
49234 7
49235 5
49240 1
49243 3
49244 7
49254 2
49258 6
49265 9
49266 6
49271 7
49283 6
49295 5
49296 7
49312 3
49321 4
49324 7
49327 1
49330 3
49331 7
49334 2
49336 1
49343 5
49344 9
49352 3
49356 2
49360 5
49371 6
49376 2
49382 2
49383 8
49384 4
49386 2
49394 2
49410 6
49413 6
49414 0
49421 5
49429 2
49433 8
49439 7
49447 0
49452 1
49454 9
49462 3
49463 6
49467 1
49470 3
49471 9
49490 1
49498 9
49501 7
49502 3
49512 5
49516 8
49520 4
49523 3
49533 5
49542 6
49543 1
49545 0
49549 8
49554 5
49561 0
49579 4
49582 4
49586 1
49596 4
49612 4
49614 2
49617 7
49619 1
49627 1
49638 1
49645 9
49647 1
49649 3
49650 2
49651 6
49660 1
49673 4
49683 0
49691 8
49696 2
49699 8
49700 4
49703 0
49714 2
49721 7
49722 8
49728 5
49729 7
49745 3
49748 2
49750 0
49751 7
49758 9
49764 5
49772 1
49784 3
49786 9
49787 8
49812 8
49814 2
49820 6
49825 8
49828 6
49859 0
49860 2
49871 2
49880 1
49883 6
49887 3
49893 0
49900 8
49909 2
49929 2
49950 8
49975 4
49976 1
49988 0
49990 1
49995 7
49999 2
