5 0
6 9
8 1
14 4
35 3
37 0
40 8
55 4
57 6
58 5
59 7
65 9
68 8
74 7
84 8
87 4
89 3
101 7
106 5
114 3
133 9
137 3
139 1
142 0
145 2
148 8
153 9
154 3
158 8
162 3
167 8
170 2
180 7
185 4
197 9
199 1
207 0
211 1
219 7
220 3
224 9
225 6
233 8
234 9
235 1
241 4
255 3
256 1
257 0
272 0
283 0
291 6
293 4
297 9
298 3
306 2
315 4
318 8
320 9
322 8
323 2
324 1
326 9
340 1
341 7
342 5
345 5
346 7
347 9
359 4
361 2
367 7
384 4
390 0
393 8
394 6
395 8
405 4
407 8
411 5
414 5
418 3
419 5
420 7
424 0
425 8
430 3
436 6
437 4
459 9
470 5
472 7
476 5
480 6
489 0
490 9
493 6
494 9
495 5
500 6
504 6
513 3
532 8
537 4
543 3
550 2
551 0
555 4
563 7
567 2
572 2
578 9
585 6
588 5
590 7
597 8
612 3
618 5
622 3
625 2
629 7
634 4
639 4
641 9
653 3
666 0
668 6
673 0
677 0
680 5
685 2
689 3
695 6
707 4
708 3
711 6
712 0
714 6
716 7
718 4
723 5
733 7
737 1
749 3
751 0
753 4
754 1
755 8
757 3
758 9
768 7
770 5
779 6
784 8
790 3
794 2
795 2
800 1
802 6
803 0
805 0
807 2
808 0
809 7
816 2
822 4
826 2
841 5
843 3
848 4
849 0
851 3
854 9
857 5
858 3
863 4
869 1
871 6
875 6
883 6
884 1
886 2
889 0
894 0
895 5
897 7
907 8
912 3
914 2
922 9
929 1
930 5
933 3
934 0
936 4
947 8
949 4
950 0
954 4
956 5
958 7
960 9
964 3
967 0
969 9
977 2
980 5
983 7
1005 7
1006 6
1009 1
1010 7
1011 6
1015 0
1023 2
1034 5
1036 5
1047 9
1049 5
1053 3
1058 0
1064 0
1066 7
1078 2
1084 9
1097 3
1102 6
1104 2
1106 6
1108 1
1117 7
1122 7
1123 4
1130 8
1131 2
1135 5
1140 0
1146 9
1148 7
1155 0
1173 5
1174 2
1186 8
1193 8
1197 8
1202 1
1209 3
1224 3
1226 2
1229 2
1230 2
1232 7
1234 5
1239 5
1240 6
1243 3
1244 0
1247 4
1249 3
1252 0
1253 8
1256 9
1257 2
1258 4
1260 7
1264 2
1268 5
1278 3
1279 4
1289 0
1293 3
1302 6
1303 2
1306 4
1307 0
1311 2
1316 9
1322 3
1323 4
1324 6
1327 2
1335 2
1336 0
1337 0
1340 4
1349 7
1354 1
1355 6
1364 4
1370 0
1373 7
1383 6
1388 5
1390 0
1394 4
1400 2
1402 7
1407 9
1409 3
1413 8
1415 5
1425 9
1430 5
1431 4
1432 2
1440 9
1444 6
1449 9
1454 8
1455 3
1466 9
1467 7
1471 6
1478 5
1485 3
1488 2
1491 0
1492 0
1493 2
1495 5
1503 7
1510 8
1514 4
1530 3
1535 6
1539 7
1554 0
1555 5
1560 1
1562 5
1564 0
1568 5
1571 4
1575 2
1587 8
1595 7
1600 8
1601 1
1602 8
1604 5
1611 3
1614 9
1616 4
1618 9
1620 3
1622 8
1628 8
1632 1
1635 2
1639 0
1648 2
1661 1
1667 8
1668 3
1679 6
1685 1
1702 6
1703 9
1706 0
1714 1
1721 9
1725 4
1727 5
1735 0
1748 1
1749 5
1752 9
1756 0
1759 8
1761 4
1767 3
1770 5
1774 4
1775 1
1780 3
1808 2
1816 9
1822 0
1826 3
1832 6
1843 3
1844 0
1853 4
1854 4
1858 8
1869 4
1874 0
1877 3
1881 3
1882 7
1884 5
1891 9
1893 3
1903 9
1905 9
1908 4
1909 8
1917 0
1925 8
1939 1
1950 1
1951 6
1952 6
1957 5
1962 5
1964 3
1973 4
1985 6
1992 1
1994 9
1995 0
2000 6
2003 4
2009 4
2013 8
2016 7
2018 5
2026 8
2029 2
2031 4
2034 6
2037 0
2038 2
2039 5
2044 8
2045 4
2048 8
2062 5
2069 7
2084 0
2086 5
2089 6
2092 1
2099 5
2102 2
2105 7
2107 8
2113 5
2114 0
2116 9
2117 7
2119 9
2121 0
2129 6
2131 9
2133 9
2143 2
2152 9
2158 4
2160 4
2163 6
2164 0
2167 2
2168 1
2172 5
2180 5
2182 4
2184 0
2188 7
2193 8
2195 9
2197 7
2204 2
2209 8
2211 4
2217 0
2221 5
2227 8
2229 5
2238 6
2241 4
2243 4
2252 8
2258 7
2265 5
2266 2
2272 2
2285 5
2298 1
2304 5
2305 1
2308 3
2320 9
2322 9
2326 1
2327 1
2333 5
2341 2
2351 7
2363 8
2367 6
2368 1
2369 1
2370 8
2372 6
2374 6
2376 8
2379 8
2384 8
2385 8
2389 9
2391 2
2392 1
2395 3
2397 6
2398 0
2400 9
2403 3
2407 5
2409 8
2410 0
2416 0
2417 9
2438 5
2443 2
2451 7
2457 6
2461 3
2462 7
2463 6
2471 0
2473 8
2480 3
2481 1
2484 6
2492 1
2493 1
2505 6
2510 4
2511 6
2512 2
2514 6
2516 9
2520 2
2526 2
2538 8
2545 2
2558 4
2560 1
2564 1
2568 2
2571 2
2572 4
2573 9
2582 4
2586 3
2594 0
2595 7
2598 5
2604 1
2627 7
2631 7
2636 1
2638 4
2642 3
2654 5
2658 7
2668 2
2669 9
2670 5
2671 0
2672 9
2675 6
2678 9
2682 6
2689 0
2690 9
2694 8
2695 2
2698 1
2700 1
2704 4
2705 1
2708 1
2712 3
2723 4
2726 3
2733 0
2746 8
2752 9
2756 5
2763 8
2765 6
2780 3
2782 0
2784 3
2786 7
2799 4
2800 5
2801 8
2803 7
2816 1
2818 6
2821 8
2827 0
2829 2
2836 7
2843 9
2846 5
2850 2
2857 2
2867 4
2875 9
2878 5
2881 6
2882 1
2886 0
2889 2
2890 4
2911 8
2913 8
2915 7
2923 0
2925 4
2930 6
2941 5
2942 0
2945 4
2948 7
2949 1
2952 7
2962 1
2963 4
2964 1
2967 5
2986 1
2994 4
2995 0
3000 5
3010 3
3018 8
3020 0
3024 1
3028 9
3032 2
3033 0
3034 8
3039 0
3048 2
3051 6
3057 8
3070 2
3073 7
3076 5
3077 6
3079 4
3082 3
3085 7
3095 4
3096 1
3102 5
3106 0
3107 1
3119 9
3126 6
3129 7
3131 4
3138 2
3143 1
3144 5
3148 7
3149 1
3156 7
3163 0
3171 9
3172 5
3175 6
3181 6
3186 9
3199 3
3207 9
3215 7
3224 3
3225 1
3241 8
3245 6
3248 7
3249 7
3252 3
3256 3
3261 0
3263 8
3264 7
3269 2
3270 2
3271 2
3272 8
3274 0
3277 7
3280 7
3282 8
3284 1
3304 9
3312 0
3314 5
3315 6
3319 9
3326 8
3333 9
3336 3
3340 2
3346 0
3348 0
3358 2
3362 6
3370 7
3371 2
3380 0
3381 3
3384 5
3388 8
3389 3
3390 4
3403 0
3412 9
3415 9
3416 8
3417 0
3430 9
3449 1
3455 8
3457 6
3458 0
3463 8
3470 7
3475 0
3481 2
3492 7
3494 0
3495 3
3500 8
3504 9
3509 3
3512 4
3515 2
3519 8
3522 9
3525 1
3527 0
3537 2
3538 8
3541 4
3542 0
3557 8
3558 8
3562 7
3565 4
3568 6
3571 4
3582 1
3600 1
3601 0
3603 8
3608 3
3623 8
3625 1
3631 9
3632 9
3633 5
3638 7
3649 5
3653 0
3660 9
3662 0
3665 3
3666 6
3673 8
3675 7
3678 6
3684 0
3687 8
3689 1
3690 2
3692 1
3694 5
3696 7
3700 8
3701 8
3702 7
3704 1
3708 8
3710 4
3713 5
3717 0
3725 2
3730 3
3735 6
3736 9
3739 8
3740 3
3764 9
3765 1
3772 9
3775 7
3778 4
3785 0
3788 5
3796 0
3799 4
3801 5
3804 9
3806 0
3807 5
3811 8
3818 4
3819 4
3827 7
3832 9
3841 1
3847 0
3872 3
3879 3
3880 1
3883 1
3884 3
3885 1
3887 7
3889 1
3895 2
3896 3
3903 7
3907 8
3912 1
3919 9
3928 1
3931 2
3946 6
3959 4
3963 9
3976 8
3977 4
3978 1
3981 1
3982 5
4002 2
4010 4
4011 4
4013 3
4016 5
4017 8
4019 8
4022 8
4023 3
4029 9
4030 7
4036 3
4045 5
4056 6
4061 1
4075 8
4080 6
4083 2
4092 1
4101 8
4104 2
4105 8
4110 4
4113 8
4116 0
4117 6
4130 9
4132 7
4144 2
4146 4
4157 4
4161 6
4165 8
4166 2
4170 4
4182 0
4187 6
4195 0
4211 3
4214 3
4216 2
4219 5
4227 9
4231 2
4241 0
4242 5
4244 2
4246 7
4249 4
4252 2
4259 4
4265 7
4271 2
4273 4
4274 0
4275 6
4283 5
4285 5
4287 2
4288 8
4289 7
4295 6
4297 0
4301 9
4305 2
4311 4
4313 0
4315 4
4324 8
4325 9
4333 4
4338 7
4347 8
4348 4
4360 3
4365 4
4368 9
4372 4
4382 1
4386 6
4390 6
4394 6
4398 7
4400 9
4401 5
4406 1
4416 0
4426 6
4427 5
4441 9
4447 6
4450 9
4459 5
4461 3
4462 9
4467 0
4470 7
4473 0
4476 3
4479 4
4487 4
4501 5
4506 8
4507 3
4514 7
4518 6
4533 3
4538 2
4539 7
4543 4
4545 1
4546 9
4560 6
4568 9
4574 6
4575 5
4579 0
4584 8
4589 1
4596 0
4598 4
4601 4
4603 7
4609 8
4624 5
4627 9
4642 1
4643 4
4651 9
4664 6
4679 8
4681 3
4685 1
4688 2
4690 6
4701 0
4702 1
4703 0
4709 3
4711 5
4716 7
4717 4
4718 2
4721 8
4725 7
4729 2
4731 5
4740 8
4743 2
4744 8
4745 6
4754 2
4755 3
4761 1
4762 0
4771 3
4778 9
4779 3
4792 2
4795 3
4796 5
4806 1
4808 4
4815 2
4822 2
4826 3
4829 4
4831 7
4832 0
4834 5
4843 4
4846 3
4855 7
4857 3
4858 6
4864 0
4867 1
4868 3
4875 1
4890 9
4895 4
4899 3
4908 1
4910 8
4914 3
4919 5
4921 2
4922 8
4933 4
4945 8
4950 6
4951 5
4952 5
4958 7
4963 8
4965 3
4972 4
4973 6
4975 7
4977 5
4993 2
4994 2
5007 9
5008 8
5041 1
5044 2
5045 4
5046 4
5051 5
5057 4
5059 2
5060 6
5062 4
5064 4
5071 7
5075 2
5081 4
5084 4
5087 9
5089 7
5095 9
5098 4
5108 3
5116 3
5118 4
5119 8
5121 9
5122 8
5124 5
5125 8
5133 6
5140 4
5141 7
5143 8
5144 0
5155 4
5156 8
5164 4
5167 7
5170 2
5174 4
5177 5
5191 1
5196 2
5198 3
5203 5
5205 2
5206 1
5207 0
5208 6
5211 2
5215 0
5216 6
5227 3
5229 9
5231 4
5243 8
5246 6
5255 9
5258 2
5260 6
5266 8
5283 1
5288 3
5296 8
5304 2
5312 2
5314 2
5322 7
5336 5
5344 5
5356 0
5363 6
5367 8
5370 6
5383 2
5386 0
5388 3
5389 7
5391 4
5392 9
5395 3
5400 4
5403 0
5421 8
5423 2
5430 4
5431 0
5440 6
5441 2
5447 0
5452 3
5470 2
5478 8
5480 5
5485 7
5489 5
5490 6
5491 3
5492 2
5511 8
5513 4
5528 2
5538 6
5541 8
5542 6
5557 8
5559 4
5565 1
5574 1
5575 9
5577 6
5580 8
5581 6
5590 3
5591 0
5593 3
5595 8
5596 7
5601 4
5602 5
5604 8
5606 3
5607 9
5609 4
5619 6
5622 0
5628 2
5630 7
5635 0
5642 6
5651 9
5655 9
5657 5
5658 6
5659 9
5664 5
5665 1
5670 7
5672 7
5673 1
5675 9
5683 6
5685 5
5687 0
5689 8
5692 3
5706 6
5709 7
5714 4
5715 0
5716 1
5722 9
5729 0
5730 2
5735 3
5736 1
5737 0
5742 3
5756 3
5760 9
5762 1
5767 9
5771 5
5773 0
5775 6
5778 5
5782 9
5786 8
5790 3
5799 9
5801 0
5803 2
5815 5
5835 0
5849 0
5850 7
5851 3
5863 4
5867 4
5870 6
5879 0
5880 9
5882 9
5887 1
5890 3
5891 4
5892 6
5906 7
5909 8
5910 0
5915 1
5928 7
5929 3
5949 3
5953 5
5960 7
5962 1
5966 2
5970 4
5987 4
5998 5
6000 1
6001 9
6005 3
6007 7
6011 5
6015 3
6018 1
6019 7
6022 8
6023 8
6024 7
6026 6
6028 3
6030 9
6032 6
6035 1
6036 0
6038 6
6047 1
6050 6
6057 0
6062 6
6063 0
6065 3
6081 0
6091 8
6105 3
6108 2
6112 7
6119 0
6132 2
6140 0
6142 4
6143 4
6147 1
6149 5
6150 0
6151 5
6153 7
6154 4
6161 6
6168 0
6174 2
6177 3
6178 8
6181 7
6182 0
6189 8
6196 9
6201 0
6203 7
6206 3
6216 8
6220 2
6224 1
6227 5
6239 9
6240 7
6248 8
6249 6
6254 7
6260 7
6265 6
6269 7
6277 1
6280 3
6286 3
6287 5
6291 8
6313 3
6328 6
6331 7
6344 5
6363 1
6366 3
6367 4
6369 3
6373 4
6383 4
6391 7
6394 0
6404 5
6405 9
6413 0
6414 8
6420 2
6424 4
6428 5
6435 5
6444 2
6446 9
6447 9
6460 4
6469 7
6471 4
6476 3
6482 4
6483 8
6484 6
6486 8
6487 9
6490 2
6498 2
6499 8
6502 9
6504 6
6506 9
6508 5
6509 6
6512 8
6524 8
6525 8
6526 4
6527 1
6529 5
6534 3
6540 2
6544 4
6554 9
6557 2
6561 3
6576 9
6588 1
6592 1
6594 9
6597 1
6604 7
6605 7
6606 8
6611 3
6616 4
6648 4
6649 7
6655 8
6660 6
6667 6
6671 2
6674 5
6681 1
6685 4
6692 2
6701 8
6702 6
6707 8
6716 2
6726 0
6732 6
6733 7
6735 1
6736 8
6740 1
6741 2
6742 2
6744 0
6759 4
6760 7
6765 0
6776 5
6782 1
6785 1
6786 4
6787 9
6791 5
6795 7
6796 1
6804 4
6819 5
6820 0
6821 3
6823 4
6825 4
6826 9
6831 4
6833 7
6840 1
6847 0
6853 8
6856 3
6863 9
6873 7
6880 5
6883 7
6884 7
6885 7
6890 6
6891 2
6893 4
6901 8
6904 8
6909 5
6911 7
6912 4
6913 2
6915 0
6916 9
6921 3
6945 0
6948 5
6956 1
6957 6
6960 9
6961 8
6964 3
6973 2
6976 7
6979 5
6981 6
6990 5
6993 9
6995 7
7003 0
7009 8
7011 2
7018 5
7023 1
7024 0
7026 6
7028 4
7030 4
7034 9
7046 4
7048 4
7054 5
7064 2
7067 1
7068 9
7073 0
7078 0
7088 3
7089 0
7098 6
7099 3
7106 8
7108 9
7114 1
7119 0
7124 8
7132 6
7134 2
7148 3
7159 5
7164 3
7165 8
7173 4
7180 4
7181 2
7183 1
7185 1
7186 9
7191 4
7192 4
7198 5
7211 3
7218 1
7219 5
7230 4
7231 6
7234 9
7237 0
7241 1
7257 4
7259 6
7271 5
7276 3
7293 8
7299 4
7316 2
7337 6
7341 1
7349 9
7351 8
7358 3
7362 2
7368 6
7378 2
7379 8
7381 6
7390 3
7393 3
7395 6
7396 1
7408 7
7409 6
7413 5
7414 7
7416 3
7423 1
7430 9
7434 8
7436 5
7437 0
7449 1
7453 3
7457 1
7458 2
7462 9
7463 6
7467 9
7468 5
7471 3
7472 2
7476 7
7495 0
7506 8
7512 8
7513 5
7516 3
7518 1
7520 8
7524 7
7525 0
7547 7
7560 4
7562 0
7568 3
7574 7
7577 1
7585 6
7587 9
7593 1
7597 6
7598 1
7604 1
7609 0
7611 1
7618 6
7623 2
7628 2
7633 0
7640 9
7641 4
7642 2
7649 4
7650 1
7652 4
7653 0
7661 5
7663 8
7674 7
7688 1
7699 8
7709 5
7710 9
7716 5
7722 4
7723 8
7742 2
7772 5
7775 3
7776 4
7778 3
7786 1
7791 6
7793 1
7794 2
7804 9
7805 8
7806 5
7811 5
7817 9
7825 9
7826 4
7829 6
7831 3
7833 2
7835 2
7836 0
7838 1
7848 2
7862 2
7865 9
7873 7
7890 0
7910 0
7912 7
7914 4
7919 0
7933 3
7951 9
7952 6
7960 8
7964 9
7976 9
7989 3
7993 8
7997 8
8004 9
8005 2
8007 7
8011 4
8024 0
8029 8
8031 0
8033 7
8039 4
8040 9
8045 2
8047 9
8065 3
8066 0
8067 1
8071 2
8080 3
8081 5
8089 4
8100 8
8101 9
8102 4
8108 0
8112 8
8115 2
8117 3
8124 2
8138 3
8142 2
8153 2
8163 9
8166 0
8178 8
8182 9
8184 3
8187 8
8191 3
8200 8
8201 8
8202 8
8206 1
8210 6
8211 9
8214 1
8225 7
8228 6
8229 1
8238 3
8242 9
8261 0
8265 3
8269 1
8270 6
8271 7
8272 2
8276 6
8279 2
8282 0
8289 9
8296 8
8298 8
8301 5
8302 0
8303 4
8322 8
8340 8
8344 7
8349 1
8350 8
8352 5
8355 6
8356 1
8360 0
8364 4
8367 0
8368 3
8379 1
8388 7
8395 0
8401 1
8405 3
8412 4
8420 0
8422 6
8423 0
8426 7
8429 4
8436 5
8437 2
8438 8
8439 3
8442 2
8445 6
8448 2
8454 4
8455 1
8456 7
8457 3
8467 0
8472 2
8473 7
8477 4
8485 0
8489 4
8494 2
8495 2
8500 3
8501 6
8502 8
8505 0
8511 9
8512 7
8515 6
8520 8
8530 1
8533 6
8538 7
8542 1
8549 3
8567 1
8573 5
8578 1
8591 7
8592 2
8597 4
8600 6
8602 6
8612 9
8617 4
8619 3
8620 4
8622 4
8627 8
8629 2
8641 3
8642 6
8648 0
8655 1
8657 0
8662 0
8668 7
8673 4
8684 0
8690 4
8692 9
8700 3
8703 8
8711 8
8714 4
8717 5
8735 7
8738 5
8745 8
8746 8
8747 0
8756 7
8759 2
8761 9
8766 9
8767 7
8768 1
8781 7
8784 1
8795 6
8797 1
8805 9
8809 8
8815 9
8816 5
8819 0
8835 1
8837 0
8843 8
8845 0
8847 8
8854 9
8856 5
8862 5
8866 4
8867 5
8887 8
8890 1
8896 5
8911 3
8922 3
8923 9
8925 1
8927 1
8929 4
8931 4
8935 7
8936 1
8937 1
8943 8
8945 0
8947 1
8952 3
8953 4
8964 4
8971 4
8972 4
8975 4
8984 0
8993 2
9002 7
9005 1
9008 8
9010 0
9015 4
9023 6
9029 3
9031 4
9058 8
9060 9
9070 2
9074 1
9080 0
9086 5
9093 6
9094 1
9103 2
9106 6
9108 4
9121 1
9127 5
9131 5
9132 6
9133 3
9137 6
9153 3
9157 2
9159 3
9164 8
9167 0
9176 0
9181 5
9183 4
9198 9
9206 4
9212 2
9213 6
9214 6
9215 1
9233 8
9241 1
9249 4
9262 6
9263 0
9266 4
9269 2
9275 7
9281 8
9283 0
9288 4
9290 4
9291 1
9305 8
9306 1
9314 4
9315 3
9335 7
9342 8
9350 9
9355 2
9356 9
9358 1
9359 6
9361 5
9365 2
9366 5
9367 2
9379 3
9382 1
9383 3
9385 5
9390 5
9393 9
9395 5
9405 8
9406 4
9411 9
9414 1
9416 4
9428 4
9430 3
9432 2
9434 0
9437 1
9448 7
9453 0
9455 0
9460 9
9484 0
9485 9
9491 0
9492 9
9503 0
9507 3
9508 8
9513 8
9521 5
9523 3
9525 2
9528 6
9532 4
9533 4
9537 3
9542 2
9544 9
9548 1
9550 7
9551 0
9552 6
9554 7
9565 8
9573 8
9579 8
9580 1
9584 0
9585 9
9596 9
9600 2
9602 0
9606 3
9609 7
9613 5
9618 1
9619 6
9633 0
9634 8
9635 5
9639 4
9641 2
9642 9
9644 5
9663 1
9670 6
9682 1
9689 0
9694 0
9699 3
9700 1
9702 4
9706 5
9708 9
9709 3
9714 6
9723 9
9738 8
9749 5
9752 0
9753 9
9754 4
9759 2
9760 2
9769 1
9779 0
9781 7
9808 7
9813 7
9823 0
9825 5
9828 9
9831 4
9835 6
9836 8
9844 2
9848 7
9868 6
9870 3
9876 3
9880 7
9886 6
9888 0
9889 0
9890 4
9892 2
9896 9
9897 6
9899 9
9900 7
9902 3
9904 5
9910 4
9917 6
9921 1
9924 3
9926 7
9931 1
9932 3
9939 3
9952 9
9958 4
9964 5
9970 5
9971 8
9972 3
9987 4
9993 4
9996 2
9997 5
10008 5
10019 8
10025 5
10028 6
10029 0
10039 2
10044 1
10047 3
10049 7
10055 9
10058 5
10060 6
10061 2
10062 0
10066 5
10076 0
10081 1
10095 2
10106 8
10107 4
10112 8
10116 0
10119 4
10123 3
10129 6
10133 6
10134 2
10136 6
10138 6
10143 5
10144 4
10149 8
10152 0
10153 9
10162 3
10163 5
10164 0
10165 8
10166 2
10167 9
10181 1
10186 2
10192 8
10193 7
10200 2
10203 5
10210 7
10215 7
10218 4
10224 6
10225 6
10230 4
10231 2
10236 5
10238 7
10244 8
10247 0
10252 7
10258 1
10261 4
10265 1
10268 4
10271 4
10279 9
10283 1
10285 8
10294 8
10295 0
10296 7
10302 6
10303 5
10309 6
10316 4
10321 1
10325 8
10329 9
10331 4
10341 0
10361 0
10363 8
10372 3
10374 7
10379 0
10380 9
10396 9
10400 3
10402 6
10409 5
10410 0
10414 6
10420 5
10425 9
10434 7
10435 1
10439 9
10442 4
10450 5
10453 4
10456 7
10457 4
10461 9
10481 3
10487 3
10494 7
10497 5
10502 1
10510 3
10513 5
10517 8
10524 9
10532 2
10535 5
10536 1
10547 0
10557 0
10566 0
10570 9
10573 3
10576 0
10577 7
10579 8
10587 8
10598 9
10601 1
10614 3
10616 7
10619 7
10623 9
10633 8
10636 0
10644 0
10647 7
10650 6
10655 2
10663 0
10678 5
10687 8
10690 8
10692 7
10698 5
10707 5
10738 4
10747 7
10755 9
10757 5
10759 6
10765 2
10766 2
10768 3
10776 6
10777 2
10785 4
10790 7
10801 5
10817 3
10818 9
10826 3
10827 3
10831 6
10843 7
10847 8
10851 8
10852 4
10853 7
10857 8
10862 9
10869 8
10881 0
10890 6
10893 5
10894 3
10896 6
10904 9
10909 9
10911 7
10912 9
10914 9
10918 9
10921 3
10928 6
10932 0
10934 7
10941 8
10952 8
10954 6
10956 0
10957 2
10959 7
10973 7
10983 3
10989 1
11004 3
11026 7
11027 1
11029 5
11032 1
11033 3
11034 3
11038 4
11039 1
11048 5
11050 9
11052 5
11063 9
11070 2
11075 9
11078 5
11081 6
11085 8
11091 1
11095 9
11102 3
11103 2
11118 6
11125 8
11133 6
11141 1
11142 7
11165 4
11170 0
11173 7
11177 9
11179 7
11181 7
11183 8
11184 0
11189 8
11190 9
11192 1
11196 0
11198 4
11200 6
11201 0
11202 1
11206 6
11211 5
11216 4
11217 6
11220 1
11221 5
11225 6
11231 8
11232 4
11233 7
11234 5
11236 4
11248 3
11252 6
11255 4
11281 5
11283 6
11286 4
11288 8
11290 4
11295 7
11299 6
11301 9
11305 8
11311 4
11317 1
11328 9
11337 6
11341 8
11342 4
11346 2
11350 2
11357 4
11364 6
11365 3
11374 3
11376 0
11379 0
11380 1
11384 9
11385 0
11393 4
11395 6
11416 6
11420 7
11428 0
11429 3
11436 6
11442 4
11449 2
11451 2
11458 0
11460 1
11463 1
11472 6
11474 1
11475 6
11485 4
11491 1
11495 1
11498 6
11508 4
11509 4
11513 2
11515 9
11517 7
11522 0
11526 2
11533 6
11537 5
11538 3
11540 0
11552 5
11554 1
11556 4
11560 6
11571 8
11572 3
11574 0
11577 7
11579 5
11581 1
11597 8
11607 1
11608 2
11612 7
11622 2
11649 6
11653 2
11655 8
11657 1
11658 2
11661 9
11664 0
11671 8
11672 8
11673 3
11677 5
11678 4
11679 5
11685 1
11691 2
11700 1
11703 1
11705 6
11706 6
11710 5
11711 0
11712 4
11715 2
11726 2
11730 8
11733 3
11738 2
11749 4
11750 0
11752 5
11758 6
11768 7
11770 8
11789 1
11793 4
11794 0
11796 5
11802 1
11804 5
11806 2
11812 7
11814 3
11819 7
11821 2
11828 8
11829 3
11834 2
11836 9
11837 8
11838 9
11843 0
11851 8
11855 1
11858 0
11862 2
11882 5
11897 6
11898 9
11901 5
11903 1
11904 8
11905 1
11908 2
11910 9
11922 1
11925 9
11929 6
11935 5
11943 1
11945 6
11946 6
11950 4
11954 4
11955 9
11962 9
11968 3
11982 9
11995 3
11998 1
11999 9
12002 5
12009 4
12011 7
12014 5
12016 5
12035 3
12037 1
12038 4
12040 8
12049 9
12052 2
12060 0
12066 3
12070 8
12071 0
12082 1
12084 1
12085 2
12087 7
12091 4
12092 7
12096 4
12098 1
12105 4
12107 9
12111 9
12114 7
12117 5
12127 5
12128 5
12135 0
12139 2
12153 5
12159 8
12166 8
12168 4
12179 0
12189 7
12190 0
12191 8
12202 0
12203 8
12204 5
12208 1
12211 2
12214 1
12217 6
12230 8
12231 9
12234 8
12243 9
12263 8
12272 8
12294 5
12297 8
12301 3
12309 3
12310 4
12312 6
12313 8
12315 7
12319 2
12325 1
12326 2
12338 8
12339 4
12340 2
12343 5
12346 0
12351 6
12352 9
12353 4
12359 2
12360 2
12362 7
12366 6
12368 9
12372 1
12375 7
12379 0
12426 6
12427 1
12434 4
12437 8
12440 1
12442 9
12444 9
12446 1
12448 1
12457 5
12462 6
12463 6
12465 9
12467 0
12487 0
12491 0
12505 9
12507 6
12509 5
12510 1
12516 2
12522 6
12524 2
12535 8
12536 3
12548 4
12557 5
12564 7
12565 3
12568 0
12570 8
12577 5
12579 1
12581 0
12597 1
12601 0
12611 6
12617 8
12618 4
12623 4
12635 8
12646 2
12647 1
12667 9
12675 8
12680 3
12686 8
12688 1
12702 4
12706 6
12710 6
12712 4
12713 8
12715 2
12717 7
12726 6
12730 5
12733 4
12738 5
12742 8
12747 2
12750 1
12755 4
12758 7
12765 5
12769 8
12779 9
12783 2
12791 3
12796 3
12798 6
12799 2
12800 2
12814 7
12815 8
12818 3
12833 3
12836 8
12838 5
12839 0
12841 2
12842 9
12850 4
12864 4
12877 8
12881 9
12884 7
12888 2
12894 3
12898 5
12905 2
12908 8
12910 9
12914 8
12921 6
12924 7
12936 5
12945 7
12950 0
12951 7
12952 2
12958 1
12961 2
12968 2
12970 2
12976 0
12978 1
12988 4
12989 8
12991 2
12993 8
13002 6
13004 3
13005 1
13015 4
13022 6
13030 9
13042 7
13044 4
13047 1
13052 8
13059 9
13060 1
13061 5
13067 1
13073 7
13082 6
13085 7
13088 4
13093 5
13096 4
13097 3
13098 5
13111 7
13120 9
13122 6
13126 2
13127 1
13131 6
13133 2
13138 3
13146 8
13147 1
13148 6
13164 7
13165 4
13174 1
13194 8
13211 8
13214 4
13226 4
13231 5
13242 3
13245 6
13247 6
13248 5
13251 6
13254 8
13259 8
13262 6
13269 2
13273 3
13279 0
13289 5
13292 6
13293 1
13298 6
13309 9
13311 9
13318 6
13325 4
13327 9
13328 5
13332 4
13344 1
13345 6
13348 8
13349 7
13355 0
13367 1
13369 7
13388 9
13404 7
13406 2
13408 8
13418 7
13419 5
13422 9
13424 8
13427 5
13429 3
13433 8
13445 4
13448 7
13452 8
13456 8
13458 1
13460 2
13464 5
13465 0
13486 9
13487 4
13499 7
13500 7
13505 8
13508 4
13509 2
13510 0
13511 2
13513 7
13537 0
13538 6
13540 6
13544 0
13553 3
13575 3
13579 1
13582 6
13586 1
13589 5
13594 1
13600 5
13601 1
13614 2
13617 3
13625 8
13631 5
13634 5
13635 0
13636 8
13645 6
13652 5
13653 1
13662 6
13671 6
13678 6
13688 5
13702 5
13705 5
13719 1
13723 4
13733 4
13737 9
13740 0
13745 7
13749 4
13763 8
13766 0
13771 6
13775 2
13779 4
13784 5
13807 2
13811 4
13814 9
13820 0
13828 9
13839 9
13852 0
13855 8
13863 2
13865 8
13872 7
13874 9
13875 8
13877 0
13878 9
13886 4
13888 3
13897 7
13900 2
13905 7
13907 6
13910 4
13911 0
13918 7
13921 0
13933 6
13935 0
13946 3
13964 9
13966 5
13969 3
13974 2
13977 9
13980 8
13987 8
13989 1
13995 6
14008 2
14009 2
14011 0
14020 0
14022 5
14024 9
14028 9
14030 5
14039 2
14049 7
14052 7
14055 8
14057 3
14063 8
14065 7
14067 4
14069 3
14096 6
14099 4
14105 6
14109 9
14111 5
14119 2
14123 2
14140 2
14145 5
14151 2
14161 2
14165 9
14166 2
14170 5
14177 2
14178 3
14180 7
14193 6
14204 7
14216 1
14220 8
14230 0
14232 4
14233 9
14239 2
14247 0
14251 0
14255 5
14261 4
14264 7
14271 0
14278 4
14283 8
14291 7
14292 2
14297 7
14298 7
14299 5
14300 5
14307 5
14315 6
14317 0
14343 3
14349 8
14352 0
14353 8
14360 9
14363 9
14365 3
14366 4
14382 6
14383 7
14386 8
14388 6
14391 2
14394 4
14397 5
14398 3
14399 9
14405 4
14409 4
14410 0
14419 9
14425 3
14426 1
14430 9
14431 4
14436 0
14438 4
14453 4
14455 9
14462 1
14468 8
14474 1
14483 4
14497 4
14502 7
14511 4
14527 0
14533 8
14535 2
14539 5
14543 6
14563 8
14564 5
14568 5
14570 9
14576 7
14578 1
14580 1
14584 0
14589 9
14601 3
14604 2
14615 7
14618 6
14627 9
14628 7
14629 2
14637 2
14640 7
14650 7
14656 3
14657 2
14659 2
14667 2
14676 3
14680 9
14696 6
14700 3
14709 4
14710 5
14712 2
14714 7
14716 6
14717 4
14721 2
14727 4
14730 1
14751 2
14759 6
14765 8
14769 6
14772 0
14775 9
14776 3
14780 6
14795 4
14796 2
14801 2
14804 0
14806 9
14817 4
14818 1
14826 4
14830 2
14835 4
14839 1
14840 4
14843 8
14845 7
14848 2
14850 4
14851 5
14856 8
14877 5
14879 6
14882 0
14883 1
14884 0
14892 4
14893 0
14894 2
14895 7
14906 1
14915 4
14916 5
14927 5
14928 5
14931 4
14933 3
14938 6
14940 7
14945 6
14948 7
14951 0
14953 8
14959 1
14963 7
14964 2
14966 5
14967 9
14969 9
14977 5
14982 9
14986 6
14990 3
14991 0
14995 5
15000 7
15001 9
15009 5
15014 5
15020 3
15042 3
15046 7
15047 9
15061 8
15067 1
15068 8
15069 2
15072 5
15073 8
15078 5
15082 5
15088 4
15109 8
15132 1
15134 6
15141 8
15142 0
15147 2
15156 9
15157 1
15158 3
15161 7
15165 4
15167 4
15169 6
15171 8
15172 9
15174 6
15180 1
15181 2
15183 9
15185 7
15193 0
15194 2
15202 9
15203 2
15217 0
15227 3
15233 8
15235 1
15240 4
15248 4
15251 1
15254 7
15255 2
15257 0
15266 1
15267 0
15268 5
15273 3
15280 2
15287 0
15291 8
15295 4
15298 7
15304 9
15305 6
15309 1
15314 7
15317 8
15318 6
15321 6
15326 8
15333 6
15342 0
15345 0
15349 2
15351 4
15363 4
15365 0
15375 1
15379 4
15380 0
15384 4
15386 5
15394 6
15397 2
15408 6
15415 9
15421 6
15425 5
15432 8
15440 7
15442 1
15443 3
15455 0
15456 6
15473 9
15475 0
15477 0
15484 1
15492 1
15494 4
15497 2
15508 7
15509 1
15512 2
15545 8
15551 2
15555 9
15569 3
15572 4
15573 3
15574 3
15586 4
15589 5
15594 3
15597 3
15603 6
15606 0
15608 0
15610 6
15619 1
15620 6
15624 5
15627 5
15628 3
15629 0
15631 1
15636 1
15643 8
15645 1
15650 3
15666 6
15667 3
15672 1
15675 1
15678 7
15691 6
15693 3
15699 5
15707 6
15709 9
15724 7
15742 8
15746 6
15755 4
15760 0
15767 5
15774 3
15775 6
15777 1
15783 5
15787 3
15788 0
15794 8
15821 4
15825 0
15826 5
15827 1
15829 5
15832 2
15860 4
15873 5
15876 6
15877 7
15879 1
15884 2
15886 7
15893 3
15894 0
15895 7
15898 4
15900 1
15902 9
15906 6
15909 7
15934 0
15935 3
15940 3
15947 6
15952 7
15953 5
15954 2
15956 9
15962 2
15963 9
15965 3
15970 4
15973 6
15974 9
15985 4
15992 5
15993 7
15995 9
16000 5
16003 5
16016 4
16022 6
16027 7
16029 2
16031 9
16039 2
16050 1
16052 4
16055 3
16059 3
16062 3
16065 1
16066 0
16069 2
16071 9
16078 3
16082 4
16092 0
16094 0
16098 3
16100 1
16103 4
16105 0
16106 2
16109 6
16110 2
16114 1
16118 6
16122 8
16126 5
16135 7
16136 8
16138 9
16146 8
16154 7
16156 2
16158 7
16164 6
16165 1
16170 0
16188 0
16190 4
16191 4
16192 5
16195 9
16197 9
16198 9
16200 2
16201 4
16202 4
16210 1
16211 0
16214 1
16221 8
16225 6
16227 8
16238 5
16243 2
16255 2
16266 5
16269 9
16274 0
16275 7
16277 4
16281 7
16282 8
16290 8
16291 7
16292 1
16305 3
16309 2
16312 6
16323 7
16325 0
16330 6
16336 0
16337 2
16354 0
16361 6
16373 3
16380 3
16385 0
16398 1
16399 0
16402 1
16408 6
16415 7
16416 9
16418 6
16421 7
16422 2
16426 6
16438 6
16442 7
16451 7
16456 6
16457 5
16458 5
16467 4
16469 6
16472 4
16474 3
16479 2
16481 0
16486 9
16490 9
16497 3
16498 1
16499 2
16508 4
16511 4
16526 6
16528 7
16529 7
16532 9
16533 4
16536 0
16538 2
16539 3
16542 7
16545 7
16547 8
16549 8
16550 1
16553 3
16561 4
16562 7
16566 1
16582 4
16584 3
16588 7
16598 4
16599 1
16601 6
16603 3
16618 3
16620 5
16630 5
16633 9
16637 2
16641 1
16649 2
16664 0
16668 3
16680 4
16681 1
16682 3
16692 3
16694 5
16714 6
16718 0
16727 4
16736 8
16737 7
16744 7
16746 8
16770 0
16776 3
16780 6
16781 2
16784 0
16787 7
16789 3
16792 5
16796 8
16797 6
16803 2
16807 3
16812 4
16822 1
16835 9
16838 4
16848 5
16851 5
16856 4
16858 5
16867 8
16870 6
16871 6
16876 8
16879 4
16881 1
16889 9
16890 8
16908 6
16919 0
16920 8
16925 4
16941 5
16949 0
16951 8
16953 4
16963 5
16965 6
16967 0
16970 1
16982 5
16988 1
16991 9
16997 0
17002 6
17005 1
17006 6
17008 3
17013 6
17026 4
17027 8
17030 2
17031 8
17033 7
17035 7
17040 5
17044 5
17046 0
17047 9
17048 0
17056 7
17057 1
17062 5
17063 4
17064 5
17067 9
17073 9
17081 6
17084 9
17088 4
17096 5
17103 7
17113 4
17114 3
17125 4
17127 6
17133 4
17137 4
17141 7
17142 5
17154 2
17158 0
17161 3
17165 3
17179 9
17184 1
17192 1
17194 9
17196 4
17200 7
17208 7
17210 7
17211 7
17223 8
17228 1
17229 3
17234 2
17236 1
17237 2
17239 9
17240 0
17241 1
17249 9
17257 7
17262 1
17263 0
17266 2
17275 4
17276 6
17278 8
17282 0
17285 9
17291 0
17295 1
17299 8
17302 0
17313 8
17321 8
17326 4
17335 7
17337 0
17341 8
17344 0
17348 4
17352 1
17355 6
17364 5
17371 2
17372 0
17374 4
17383 4
17385 6
17390 9
17401 8
17405 1
17406 1
17411 1
17421 8
17433 6
17438 2
17446 7
17462 4
17467 2
17470 6
17473 3
17475 5
17478 1
17484 7
17486 9
17487 7
17490 3
17495 7
17497 4
17502 0
17514 1
17517 2
17521 2
17526 8
17533 5
17550 9
17554 9
17560 7
17565 2
17590 7
17596 1
17599 4
17600 2
17603 8
17611 4
17615 7
17621 7
17622 2
17634 3
17643 9
17650 2
17656 9
17659 9
17669 6
17670 8
17674 5
17677 6
17680 9
17691 8
17697 2
17702 6
17703 0
17706 2
17709 7
17712 0
17716 0
17718 5
17720 5
17721 6
17723 2
17724 9
17731 2
17741 6
17743 3
17746 8
17748 9
17749 6
17750 9
17761 4
17763 6
17766 9
17767 4
17768 6
17773 9
17776 2
17786 3
17789 1
17793 3
17796 8
17798 1
17800 5
17808 7
17812 0
17823 0
17834 1
17836 2
17837 1
17838 8
17845 8
17846 8
17851 1
17853 4
17854 4
17856 8
17859 9
17866 2
17870 3
17872 2
17873 4
17878 2
17880 2
17886 1
17892 7
17893 0
17900 6
17903 1
17904 5
17929 4
17936 2
17942 8
17943 9
17949 5
17950 9
17960 9
17963 8
17964 8
17969 6
17980 6
17988 4
18002 5
18013 9
18016 7
18024 5
18032 0
18033 7
18041 8
18042 7
18043 3
18046 7
18047 7
18048 6
18050 9
18054 5
18056 9
18062 4
18063 9
18071 2
18074 1
18076 2
18091 1
18095 5
18099 9
18103 3
18104 7
18107 0
18126 8
18131 2
18133 1
18141 5
18145 4
18160 8
18166 2
18173 1
18176 4
18184 4
18189 6
18193 7
18194 4
18200 9
18208 1
18217 5
18225 7
18235 0
18239 5
18243 4
18245 3
18248 3
18250 1
18253 0
18254 7
18271 7
18272 5
18283 5
18290 8
18291 1
18298 8
18301 6
18302 3
18305 1
18306 7
18313 9
18316 2
18325 0
18330 0
18335 8
18345 9
18349 1
18351 9
18352 5
18354 5
18371 0
18372 3
18374 3
18378 3
18383 2
18396 2
18397 7
18398 9
18402 8
18405 0
18410 7
18417 8
18422 7
18426 8
18427 4
18430 7
18439 8
18446 5
18450 9
18452 0
18458 8
18471 7
18472 7
18473 9
18475 7
18476 6
18477 5
18479 4
18489 3
18493 8
18495 0
18500 5
18501 2
18503 0
18509 0
18510 8
18514 1
18516 4
18518 8
18524 8
18527 5
18528 4
18535 3
18538 3
18540 8
18542 4
18548 4
18549 8
18556 5
18558 1
18559 2
18562 2
18573 5
18574 4
18577 9
18580 2
18584 6
18585 9
18590 6
18591 6
18593 7
18596 5
18597 3
18598 0
18600 1
18602 3
18605 4
18606 6
18608 2
18614 6
18625 0
18643 4
18649 0
18654 2
18658 6
18659 2
18663 7
18665 9
18667 1
18668 3
18675 7
18676 3
18679 6
18683 4
18684 4
18686 1
18699 1
18700 1
18701 8
18707 0
18711 4
18714 6
18717 6
18719 4
18725 9
18727 6
18744 2
18745 1
18769 5
18770 3
18772 0
18779 6
18789 4
18794 9
18801 4
18805 1
18806 0
18810 0
18813 9
18815 1
18817 0
18825 9
18832 5
18836 5
18844 0
18845 6
18848 7
18854 7
18862 5
18864 4
18869 5
18873 1
18875 7
18877 8
18880 6
18898 7
18901 8
18903 0
18906 9
18923 5
18931 3
18934 3
18940 4
18944 9
18945 6
18947 5
18954 9
18959 1
18973 9
18976 7
18978 3
18987 7
18991 5
18992 8
18993 5
18998 0
19003 3
19005 7
19013 0
19015 8
19020 6
19023 1
19028 4
19031 3
19036 2
19066 2
19067 6
19071 7
19098 1
19104 6
19109 8
19116 2
19125 3
19127 2
19130 1
19134 1
19147 0
19151 6
19154 6
19155 1
19157 0
19158 3
19165 6
19169 2
19172 6
19173 3
19174 2
19175 6
19176 0
19180 6
19197 7
19207 1
19211 3
19215 0
19221 0
19231 5
19232 1
19245 5
19255 2
19256 3
19265 8
19267 3
19269 4
19285 1
19289 3
19292 3
19295 7
19296 7
19297 9
19302 7
19313 8
19321 8
19326 9
19327 5
19329 7
19330 6
19331 5
19333 0
19336 1
19350 9
19359 4
19360 2
19366 4
19371 3
19378 6
19390 7
19394 3
19396 5
19399 6
19401 8
19402 1
19404 8
19408 4
19419 7
19420 5
19435 4
19439 6
19445 6
19448 7
19449 6
19451 2
19461 5
19463 1
19470 2
19476 2
19478 6
19482 8
19490 3
19491 9
19492 9
19496 2
19508 0
19517 8
19518 8
19524 9
19533 0
19540 6
19541 9
19549 0
19551 6
19552 0
19561 9
19575 2
19583 0
19584 7
19586 5
19588 4
19596 0
19598 3
19607 9
19608 1
19611 4
19616 6
19618 0
19622 9
19623 6
19633 4
19637 5
19640 8
19646 8
19648 2
19650 8
19652 2
19657 1
19661 0
19665 3
19670 6
19676 3
19677 4
19681 0
19682 3
19684 0
19687 1
19688 1
19689 6
19692 7
19693 6
19695 9
19696 3
19706 0
19708 6
19717 0
19720 9
19726 5
19732 4
19740 5
19742 9
19758 7
19760 0
19761 9
19766 3
19773 3
19783 2
19786 6
19791 3
19804 4
19812 5
19816 9
19821 4
19823 9
19825 2
19826 6
19828 8
19832 4
19838 0
19839 8
19848 5
19852 0
19860 5
19861 3
19867 6
19868 6
19874 6
19881 5
19888 9
19890 9
19896 2
19903 3
19924 0
19928 2
19935 3
19936 0
19943 6
19950 7
19953 1
19958 2
19959 3
19969 6
19970 9
19981 5
19983 3
19985 8
19992 7
20013 7
20016 4
20021 2
20023 3
20027 0
20030 5
20036 4
20041 7
20043 9
20044 8
20054 5
20059 8
20067 6
20072 3
20074 2
20077 6
20078 3
20079 9
20081 7
20082 4
20084 1
20092 2
20096 3
20103 9
20104 0
20122 8
20123 0
20127 5
20135 9
20150 9
20153 4
20158 6
20165 2
20169 8
20170 9
20189 7
20197 9
20206 7
20207 3
20210 0
20211 3
20226 3
20231 4
20239 5
20245 8
20260 8
20262 5
20268 1
20279 2
20285 6
20286 4
20305 0
20306 7
20308 0
20310 5
20320 1
20325 0
20328 4
20332 3
20333 4
20338 7
20341 6
20357 0
20361 7
20366 6
20368 3
20370 4
20371 6
20374 7
20376 9
20377 5
20381 2
20385 6
20389 0
20390 5
20391 7
20400 3
20401 2
20403 6
20404 6
20411 8
20412 8
20414 9
20420 8
20423 0
20426 0
20431 8
20436 4
20440 6
20441 3
20451 0
20455 1
20463 0
20466 3
20481 7
20485 7
20486 2
20490 5
20492 5
20503 9
20504 9
20509 3
20515 2
20531 6
20533 3
20536 7
20540 3
20543 7
20545 8
20546 3
20547 8
20554 6
20556 1
20561 2
20566 7
20569 7
20570 7
20571 8
20575 7
20583 8
20588 9
20593 2
20595 5
20597 0
20598 6
20606 5
20608 7
20609 0
20617 1
20619 0
20629 2
20632 0
20636 8
20639 9
20644 4
20648 1
20651 5
20653 6
20658 1
20659 7
20661 7
20664 0
20665 5
20667 3
20677 7
20689 8
20690 4
20693 5
20701 2
20702 4
20704 0
20712 1
20717 7
20725 2
20726 1
20727 7
20728 9
20737 8
20745 7
20748 9
20753 0
20754 1
20757 9
20769 9
20781 9
20789 0
20794 0
20796 6
20797 1
20800 8
20801 6
20802 8
20806 6
20810 8
20811 8
20812 3
20836 7
20837 1
20844 8
20846 5
20849 4
20856 0
20861 9
20867 2
20869 0
20886 5
20890 9
20894 1
20904 1
20906 3
20909 4
20912 8
20924 3
20925 8
20927 5
20932 0
20934 0
20945 7
20947 0
20949 0
20954 2
20955 5
20958 5
20960 9
20964 1
20966 3
20972 7
20975 1
20979 0
20981 4
20982 6
20995 8
21004 0
21010 8
21014 9
21027 5
21031 8
21045 8
21050 3
21062 6
21063 9
21075 6
21078 1
21082 0
21085 8
21093 6
21095 2
21102 8
21104 9
21111 5
21114 7
21117 1
21121 2
21125 5
21127 3
21131 1
21133 7
21137 2
21141 0
21143 9
21148 9
21152 9
21157 4
21161 6
21168 5
21170 3
21171 0
21176 2
21186 2
21190 7
21199 3
21202 2
21206 3
21208 3
21209 7
21219 1
21220 7
21225 9
21227 6
21233 4
21235 4
21237 3
21239 1
21257 5
21273 5
21274 7
21277 9
21283 6
21284 7
21285 9
21288 1
21296 9
21298 7
21299 5
21301 9
21309 7
21317 4
21324 0
21329 5
21341 8
21345 6
21346 0
21352 7
21358 7
21367 9
21369 0
21370 1
21373 2
21378 6
21388 8
21392 4
21394 1
21398 6
21402 6
21406 8
21407 6
21413 4
21436 8
21441 4
21445 2
21446 3
21448 9
21471 4
21480 5
21481 1
21494 9
21495 1
21502 2
21510 0
21512 2
21515 6
21517 9
21519 6
21522 3
21526 4
21528 9
21529 7
21531 9
21535 9
21537 7
21542 5
21570 8
21571 6
21575 3
21577 1
21582 8
21584 5
21587 5
21591 5
21593 3
21594 8
21595 2
21603 0
21605 4
21608 2
21620 2
21622 6
21626 8
21627 4
21629 5
21630 1
21631 4
21632 6
21634 9
21642 5
21643 6
21653 2
21655 0
21659 6
21662 0
21664 4
21670 0
21671 9
21673 0
21674 4
21676 9
21682 2
21691 0
21702 5
21704 8
21706 4
21714 5
21724 4
21729 5
21732 1
21740 7
21767 2
21772 6
21779 7
21780 4
21785 6
21786 8
21790 4
21801 6
21830 7
21840 5
21847 8
21858 8
21860 5
21872 5
21898 2
21904 0
21910 3
21911 4
21913 4
21932 8
21933 3
21934 2
21940 1
21948 2
21951 0
21952 0
21959 9
21960 3
21962 4
21963 9
21971 8
21979 1
21981 8
21996 3
22006 7
22011 2
22023 0
22028 1
22031 8
22032 6
22036 4
22039 7
22040 1
22041 8
22043 2
22045 4
22050 1
22054 4
22059 0
22062 1
22063 3
22065 0
22069 3
22075 5
22086 4
22087 3
22089 3
22096 1
22097 0
22103 9
22105 1
22121 4
22139 6
22144 6
22146 9
22149 8
22150 1
22155 5
22168 7
22171 5
22172 4
22179 9
22184 1
22186 1
22190 2
22196 7
22200 5
22210 3
22216 1
22221 2
22226 9
22231 4
22232 6
22240 5
22250 9
22255 2
22257 7
22263 0
22269 4
22276 2
22283 7
22286 9
22293 8
22298 9
22299 3
22302 4
22304 2
22307 9
22308 3
22310 3
22315 7
22316 2
22329 3
22331 7
22334 9
22337 5
22339 8
22355 9
22356 0
22357 7
22359 6
22362 2
22366 1
22371 7
22379 0
22384 8
22389 2
22392 7
22397 7
22410 1
22439 3
22442 7
22455 3
22473 9
22476 2
22486 4
22489 1
22493 8
22497 6
22504 3
22506 5
22509 9
22510 6
22517 2
22518 3
22530 3
22553 5
22558 4
22566 6
22567 0
22569 8
22578 3
22579 5
22591 7
22601 1
22603 7
22606 9
22609 8
22618 6
22622 9
22626 0
22639 1
22650 1
22651 8
22654 8
22674 5
22676 9
22683 0
22688 2
22692 5
22693 1
22698 3
22703 3
22707 1
22711 9
22714 6
22725 6
22727 9
22731 4
22733 3
22739 0
22740 3
22742 3
22746 7
22747 4
22755 8
22757 2
22758 0
22760 4
22762 9
22765 7
22766 0
22773 3
22775 2
22780 6
22790 6
22793 1
22807 5
22825 9
22831 5
22840 2
22842 1
22843 5
22848 4
22850 5
22855 0
22860 3
22863 2
22864 8
22867 6
22869 6
22870 2
22873 8
22877 1
22883 9
22886 8
22887 9
22896 0
22905 7
22907 8
22909 7
22911 9
22914 8
22916 7
22937 1
22953 9
22955 6
22959 2
22962 2
22964 5
22966 6
22975 0
22977 5
22978 3
22981 6
22987 9
22990 1
22992 6
22996 1
23000 1
23009 2
23010 3
23022 9
23027 5
23042 8
23043 3
23051 4
23053 8
23054 2
23055 8
23057 0
23062 3
23066 2
23071 2
23074 0
23077 8
23084 1
23085 6
23087 9
23089 2
23106 3
23109 6
23117 3
23120 7
23129 6
23133 5
23139 7
23142 2
23145 5
23146 9
23150 6
23162 0
23166 8
23182 9
23192 5
23209 7
23211 7
23214 4
23217 5
23220 6
23228 4
23238 1
23243 3
23244 4
23247 0
23254 8
23255 2
23257 2
23261 0
23262 6
23266 4
23273 3
23288 9
23299 5
23302 5
23308 5
23311 6
23312 3
23316 9
23320 1
23321 4
23325 2
23349 3
23352 9
23359 7
23389 4
23391 8
23395 1
23406 7
23409 0
23418 2
23422 1
23424 6
23428 3
23429 5
23433 7
23437 4
23443 2
23445 1
23446 4
23449 4
23450 9
23451 8
23454 3
23455 8
23461 5
23478 1
23484 2
23485 2
23488 3
23489 3
23495 5
23514 6
23528 5
23529 0
23532 9
23533 2
23551 3
23566 5
23568 7
23570 7
23573 9
23590 1
23601 3
23604 8
23611 7
23612 0
23621 1
23628 2
23631 9
23658 2
23659 2
23666 0
23670 3
23675 3
23678 3
23690 7
23710 4
23720 7
23723 7
23729 1
23734 3
23740 5
23744 3
23748 5
23750 0
23751 2
23752 8
23753 9
23762 5
23768 5
23770 7
23771 8
23773 5
23780 3
23787 8
23791 2
23794 9
23796 5
23798 0
23802 0
23805 7
23809 2
23814 8
23830 2
23834 8
23836 5
23840 3
23843 7
23845 5
23851 6
23854 4
23865 0
23869 3
23878 4
23883 9
23889 5
23897 3
23900 7
23901 7
23907 9
23910 8
23916 8
23917 4
23921 4
23925 6
23937 6
23941 8
23945 4
23952 7
23955 2
23956 2
23957 6
23962 5
23964 1
23965 5
23966 4
23975 0
23978 4
23985 7
23996 7
24001 2
24002 6
24010 7
24012 3
24031 4
24040 5
24042 8
24043 2
24047 0
24054 3
24061 8
24068 4
24070 7
24079 6
24087 5
24092 0
24093 0
24094 2
24095 6
24106 5
24110 0
24113 5
24118 7
24120 6
24121 2
24122 1
24140 2
24144 1
24147 8
24151 6
24152 2
24160 0
24161 4
24169 4
24177 4
24178 7
24179 8
24180 1
24188 1
24190 4
24191 7
24196 6
24199 0
24204 3
24206 5
24210 3
24213 4
24214 3
24215 9
24217 7
24220 2
24234 3
24244 2
24251 6
24255 6
24259 9
24266 8
24267 1
24270 1
24273 4
24282 2
24283 9
24284 9
24287 7
24288 2
24295 9
24298 8
24299 2
24312 8
24321 4
24327 1
24329 9
24330 5
24331 8
24337 4
24345 3
24347 6
24354 4
24360 5
24364 8
24367 6
24375 0
24380 6
24405 3
24410 0
24421 3
24423 8
24424 8
24425 0
24431 3
24437 3
24446 0
24457 4
24458 2
24459 3
24460 0
24461 1
24467 9
24469 0
24473 7
24484 5
24486 3
24498 0
24502 2
24513 7
24518 7
24524 5
24525 8
24535 9
24536 1
24544 3
24547 0
24548 1
24556 4
24559 0
24567 1
24574 3
24581 1
24582 0
24585 0
24589 3
24591 3
24592 9
24595 3
24596 9
24603 1
24605 8
24608 0
24610 1
24612 4
24613 5
24616 7
24621 8
24623 1
24638 1
24641 1
24647 1
24653 8
24655 0
24658 1
24662 0
24665 5
24673 1
24681 8
24690 8
24694 3
24696 5
24698 0
24705 6
24711 7
24720 6
24728 1
24729 8
24730 0
24735 2
24742 6
24743 8
24746 3
24747 1
24748 6
24754 1
24757 2
24760 5
24765 1
24777 5
24791 4
24796 7
24797 2
24804 9
24810 8
24816 1
24825 0
24831 3
24836 9
24848 1
24852 5
24859 9
24861 1
24874 5
24875 7
24876 4
24879 9
24882 0
24884 0
24887 8
24889 8
24890 3
24891 0
24893 1
24894 3
24896 0
24900 8
24909 8
24912 3
24923 6
24924 7
24927 1
24939 9
24947 4
24949 5
24972 8
24973 8
24977 8
24984 9
24993 6
25004 6
25005 2
25018 5
25024 9
25026 0
25029 4
25032 0
25034 4
25038 4
25053 9
25054 7
25062 0
25066 7
25078 4
25079 2
25090 2
25091 4
25096 5
25100 6
25101 0
25105 0
25116 1
25117 6
25119 0
25120 8
25126 9
25127 7
25128 6
25135 4
25138 4
25141 0
25144 3
25146 8
25148 4
25149 5
25152 1
25154 4
25157 6
25163 2
25164 3
25168 9
25169 5
25183 5
25186 5
25190 6
25194 4
25196 7
25199 5
25202 1
25204 9
25205 8
25208 7
25210 0
25224 0
25225 4
25234 9
25240 2
25244 5
25247 5
25250 0
25256 8
25257 2
25265 6
25268 0
25271 9
25279 9
25282 9
25284 6
25290 8
25295 1
25301 7
25302 5
25321 3
25323 0
25341 0
25344 1
25356 0
25367 3
25374 5
25378 4
25381 6
25385 5
25391 8
25392 1
25398 6
25400 7
25413 3
25415 0
25422 4
25439 4
25441 0
25447 4
25452 8
25454 3
25456 9
25459 7
25462 8
25465 4
25467 3
25470 2
25471 0
25508 9
25510 6
25520 2
25522 0
25525 6
25541 5
25554 6
25558 5
25562 5
25563 5
25565 9
25570 7
25571 5
25572 9
25576 7
25584 1
25585 7
25587 8
25589 4
25591 1
25592 3
25595 4
25596 6
25597 2
25603 0
25604 1
25621 0
25637 3
25639 1
25647 0
25648 0
25652 6
25659 4
25660 7
25662 2
25663 1
25675 0
25680 8
25683 8
25689 3
25693 1
25704 7
25708 4
25709 5
25712 8
25720 2
25723 0
25724 8
25728 5
25746 5
25750 8
25752 4
25763 3
25767 1
25773 4
25782 4
25783 6
25785 9
25786 6
25796 4
25799 9
25800 0
25811 8
25812 4
25813 1
25818 1
25824 7
25831 5
25836 3
25838 5
25841 9
25843 1
25853 2
25857 9
25861 6
25863 1
25872 6
25877 4
25880 8
25881 0
25882 7
25885 1
25887 1
25888 5
25889 5
25896 6
25898 7
25900 3
25906 0
25910 3
25915 5
25919 0
25920 4
25924 0
25939 7
25941 1
25947 8
25948 3
25954 6
25959 9
25961 8
25965 0
25975 3
25985 7
25992 9
25998 1
26026 5
26033 4
26034 1
26041 1
26051 5
26057 7
26067 1
26069 5
26075 3
26076 3
26079 6
26082 3
26083 2
26085 7
26087 6
26089 2
26090 8
26101 7
26103 8
26107 3
26109 9
26115 6
26117 6
26126 8
26128 5
26129 5
26147 0
26153 1
26158 7
26171 4
26174 2
26176 4
26179 0
26181 4
26182 0
26187 0
26193 8
26195 4
26212 0
26214 1
26217 4
26218 3
26219 4
26220 9
26221 1
26227 8
26230 9
26232 7
26235 5
26239 3
26254 2
26255 6
26259 2
26260 5
26272 5
26276 6
26277 3
26280 2
26285 9
26288 8
26289 4
26297 9
26298 0
26312 4
26315 0
26321 0
26326 2
26328 2
26330 4
26333 1
26336 0
26341 5
26344 3
26345 9
26352 5
26355 1
26356 8
26357 4
26358 1
26371 9
26379 1
26383 5
26387 7
26406 5
26408 5
26411 6
26412 7
26413 1
26414 6
26420 3
26430 7
26447 3
26449 0
26452 9
26458 5
26462 5
26470 6
26471 7
26476 3
26477 0
26480 6
26490 8
26491 6
26492 7
26495 8
26497 0
26498 2
26509 8
26510 5
26512 2
26516 2
26523 1
26524 3
26525 1
26529 8
26532 7
26537 9
26543 8
26544 9
26545 4
26548 9
26551 9
26553 1
26554 9
26555 2
26560 3
26566 0
26568 3
26572 8
26575 7
26596 7
26597 3
26604 6
26606 2
26609 1
26617 5
26618 5
26621 0
26623 7
26629 3
26634 7
26644 5
26651 3
26654 5
26657 8
26658 4
26662 6
26674 5
26675 7
26676 6
26678 9
26690 5
26692 4
26694 3
26703 1
26712 5
26728 1
26734 9
26738 7
26749 5
26762 4
26764 8
26769 7
26771 7
26778 8
26787 8
26790 8
26792 8
26799 1
26805 7
26810 9
26814 2
26816 4
26826 3
26831 9
26838 0
26844 6
26849 2
26857 8
26863 6
26867 6
26870 9
26883 8
26897 3
26903 5
26914 4
26918 1
26919 4
26925 9
26926 8
26927 5
26928 6
26929 9
26933 2
26935 2
26939 5
26948 0
26960 8
26967 5
26968 9
26969 9
26972 3
26975 0
26976 7
26977 5
26980 7
26983 5
26984 8
26987 8
26990 8
26991 8
26994 9
26997 1
27008 9
27013 7
27021 6
27024 8
27031 8
27035 5
27047 2
27048 7
27056 7
27067 0
27081 9
27083 5
27089 0
27097 8
27101 8
27121 1
27123 4
27127 8
27128 9
27150 9
27153 1
27154 4
27159 6
27167 2
27174 4
27180 9
27182 6
27186 6
27202 6
27211 5
27217 8
27236 2
27238 2
27240 9
27248 6
27249 6
27253 6
27257 8
27258 9
27262 9
27270 7
27273 4
27276 0
27278 9
27280 9
27284 3
27286 5
27287 0
27288 2
27293 7
27294 0
27297 2
27298 4
27299 4
27310 5
27316 3
27317 7
27330 8
27334 5
27340 0
27341 6
27346 8
27354 4
27358 4
27383 3
27399 1
27400 4
27410 3
27416 5
27419 5
27429 3
27432 0
27434 7
27437 7
27445 2
27448 7
27449 3
27450 9
27463 3
27464 3
27468 8
27476 6
27477 8
27480 5
27481 0
27487 3
27488 6
27489 8
27490 1
27494 2
27499 5
27513 9
27514 0
27519 0
27525 0
27526 0
27528 0
27529 0
27531 8
27546 1
27548 8
27549 3
27559 9
27564 8
27566 6
27569 4
27578 1
27579 9
27593 8
27600 9
27601 6
27611 3
27632 9
27638 3
27646 2
27655 3
27664 7
27667 4
27671 6
27675 1
27681 2
27689 1
27698 5
27714 8
27715 0
27722 9
27726 2
27729 4
27735 9
27736 1
27756 4
27760 5
27772 6
27774 1
27775 6
27791 3
27795 1
27815 1
27823 9
27848 0
27862 2
27864 2
27868 2
27873 5
27882 9
27886 3
27891 2
27895 9
27896 3
27911 9
27914 9
27916 4
27917 1
27920 5
27927 0
27937 0
27947 1
27948 8
27954 2
27956 9
27958 2
27963 4
27965 5
27971 1
27976 6
27978 5
27984 9
27992 9
28000 1
28003 7
28008 9
28010 8
28011 7
28015 0
28021 1
28024 2
28035 5
28037 2
28038 3
28049 8
28052 7
28055 5
28059 0
28066 6
28075 7
28079 3
28081 8
28085 4
28088 0
28093 9
28108 7
28109 0
28110 5
28113 6
28119 1
28124 0
28130 1
28131 8
28148 5
28153 1
28157 7
28164 5
28165 8
28170 8
28173 8
28174 8
28184 0
28190 2
28205 3
28208 3
28213 5
28217 0
28224 6
28240 0
28242 9
28249 9
28255 3
28258 9
28260 6
28265 3
28270 1
28276 7
28289 3
28290 8
28291 6
28297 8
28300 3
28314 7
28321 8
28323 2
28336 3
28337 3
28338 8
28342 9
28346 1
28352 2
28360 3
28363 2
28377 9
28378 7
28384 9
28394 6
28395 2
28397 4
28400 7
28404 2
28417 6
28421 8
28423 2
28426 6
28447 1
28449 6
28463 0
28474 0
28475 6
28477 7
28481 8
28482 1
28483 7
28490 0
28491 3
28498 4
28502 1
28504 5
28508 8
28518 3
28524 8
28525 5
28528 9
28539 2
28541 8
28542 3
28543 8
28549 1
28555 1
28564 5
28570 8
28580 9
28587 6
28589 2
28590 1
28596 8
28599 3
28603 0
28605 4
28610 9
28637 4
28645 6
28648 4
28651 2
28653 1
28656 1
28668 3
28677 1
28680 6
28682 4
28685 8
28689 4
28695 3
28705 9
28710 8
28719 2
28726 6
28730 3
28733 8
28737 0
28739 0
28742 1
28746 9
28757 9
28759 5
28763 4
28770 3
28773 1
28785 0
28810 0
28811 7
28822 8
28824 0
28825 9
28832 0
28836 9
28839 1
28847 7
28849 4
28850 7
28854 7
28856 7
28860 5
28866 2
28867 8
28871 4
28886 4
28895 4
28899 5
28900 1
28902 4
28905 6
28907 8
28908 7
28916 9
28920 8
28922 5
28931 1
28957 5
28958 9
28960 7
28965 5
28967 8
28968 6
28972 9
28982 0
28983 5
28996 0
29000 1
29011 7
29019 3
29020 2
29021 1
29024 2
29035 5
29036 9
29039 1
29043 0
29044 9
29045 8
29046 5
29052 6
29053 8
29083 5
29088 5
29095 1
29107 1
29121 3
29123 7
29137 1
29138 9
29144 2
29147 5
29150 9
29152 8
29153 6
29154 2
29160 5
29169 4
29170 5
29173 4
29175 0
29177 0
29178 9
29180 3
29183 8
29186 4
29188 2
29190 7
29191 3
29200 7
29202 0
29210 1
29219 8
29221 5
29222 7
29228 2
29232 9
29234 7
29236 3
29240 2
29243 4
29246 5
29249 7
29258 3
29268 1
29271 2
29278 8
29279 5
29280 7
29285 6
29286 3
29292 1
29297 5
29310 4
29312 9
29318 5
29328 4
29329 8
29346 2
29360 0
29364 6
29369 6
29370 0
29392 0
29394 3
29398 3
29399 2
29406 3
29413 4
29416 3
29417 8
29421 7
29422 1
29423 8
29426 5
29434 9
29436 2
29437 9
29441 1
29451 4
29452 6
29456 7
29457 4
29476 5
29478 0
29483 6
29486 6
29493 7
29496 0
29503 5
29504 6
29506 1
29513 5
29515 2
29518 8
29522 5
29526 0
29529 0
29531 5
29532 5
29534 1
29536 2
29538 0
29541 8
29543 9
29544 3
29546 7
29547 4
29550 5
29559 6
29560 2
29561 0
29563 1
29571 0
29580 2
29588 1
29593 2
29597 0
29598 0
29601 6
29604 1
29605 8
29609 8
29610 0
29611 6
29617 6
29620 2
29626 6
29628 7
29631 8
29632 0
29641 1
29643 0
29645 4
29647 7
29651 8
29661 0
29663 5
29664 1
29666 5
29672 1
29686 0
29689 6
29697 3
29707 1
29709 0
29716 9
29732 8
29734 3
29744 7
29746 5
29753 5
29756 0
29760 6
29770 1
29774 1
29777 6
29778 4
29780 7
29784 3
29800 3
29801 9
29811 6
29812 0
29833 0
29835 7
29837 4
29852 9
29862 7
29880 8
29883 7
29886 6
29887 9
29889 0
29890 8
29892 0
29896 0
29898 9
29914 9
29916 6
29918 6
29920 1
29937 6
29940 3
29944 6
29952 5
29956 2
29965 9
29969 4
29985 6
29990 0
29991 0
29995 5
29996 2
29997 4
29998 3
30006 7
30018 3
30022 7
30024 6
30028 6
30031 2
30040 4
30043 0
30053 5
30056 4
30060 1
30062 5
30066 8
30077 7
30079 9
30085 6
30090 0
30092 3
30097 9
30104 2
30115 2
30116 8
30120 0
30132 3
30133 7
30139 1
30143 1
30149 7
30153 0
30154 3
30156 9
30159 1
30160 5
30168 6
30177 3
30184 1
30189 0
30190 1
30194 8
30209 4
30214 7
30216 9
30220 5
30231 8
30233 9
30235 0
30241 5
30246 0
30249 7
30251 5
30269 8
30271 4
30277 1
30279 9
30283 0
30289 7
30295 1
30304 4
30306 9
30313 8
30321 6
30327 3
30338 0
30344 3
30350 8
30353 6
30360 4
30366 7
30376 5
30382 4
30386 1
30388 6
30391 4
30403 6
30407 9
30411 1
30421 5
30422 3
30432 1
30436 3
30438 7
30440 6
30447 0
30450 0
30453 9
30454 8
30460 7
30461 2
30462 6
30476 1
30480 6
30481 5
30483 7
30498 2
30504 9
30513 6
30522 7
30545 0
30547 0
30549 6
30562 0
30565 5
30569 1
30571 8
30573 8
30575 5
30576 0
30587 9
30597 1
30603 7
30605 9
30613 5
30634 2
30638 3
30641 2
30646 7
30671 2
30678 3
30682 9
30685 0
30688 1
30692 5
30695 9
30696 0
30707 9
30711 9
30712 9
30716 7
30718 6
30720 5
30729 7
30730 5
30748 9
30749 2
30770 4
30774 1
30778 4
30781 9
30782 8
30785 3
30790 0
30795 9
30806 8
30818 0
30820 9
30824 5
30837 1
30838 6
30840 9
30849 0
30851 7
30858 7
30864 9
30869 2
30871 3
30872 2
30883 8
30891 7
30894 0
30895 5
30896 7
30897 4
30898 1
30899 8
30901 0
30902 7
30907 7
30909 4
30912 4
30933 6
30937 2
30939 8
30941 2
30948 7
30955 6
30956 1
30957 7
30958 6
30967 3
30970 3
30971 6
30973 1
30977 8
30979 5
30981 0
30983 8
30992 8
30993 3
31002 7
31006 5
31007 9
31012 1
31015 2
31016 4
31019 2
31023 4
31037 0
31041 6
31047 1
31050 4
31051 6
31058 1
31062 6
31066 2
31073 8
31079 7
31081 8
31084 1
31086 3
31094 9
31096 3
31099 8
31107 0
31121 4
31123 5
31125 2
31131 7
31154 6
31166 4
31167 0
31180 3
31192 2
31211 6
31212 6
31218 7
31220 6
31228 7
31234 7
31236 2
31237 9
31240 3
31241 8
31242 6
31243 8
31253 6
31257 0
31265 3
31267 4
31270 0
31271 7
31274 2
31283 7
31289 5
31290 6
31296 7
31297 6
31299 3
31301 2
31304 9
31305 1
31307 3
31311 4
31323 7
31326 2
31328 6
31332 5
31334 9
31340 2
31356 0
31359 5
31360 8
31368 3
31382 7
31383 2
31390 0
31392 5
31396 1
31400 4
31402 5
31407 5
31409 0
31411 7
31412 1
31416 4
31425 5
31429 7
31433 7
31438 7
31439 6
31440 2
31443 3
31449 8
31454 5
31457 5
31464 3
31470 7
31475 3
31476 8
31483 2
31484 0
31488 9
31494 6
31495 9
31497 2
31502 7
31508 0
31510 4
31514 7
31518 0
31520 6
31521 7
31526 5
31542 1
31548 7
31549 9
31551 3
31555 1
31567 2
31568 3
31569 0
31572 5
31573 2
31583 6
31605 0
31606 6
31607 7
31610 9
31612 1
31615 6
31620 4
31626 1
31627 2
31630 6
31634 4
31637 5
31645 2
31669 8
31674 3
31675 6
31678 5
31679 5
31681 1
31683 2
31686 6
31696 2
31699 5
31701 2
31706 5
31707 7
31711 2
31712 5
31714 3
31716 6
31718 2
31719 5
31726 3
31746 8
31747 7
31748 0
31754 6
31755 3
31756 8
31758 1
31760 7
31761 8
31769 5
31776 6
31779 8
31788 0
31791 1
31795 2
31798 7
31800 8
31804 8
31813 7
31820 9
31825 1
31841 7
31846 7
31857 4
31859 7
31865 4
31869 5
31870 8
31873 1
31879 6
31888 4
31891 2
31908 1
31922 6
31928 7
31933 8
31943 3
31952 4
31959 5
31960 9
31963 7
31966 2
31973 2
31981 7
31990 4
31992 8
31995 0
31998 6
32001 7
32002 2
32012 7
32014 4
32018 6
32019 5
32023 0
32046 2
32056 2
32079 0
32082 7
32084 0
32087 4
32088 8
32103 9
32105 4
32119 1
32135 9
32140 8
32142 5
32147 9
32157 0
32160 9
32163 5
32166 9
32167 9
32171 5
32176 0
32177 6
32179 9
32182 2
32190 7
32205 5
32207 2
32208 3
32210 8
32216 6
32222 7
32232 8
32244 9
32245 2
32249 7
32256 6
32257 0
32260 2
32261 5
32264 8
32277 3
32281 6
32282 4
32283 2
32284 8
32285 0
32289 9
32290 9
32297 8
32298 2
32301 4
32302 3
32304 9
32306 1
32317 9
32321 3
32325 8
32330 1
32342 1
32345 9
32346 2
32350 6
32355 2
32361 1
32373 9
32374 4
32382 3
32383 8
32394 9
32398 4
32403 7
32405 1
32413 8
32422 9
32426 7
32439 1
32446 6
32448 2
32449 8
32453 2
32456 0
32460 5
32471 3
32488 3
32490 6
32506 5
32514 0
32532 9
32534 0
32535 0
32537 3
32538 1
32543 0
32544 7
32545 9
32562 5
32576 4
32577 7
32578 6
32584 7
32586 0
32590 1
32600 6
32609 4
32623 3
32634 0
32636 9
32637 0
32643 0
32644 9
32645 6
32650 3
32655 2
32666 3
32676 6
32677 7
32684 6
32686 5
32689 0
32703 4
32708 1
32709 1
32710 3
32711 1
32713 6
32714 4
32730 7
32736 6
32739 1
32745 3
32746 1
32751 4
32752 9
32753 0
32754 0
32757 5
32760 9
32763 7
32781 4
32790 1
32792 1
32796 4
32801 3
32802 8
32803 8
32813 7
32818 2
32821 7
32825 2
32828 8
32838 2
32840 7
32842 2
32843 4
32860 8
32861 1
32868 5
32870 6
32872 9
32878 5
32880 4
32882 1
32883 8
32887 0
32888 5
32889 9
32892 7
32897 4
32903 7
32905 2
32915 6
32920 9
32921 1
32925 6
32929 0
32934 8
32936 4
32940 7
32942 9
32943 1
32945 7
32952 8
32957 2
32958 9
32961 7
32962 8
32963 8
32967 6
32974 2
32977 5
32981 7
32988 5
32993 1
32999 4
33001 0
33002 7
33011 1
33021 7
33024 8
33034 7
33040 0
33041 5
33044 4
33049 9
33055 6
33057 8
33060 0
33071 9
33074 0
33077 7
33078 2
33080 6
33089 3
33094 7
33096 9
33102 9
33107 9
33108 9
33110 4
33111 9
33112 9
33121 5
33127 8
33143 9
33158 9
33160 7
33163 8
33164 5
33165 7
33181 4
33188 3
33189 2
33202 7
33209 7
33213 1
33221 2
33228 7
33235 7
33236 5
33238 8
33239 0
33241 2
33246 2
33248 0
33251 4
33263 6
33270 6
33277 6
33286 1
33289 6
33292 2
33294 0
33297 1
33298 1
33301 6
33307 2
33313 9
33318 1
33323 6
33328 4
33336 3
33338 7
33345 4
33347 6
33349 1
33356 1
33362 0
33370 7
33371 4
33372 6
33375 2
33376 4
33385 3
33387 8
33388 1
33391 3
33397 8
33410 4
33414 3
33415 2
33418 0
33420 8
33428 9
33431 1
33433 3
33443 2
33454 8
33458 9
33459 3
33461 3
33463 1
33470 7
33473 3
33479 2
33484 2
33486 3
33487 2
33497 3
33500 4
33521 2
33524 6
33525 7
33528 2
33531 8
33537 9
33538 4
33541 9
33543 2
33556 0
33561 4
33570 6
33573 2
33582 5
33586 6
33592 8
33604 4
33607 5
33608 0
33614 0
33625 4
33631 2
33636 6
33641 3
33643 6
33654 2
33657 0
33662 5
33663 4
33678 0
33682 7
33684 3
33685 7
33691 5
33693 7
33696 4
33699 1
33700 2
33701 4
33704 2
33710 9
33720 4
33723 9
33727 3
33728 6
33731 0
33740 7
33742 6
33744 8
33747 6
33757 2
33758 7
33761 1
33762 3
33772 6
33778 5
33790 1
33793 0
33800 9
33811 6
33816 9
33819 3
33823 3
33827 2
33841 7
33853 4
33857 7
33858 3
33863 5
33866 3
33868 6
33876 1
33877 5
33878 0
33881 3
33888 0
33890 5
33892 6
33895 6
33896 7
33904 0
33905 4
33910 5
33913 3
33916 6
33919 8
33922 5
33925 0
33927 9
33931 3
33936 0
33948 1
33949 4
33951 7
33952 6
33953 5
33954 9
33958 5
33964 8
33968 8
33973 1
33977 7
33982 0
33993 6
33994 7
34003 7
34004 7
34007 4
34035 1
34047 7
34052 2
34055 9
34056 4
34063 7
34068 7
34070 8
34073 1
34088 4
34095 4
34097 6
34098 6
34100 7
34101 4
34107 3
34112 3
34113 5
34122 0
34128 7
34129 3
34135 4
34147 4
34162 5
34166 9
34167 2
34170 4
34173 9
34193 0
34194 0
34212 7
34214 7
34219 9
34225 6
34235 4
34236 7
34244 0
34248 2
34254 0
34255 3
34258 8
34260 5
34271 1
34273 8
34274 7
34281 2
34288 0
34292 5
34299 3
34304 8
34308 9
34309 2
34310 5
34311 0
34315 2
34317 9
34322 1
34324 9
34331 7
34333 4
34344 7
34345 9
34354 4
34358 6
34362 1
34367 0
34384 1
34386 2
34387 6
34390 5
34391 9
34393 8
34400 6
34405 6
34411 6
34412 3
34414 8
34415 3
34419 5
34422 4
34429 6
34432 4
34434 5
34435 3
34436 6
34437 0
34439 7
34441 5
34442 8
34448 4
34449 8
34459 3
34464 6
34465 9
34467 2
34469 2
34470 6
34481 3
34482 1
34534 0
34536 7
34562 8
34568 2
34571 2
34573 4
34574 5
34576 9
34583 9
34586 8
34592 0
34600 6
34605 4
34606 7
34607 9
34618 6
34624 6
34628 6
34629 6
34632 5
34633 2
34659 3
34661 8
34669 5
34680 0
34689 9
34692 5
34701 4
34714 1
34722 2
34725 4
34731 7
34733 9
34735 7
34749 0
34750 8
34751 0
34753 4
34762 0
34772 3
34773 1
34777 0
34782 4
34793 7
34797 0
34798 8
34808 8
34809 6
34812 8
34816 9
34837 4
34848 3
34853 7
34855 6
34861 2
34885 8
34890 8
34896 8
34898 7
34902 3
34910 1
34913 0
34919 5
34933 5
34936 7
34939 7
34941 2
34945 4
34952 6
34953 1
34962 0
34967 4
34968 6
34976 4
34986 3
34993 0
35000 2
35001 0
35007 8
35011 5
35017 5
35021 4
35022 8
35023 6
35030 7
35045 7
35052 4
35060 8
35065 7
35069 6
35070 7
35072 2
35078 3
35084 9
35091 5
35095 6
35098 8
35104 5
35114 7
35116 7
35120 1
35130 0
35136 2
35139 6
35143 7
35147 7
35154 7
35155 3
35159 8
35160 0
35167 6
35172 4
35173 1
35177 3
35179 4
35180 9
35181 1
35182 8
35185 1
35187 8
35197 7
35198 2
35201 4
35211 6
35213 5
35219 2
35220 0
35221 5
35224 4
35229 5
35230 8
35231 4
35233 7
35234 0
35236 4
35247 3
35259 7
35261 2
35262 7
35263 1
35274 7
35277 1
35282 2
35286 7
35288 4
35291 9
35299 0
35304 6
35305 8
35310 4
35314 0
35316 8
35322 6
35324 9
35325 8
35331 1
35337 7
35340 1
35351 0
35353 4
35358 1
35368 0
35371 9
35373 4
35379 5
35381 1
35382 4
35388 1
35390 0
35392 5
35428 2
35432 3
35434 8
35442 4
35445 1
35463 2
35464 0
35466 5
35468 9
35480 3
35488 8
35489 1
35492 1
35494 0
35498 2
35505 0
35507 4
35516 6
35518 5
35528 7
35535 8
35539 5
35547 4
35549 2
35550 7
35551 7
35565 1
35567 9
35572 2
35592 2
35595 5
35597 8
35612 8
35613 4
35619 0
35622 0
35623 0
35633 8
35649 0
35651 6
35660 2
35668 4
35669 7
35681 3
35688 4
35689 2
35695 7
35699 7
35717 8
35720 6
35724 4
35725 3
35739 7
35755 2
35756 5
35758 8
35776 1
35788 2
35789 9
35790 4
35796 4
35797 2
35798 6
35800 5
35803 2
35807 0
35812 5
35813 2
35814 2
35818 1
35819 6
35825 2
35830 0
35832 5
35848 4
35852 5
35860 4
35861 2
35862 6
35866 0
35876 2
35878 7
35879 9
35881 5
35888 2
35891 1
35896 3
35898 8
35900 7
35905 0
35906 1
35910 8
35918 9
35920 9
35927 2
35930 9
35932 9
35939 4
35950 9
35952 2
35953 3
35954 8
35960 4
35972 9
35987 4
35993 8
35994 4
36004 1
36005 6
36011 8
36012 0
36018 9
36022 0
36028 9
36033 5
36037 8
36038 7
36055 1
36064 0
36067 3
36069 8
36070 3
36074 9
36075 3
36083 0
36091 2
36092 6
36093 0
36098 9
36111 9
36139 3
36141 8
36142 6
36143 7
36145 8
36147 9
36158 4
36162 1
36164 2
36166 3
36188 9
36190 4
36195 1
36199 8
36201 7
36214 3
36216 2
36218 6
36225 2
36227 7
36236 4
36239 3
36240 7
36242 9
36245 8
36250 8
36253 5
36255 6
36258 8
36271 2
36291 2
36292 0
36294 9
36295 2
36297 7
36298 7
36299 6
36306 5
36315 5
36324 4
36332 0
36333 2
36338 2
36341 6
36345 7
36352 1
36360 2
36361 9
36370 2
36374 5
36378 0
36382 4
36383 9
36386 3
36388 2
36391 4
36394 2
36395 6
36396 7
36397 7
36406 2
36411 3
36417 3
36425 8
36428 5
36433 4
36436 3
36437 3
36439 7
36457 9
36462 2
36470 8
36471 8
36472 1
36478 1
36484 0
36490 5
36494 1
36496 1
36507 2
36515 3
36519 6
36524 4
36525 4
36529 8
36532 3
36533 2
36538 5
36550 3
36556 4
36557 6
36562 0
36564 2
36571 6
36576 7
36578 6
36586 9
36590 8
36591 4
36597 0
36602 8
36606 6
36618 0
36622 4
36627 6
36634 4
36641 2
36658 8
36660 9
36667 0
36668 1
36671 7
36673 7
36674 3
36676 0
36677 1
36680 4
36681 8
36690 1
36692 9
36696 2
36698 8
36700 9
36705 8
36711 2
36712 4
36720 2
36724 2
36730 0
36739 3
36751 9
36757 1
36761 7
36762 7
36764 8
36765 2
36767 1
36769 8
36770 9
36772 7
36773 1
36774 4
36778 4
36780 6
36781 2
36798 2
36800 9
36801 5
36809 6
36810 6
36811 5
36821 7
36824 5
36826 3
36828 8
36834 4
36835 1
36836 7
36851 7
36852 0
36853 4
36854 8
36857 4
36861 4
36867 6
36871 4
36872 7
36879 5
36883 3
36884 2
36886 9
36891 4
36895 5
36900 9
36924 6
36931 4
36935 6
36943 7
36945 1
36947 3
36951 2
36953 6
36954 7
36958 4
36960 6
36966 9
36971 0
36977 4
36983 2
36988 7
36990 5
36992 9
36997 6
36998 1
37001 6
37006 9
37007 9
37015 7
37018 1
37025 9
37026 7
37037 8
37038 2
37039 9
37043 5
37049 6
37064 4
37068 1
37071 4
37076 5
37078 2
37085 3
37092 7
37097 3
37109 9
37112 7
37115 1
37118 9
37121 8
37140 2
37141 0
37143 4
37160 3
37161 7
37176 1
37177 1
37188 9
37192 9
37193 0
37196 0
37198 3
37200 5
37203 4
37210 7
37212 9
37222 4
37223 1
37228 2
37229 9
37230 1
37232 5
37238 2
37248 3
37256 1
37257 3
37263 0
37271 9
37273 6
37274 6
37286 9
37292 0
37293 3
37294 0
37295 0
37296 6
37304 4
37311 4
37318 7
37321 8
37326 5
37337 7
37338 1
37341 6
37342 0
37350 1
37353 9
37358 4
37359 2
37361 8
37363 3
37373 3
37378 9
37384 7
37386 9
37393 4
37395 1
37401 8
37402 8
37406 4
37410 5
37418 9
37420 7
37424 8
37425 8
37428 5
37429 8
37432 9
37441 0
37444 0
37454 5
37458 3
37482 5
37483 1
37487 2
37492 9
37502 3
37511 9
37515 4
37518 7
37523 4
37528 9
37534 4
37542 3
37544 5
37555 2
37557 4
37560 5
37563 2
37577 6
37584 1
37589 0
37597 3
37606 2
37608 0
37609 7
37610 8
37619 3
37629 8
37639 8
37649 1
37650 4
37651 2
37652 6
37654 2
37657 7
37662 9
37670 5
37683 5
37685 7
37686 7
37687 8
37689 0
37695 0
37730 6
37740 3
37743 3
37749 9
37763 4
37793 4
37796 5
37798 2
37803 0
37807 1
37808 1
37824 8
37826 9
37827 0
37832 3
37846 9
37858 2
37869 4
37880 2
37883 6
37885 6
37891 7
37897 2
37899 4
37904 1
37905 5
37913 5
37920 4
37923 6
37933 7
37944 6
37952 0
37957 1
37958 4
37960 1
37970 9
37972 0
37973 6
37995 7
38003 8
38004 0
38008 0
38009 4
38011 8
38015 1
38021 6
38023 5
38024 5
38027 4
38033 0
38045 5
38048 9
38049 4
38055 5
38057 2
38065 0
38066 6
38067 0
38082 1
38083 1
38085 7
38089 0
38102 5
38108 4
38111 4
38120 6
38121 3
38122 0
38124 7
38127 2
38128 1
38155 0
38175 2
38176 9
38178 9
38182 3
38184 9
38187 9
38203 1
38215 1
38241 7
38248 8
38257 5
38261 8
38265 5
38275 9
38278 0
38285 3
38287 4
38296 7
38302 7
38305 8
38306 8
38309 9
38316 5
38320 4
38323 6
38326 5
38327 2
38332 4
38334 8
38336 8
38343 3
38344 3
38346 1
38355 3
38362 7
38368 7
38370 2
38378 7
38383 9
38392 4
38409 3
38413 5
38422 5
38426 7
38428 2
38442 1
38444 1
38445 4
38448 0
38454 3
38458 1
38462 5
38463 3
38476 5
38477 4
38478 5
38479 1
38480 1
38487 0
38489 2
38498 2
38504 8
38506 1
38508 7
38510 3
38521 4
38528 9
38530 4
38533 8
38538 6
38541 0
38546 4
38551 4
38562 3
38563 0
38567 4
38570 3
38577 9
38584 2
38586 6
38592 1
38593 7
38597 6
38598 3
38599 0
38604 2
38610 8
38616 2
38626 9
38630 2
38634 4
38646 7
38653 1
38662 7
38663 1
38671 1
38674 0
38678 8
38681 6
38685 7
38687 3
38702 6
38704 5
38706 2
38718 4
38719 4
38729 8
38736 1
38738 1
38740 3
38744 4
38750 5
38754 1
38766 6
38772 1
38776 6
38777 3
38780 0
38784 2
38785 8
38787 0
38796 6
38798 4
38804 5
38806 7
38810 6
38814 3
38815 6
38819 3
38826 6
38840 2
38842 9
38845 5
38849 4
38864 0
38867 5
38888 6
38889 8
38892 6
38893 8
38903 9
38904 5
38905 6
38915 5
38920 8
38921 8
38924 7
38931 1
38932 5
38939 5
38941 9
38943 3
38944 8
38948 7
38957 0
38982 7
38984 0
38985 5
38989 4
38996 1
38998 1
38999 7
39002 8
39006 3
39008 1
39011 2
39015 3
39018 6
39021 1
39029 4
39031 2
39035 7
39041 3
39046 2
39050 5
39051 0
39056 8
39057 1
39059 7
39061 0
39064 8
39067 3
39070 8
39075 5
39081 3
39082 5
39083 7
39094 0
39100 5
39106 5
39107 6
39112 1
39121 2
39124 3
39127 2
39136 6
39140 2
39145 8
39146 3
39160 4
39161 4
39165 5
39171 8
39174 1
39190 5
39192 8
39193 3
39198 7
39206 0
39212 4
39215 1
39216 2
39224 1
39227 1
39229 4
39233 1
39239 7
39244 5
39247 3
39259 3
39261 3
39262 0
39274 3
39275 2
39283 5
39284 3
39296 7
39302 9
39304 6
39306 2
39309 3
39313 6
39314 0
39317 9
39321 6
39322 9
39326 4
39328 4
39338 5
39343 3
39344 8
39346 9
39372 6
39377 5
39379 9
39380 5
39382 9
39388 9
39393 6
39394 8
39398 1
39406 9
39412 6
39415 8
39416 6
39418 6
39420 9
39426 1
39434 2
39435 8
39447 4
39452 2
39460 1
39464 5
39470 9
39481 6
39485 6
39493 6
39497 8
39501 1
39508 9
39513 9
39516 7
39519 4
39525 2
39526 2
39530 1
39534 2
39536 4
39542 3
39543 7
39544 1
39558 2
39559 0
39562 0
39574 8
39583 1
39590 6
39591 2
39596 6
39600 2
39606 5
39607 6
39611 5
39621 9
39625 7
39628 1
39634 5
39637 2
39648 6
39656 6
39660 8
39667 6
39678 0
39682 9
39691 5
39692 4
39697 7
39698 6
39702 5
39703 8
39712 3
39714 0
39716 5
39724 6
39726 2
39728 3
39732 0
39740 2
39741 6
39742 8
39745 7
39759 1
39760 5
39776 6
39784 0
39794 1
39802 1
39805 6
39811 4
39812 4
39825 9
39826 7
39827 1
39838 2
39846 8
39847 0
39854 9
39863 9
39865 1
39870 5
39871 7
39873 5
39876 4
39877 3
39880 2
39881 5
39882 7
39894 0
39905 8
39919 0
39932 7
39936 7
39938 0
39941 5
39947 3
39951 7
39952 9
39953 6
39955 6
39966 5
39984 3
39987 8
39995 4
39997 9
40002 0
40009 9
40010 0
40014 2
40018 6
40021 5
40028 5
40029 6
40031 5
40033 7
40041 4
40042 8
40049 5
40060 6
40061 1
40063 3
40064 5
40071 0
40075 3
40080 8
40083 5
40087 5
40090 6
40091 6
40097 8
40103 8
40105 1
40108 5
40127 9
40128 9
40139 2
40149 6
40155 9
40157 6
40168 8
40177 4
40185 4
40198 0
40204 5
40205 2
40207 7
40217 0
40221 6
40232 9
40234 4
40237 3
40239 6
40248 2
40251 1
40253 1
40257 8
40258 8
40259 3
40265 1
40268 6
40272 8
40274 7
40285 0
40294 5
40299 3
40300 1
40308 6
40311 6
40316 2
40321 3
40322 9
40329 4
40330 0
40331 3
40345 0
40348 4
40354 5
40361 8
40368 6
40370 5
40374 6
40376 4
40377 6
40381 3
40383 5
40387 5
40392 8
40403 3
40405 7
40408 3
40415 0
40417 3
40427 6
40449 8
40450 5
40456 6
40458 1
40465 5
40475 2
40483 0
40487 6
40492 1
40497 5
40503 6
40504 2
40510 6
40512 9
40513 3
40528 1
40540 0
40547 5
40551 7
40553 2
40554 4
40557 9
40559 7
40563 0
40564 1
40569 2
40574 2
40575 7
40581 2
40587 2
40589 3
40592 5
40593 9
40594 7
40600 6
40609 5
40620 3
40623 7
40633 8
40634 6
40635 9
40636 3
40647 6
40651 4
40655 5
40667 9
40671 4
40676 3
40687 3
40695 1
40697 3
40705 0
40710 5
40715 9
40722 6
40734 3
40736 7
40741 5
40752 7
40757 3
40763 1
40765 3
40766 7
40777 6
40780 4
40781 7
40794 6
40795 0
40797 4
40798 0
40806 5
40807 1
40815 2
40818 1
40820 2
40821 5
40824 5
40825 1
40827 1
40832 9
40838 2
40841 5
40844 1
40846 0
40850 4
40856 8
40858 1
40859 4
40861 4
40864 4
40869 7
40877 0
40882 8
40883 5
40889 4
40892 9
40897 1
40898 0
40907 2
40922 9
40932 3
40934 8
40941 4
40949 9
40960 3
40973 0
40980 3
40990 0
40994 8
40996 5
41001 0
41006 0
41008 3
41009 8
41021 7
41033 0
41041 1
41047 4
41048 1
41049 1
41059 1
41063 7
41065 1
41069 9
41084 5
41088 1
41092 8
41093 3
41094 9
41100 8
41102 6
41105 8
41107 1
41113 1
41116 6
41117 2
41118 3
41120 5
41131 1
41132 6
41134 5
41143 8
41146 9
41155 7
41159 8
41166 8
41168 4
41170 4
41171 0
41173 0
41178 6
41179 1
41182 0
41186 2
41187 2
41198 6
41203 8
41207 2
41212 4
41214 0
41222 7
41231 8
41233 2
41241 9
41244 3
41246 2
41248 9
41253 3
41254 8
41267 1
41268 3
41269 9
41270 5
41283 6
41285 6
41289 9
41292 5
41317 1
41319 6
41322 2
41325 1
41334 4
41341 3
41345 6
41347 1
41349 6
41352 5
41358 3
41364 4
41365 4
41370 9
41373 3
41376 4
41383 6
41394 8
41397 1
41405 7
41408 7
41415 8
41420 6
41426 1
41432 9
41433 7
41434 5
41439 4
41440 1
41441 1
41442 3
41447 4
41449 3
41451 8
41455 0
41474 0
41478 4
41481 6
41483 0
41486 4
41487 5
41488 0
41489 8
41500 7
41502 7
41504 6
41505 5
41511 9
41513 7
41518 5
41524 5
41532 0
41539 1
41541 1
41542 1
41546 5
41562 3
41574 5
41576 5
41581 2
41583 7
41594 6
41595 7
41596 3
41599 1
41601 1
41603 5
41605 5
41632 4
41634 8
41635 1
41644 1
41647 6
41648 9
41649 2
41650 5
41654 5
41657 6
41659 0
41660 4
41661 5
41662 0
41664 1
41674 4
41676 2
41679 0
41690 3
41691 2
41693 3
41694 1
41705 4
41707 7
41717 4
41723 6
41725 0
41727 1
41731 7
41736 9
41737 1
41743 4
41746 4
41747 5
41755 1
41758 8
41760 2
41775 9
41783 0
41784 9
41786 8
41787 7
41796 1
41801 8
41802 4
41804 9
41809 8
41816 9
41819 8
41832 8
41833 7
41835 9
41838 8
41840 6
41845 6
41848 5
41850 6
41853 4
41865 7
41869 2
41871 4
41874 5
41884 8
41890 9
41896 0
41897 9
41920 5
41922 2
41943 5
41954 5
41960 2
41966 5
41967 0
41973 8
41975 6
41979 6
41985 8
41988 9
41999 8
42003 2
42004 5
42006 9
42008 7
42012 9
42015 9
42024 2
42028 0
42035 3
42037 6
42046 5
42050 1
42058 1
42062 1
42068 4
42071 6
42073 5
42074 4
42076 3
42080 8
42093 0
42097 8
42099 3
42100 4
42103 2
42109 1
42123 0
42128 4
42130 5
42142 5
42150 4
42154 8
42165 1
42166 6
42170 7
42180 4
42181 9
42182 9
42209 7
42219 5
42220 5
42222 3
42232 1
42237 9
42249 3
42254 4
42255 6
42263 4
42271 9
42273 7
42285 8
42296 1
42303 0
42306 0
42310 1
42313 7
42316 1
42318 5
42319 5
42321 8
42329 6
42330 4
42334 5
42337 8
42340 8
42344 7
42360 4
42365 6
42371 1
42372 9
42375 3
42376 3
42378 6
42387 4
42388 3
42392 0
42398 3
42401 8
42424 6
42425 3
42427 3
42433 8
42435 9
42437 4
42438 0
42439 6
42442 3
42443 9
42444 8
42447 7
42448 5
42453 6
42456 9
42457 9
42461 8
42469 5
42480 9
42488 6
42494 4
42504 2
42507 8
42509 5
42514 0
42517 1
42518 0
42521 7
42522 5
42531 4
42533 7
42541 8
42548 6
42549 0
42551 2
42562 2
42565 7
42567 1
42568 4
42569 6
42577 0
42579 9
42581 5
42591 2
42601 4
42602 6
42604 2
42609 9
42611 7
42612 2
42619 2
42633 4
42634 5
42648 6
42662 7
42664 1
42672 4
42673 4
42676 3
42680 1
42681 4
42684 9
42689 7
42691 2
42695 8
42708 9
42716 7
42719 6
42721 1
42727 7
42729 7
42736 8
42739 5
42740 9
42752 7
42757 5
42762 9
42766 0
42776 0
42778 2
42779 9
42781 5
42788 3
42789 2
42792 3
42798 2
42799 7
42805 7
42810 6
42821 4
42826 3
42840 2
42844 9
42848 6
42849 3
42852 3
42854 0
42856 0
42860 6
42864 2
42865 2
42875 3
42876 3
42877 7
42884 9
42890 2
42894 5
42897 1
42898 6
42902 9
42909 0
42910 9
42913 0
42914 8
42915 2
42918 5
42931 4
42937 8
42955 4
42956 5
42962 0
42964 3
42967 6
42968 1
42972 6
42974 3
42975 8
42976 6
42978 0
42987 9
42989 4
42996 3
43004 4
43007 3
43013 8
43014 6
43017 0
43018 8
43021 2
43023 7
43024 8
43028 7
43029 6
43032 0
43042 4
43055 5
43059 1
43060 5
43068 7
43069 7
43075 8
43076 3
43079 6
43082 3
43085 5
43086 1
43091 3
43101 6
43111 1
43122 6
43133 8
43137 7
43147 3
43148 2
43149 2
43150 3
43151 7
43153 4
43160 6
43167 0
43170 5
43173 8
43174 9
43191 1
43192 0
43195 5
43197 3
43198 3
43215 5
43220 8
43223 4
43233 2
43234 3
43238 1
43247 3
43248 7
43257 0
43259 3
43274 2
43277 2
43282 6
43288 3
43298 3
43300 9
43301 8
43310 8
43312 3
43316 5
43323 9
43324 8
43326 8
43328 1
43330 8
43331 1
43333 0
43334 4
43338 0
43346 0
43348 0
43349 9
43353 9
43361 7
43375 7
43377 2
43378 7
43388 3
43398 6
43403 6
43407 0
43409 3
43411 4
43422 0
43435 6
43439 7
43440 2
43442 5
43445 6
43449 6
43453 5
43459 8
43472 8
43477 4
43479 6
43482 4
43483 6
43492 7
43493 0
43505 5
43506 8
43516 6
43520 8
43526 6
43531 3
43532 2
43538 5
43542 9
43556 5
43557 6
43560 2
43567 2
43569 4
43578 5
43581 2
43592 3
43603 7
43605 3
43614 2
43619 5
43625 2
43635 0
43637 5
43642 0
43664 8
43670 6
43679 5
43680 8
43687 3
43693 3
43706 5
43711 4
43712 0
43722 2
43724 4
43730 9
43733 8
43734 7
43739 1
43750 6
43755 3
43758 6
43759 2
43763 9
43770 3
43775 7
43777 7
43778 0
43779 0
43782 3
43784 0
43785 0
43787 1
43788 8
43791 9
43795 4
43812 7
43819 7
43825 8
43826 0
43834 7
43836 9
43837 3
43840 1
43845 8
43872 3
43874 7
43881 1
43882 7
43894 9
43898 8
43905 3
43913 6
43914 9
43918 5
43920 1
43922 9
43924 5
43926 2
43929 6
43930 6
43933 4
43944 9
43949 9
43950 1
43952 0
43961 8
43962 3
43963 7
43968 7
43969 4
43971 5
43978 9
43979 2
43980 5
43985 6
43986 1
43991 2
43992 4
43995 9
43996 4
43997 2
44001 6
44005 8
44006 9
44013 4
44033 0
44041 5
44043 7
44059 1
44063 8
44069 0
44076 3
44079 8
44087 7
44092 4
44093 6
44099 4
44104 3
44108 2
44114 0
44129 5
44134 8
44145 7
44146 2
44165 3
44169 8
44174 5
44176 9
44179 6
44183 4
44185 2
44188 1
44192 9
44208 9
44223 7
44228 0
44234 1
44237 9
44239 0
44241 3
44248 5
44253 0
44259 5
44268 7
44272 0
44273 4
44274 4
44277 4
44278 1
44283 1
44293 2
44299 8
44301 0
44302 1
44307 8
44311 6
44312 3
44318 6
44322 2
44323 6
44327 9
44338 2
44342 2
44353 6
44354 5
44357 9
44363 0
44372 5
44381 2
44394 7
44400 1
44413 1
44434 8
44436 6
44449 4
44455 2
44458 6
44465 9
44467 6
44474 0
44477 7
44479 1
44480 4
44489 2
44490 0
44491 1
44510 8
44513 1
44514 3
44520 7
44523 7
44524 8
44527 5
44534 3
44536 7
44540 8
44541 2
44544 4
44546 6
44547 7
44549 4
44551 4
44553 2
44554 7
44558 0
44566 7
44571 5
44573 9
44582 1
44587 1
44590 2
44591 8
44593 2
44596 0
44597 1
44605 1
44619 9
44632 8
44636 7
44637 4
44646 4
44653 6
44658 5
44660 1
44666 4
44669 6
44679 8
44684 5
44689 5
44691 7
44693 6
44697 0
44706 1
44731 6
44749 7
44751 7
44760 3
44768 2
44771 6
44772 8
44777 9
44778 8
44780 9
44784 6
44790 2
44791 8
44795 9
44801 1
44815 5
44818 3
44822 4
44828 5
44829 1
44845 2
44848 0
44852 5
44855 6
44858 9
44861 9
44863 6
44864 2
44867 9
44868 0
44870 9
44876 4
44879 8
44893 4
44901 6
44908 0
44911 2
44916 2
44920 6
44926 6
44932 9
44937 7
44940 9
44950 5
44951 0
44953 9
44957 0
44959 3
44963 7
44965 8
44966 6
44970 4
44972 4
44978 5
44979 2
44982 2
44987 6
44989 3
44990 3
44998 7
44999 7
45007 3
45011 9
45024 5
45025 1
45031 8
45036 4
45041 5
45045 1
45052 5
45065 0
45066 1
45075 1
45082 6
45091 7
45092 1
45093 2
45100 5
45108 9
45111 5
45115 7
45116 6
45120 7
45124 2
45125 9
45132 6
45137 0
45139 6
45151 7
45155 0
45156 2
45157 6
45163 3
45165 2
45184 2
45188 2
45190 5
45205 0
45212 5
45213 8
45214 4
45217 0
45240 2
45252 8
45260 6
45262 9
45266 7
45269 8
45271 9
45283 0
45284 8
45286 3
45289 7
45296 3
45297 3
45300 3
45303 8
45310 8
45319 4
45320 8
45327 2
45330 9
45331 9
45337 0
45341 0
45342 1
45343 3
45344 1
45345 8
45347 6
45354 1
45356 6
45371 9
45375 4
45384 4
45395 8
45403 9
45404 4
45405 7
45406 4
45429 0
45430 3
45433 8
45448 3
45450 6
45464 3
45469 6
45470 5
45471 6
45472 6
45475 2
45477 0
45478 9
45479 6
45494 7
45498 5
45502 6
45515 0
45517 6
45519 7
45538 8
45539 4
45540 1
45543 8
45549 6
45554 6
45557 7
45562 2
45569 0
45570 3
45579 2
45580 7
45585 5
45587 8
45592 8
45593 7
45598 1
45604 5
45626 1
45628 0
45636 3
45638 2
45652 6
45654 5
45657 5
45659 9
45665 7
45667 1
45668 7
45676 7
45677 6
45680 6
45683 5
45690 9
45706 7
45711 5
45717 5
45719 7
45724 9
45728 8
45729 2
45730 3
45739 3
45742 0
45748 0
45750 3
45752 9
45755 1
45760 6
45764 0
45781 3
45789 7
45792 0
45794 4
45798 2
45799 2
45804 9
45805 8
45806 1
45807 5
45811 0
45816 4
45818 6
45819 6
45827 8
45838 3
45840 4
45851 2
45856 3
45859 0
45861 0
45862 4
45872 9
45873 0
45874 4
45877 4
45893 6
45903 9
45911 6
45919 1
45922 6
45925 9
45929 8
45934 8
45941 6
45950 6
45956 3
45957 8
45962 1
45964 8
45973 2
45983 4
45986 4
45993 7
45994 3
45996 4
46023 9
46038 9
46042 0
46056 6
46061 9
46064 1
46065 6
46076 5
46078 7
46080 9
46090 7
46091 3
46092 7
46096 1
46097 2
46099 7
46114 8
46116 2
46121 0
46124 8
46125 5
46128 9
46130 6
46133 9
46135 0
46141 4
46149 5
46153 6
46154 3
46162 9
46163 1
46166 5
46167 2
46174 2
46179 7
46183 0
46185 9
46186 7
46201 8
46204 0
46207 8
46213 6
46229 8
46230 2
46236 8
46238 3
46243 3
46244 4
46250 7
46258 1
46261 0
46265 7
46267 9
46268 4
46274 2
46276 1
46279 7
46292 7
46293 3
46295 4
46298 6
46299 6
46304 7
46308 4
46313 4
46316 4
46321 6
46322 0
46325 2
46328 0
46329 7
46330 5
46331 9
46336 0
46337 2
46340 0
46345 7
46350 3
46352 1
46361 6
46363 9
46365 6
46376 8
46382 9
46389 6
46391 8
46399 1
46407 8
46408 8
46415 9
46417 1
46419 6
46424 4
46426 0
46431 7
46433 0
46434 1
46441 6
46462 7
46467 5
46475 6
46488 5
46492 9
46495 5
46497 6
46506 6
46512 9
46523 8
46530 5
46537 4
46540 3
46541 4
46543 5
46544 9
46546 4
46548 3
46551 5
46553 1
46566 3
46573 2
46579 8
46586 3
46590 9
46591 6
46596 8
46600 7
46604 4
46607 1
46608 8
46611 1
46614 2
46623 8
46625 8
46641 0
46646 1
46651 3
46653 1
46656 6
46661 1
46663 5
46671 4
46675 9
46681 6
46683 6
46693 9
46700 2
46702 1
46706 6
46711 4
46715 1
46719 3
46724 5
46727 2
46729 1
46730 4
46732 2
46735 3
46741 9
46743 8
46744 4
46764 9
46771 6
46777 6
46781 6
46782 8
46784 6
46786 0
46797 1
46798 3
46799 1
46803 3
46805 0
46812 9
46813 7
46815 6
46821 3
46829 3
46839 1
46842 6
46843 8
46848 4
46857 4
46866 0
46872 5
46879 1
46894 4
46896 9
46897 9
46913 1
46921 3
46935 2
46936 8
46940 3
46943 8
46945 5
46948 1
46949 2
46950 2
46958 8
46974 7
46978 7
46981 9
46984 7
47004 9
47008 9
47011 0
47012 2
47013 6
47014 4
47018 7
47022 4
47026 9
47050 6
47052 1
47060 5
47061 7
47063 2
47065 9
47077 5
47080 7
47082 6
47087 1
47093 7
47105 4
47113 8
47116 8
47117 4
47125 3
47129 2
47139 2
47157 2
47161 3
47176 4
47191 7
47199 9
47202 6
47203 9
47212 2
47213 7
47220 4
47223 2
47224 6
47225 6
47227 8
47229 1
47234 1
47236 7
47241 6
47242 1
47243 9
47264 0
47276 7
47281 6
47287 5
47293 0
47301 1
47310 5
47315 1
47321 4
47323 3
47328 5
47331 8
47342 0
47347 8
47351 6
47354 3
47355 6
47360 7
47366 4
47377 4
47379 1
47389 9
47392 6
47394 1
47400 7
47405 3
47411 6
47425 9
47426 7
47431 3
47446 6
47449 8
47451 2
47455 9
47458 6
47462 9
47467 1
47476 9
47477 6
47479 8
47491 3
47492 7
47493 3
47505 8
47512 8
47515 4
47520 9
47524 9
47527 2
47537 4
47538 8
47539 4
47545 3
47550 4
47553 4
47554 0
47558 2
47564 3
47565 5
47566 4
47571 8
47573 6
47575 5
47578 4
47592 6
47600 4
47603 0
47604 5
47609 5
47616 4
47622 3
47637 5
47638 9
47650 2
47655 5
47660 2
47662 2
47666 1
47674 4
47680 7
47685 9
47693 8
47694 4
47696 0
47714 9
47716 3
47717 8
47718 8
47720 7
47748 4
47751 2
47759 5
47763 7
47764 1
47767 7
47768 1
47772 5
47773 1
47783 1
47788 5
47795 5
47814 6
47817 2
47818 7
47821 2
47823 6
47825 5
47828 3
47830 2
47839 7
47842 6
47846 0
47850 8
47854 1
47861 2
47872 6
47875 7
47888 9
47896 6
47897 0
47900 7
47905 0
47907 1
47910 1
47912 2
47919 7
47929 1
47932 7
47935 9
47945 3
47949 1
47951 1
47954 0
47956 3
47958 8
47960 6
47961 4
47962 1
47964 3
47966 5
47968 5
47970 9
47972 1
47981 4
47994 6
47999 7
48005 7
48012 4
48020 4
48022 8
48024 7
48025 5
48029 6
48031 5
48032 4
48039 8
48043 3
48044 4
48053 6
48055 9
48064 4
48066 4
48068 9
48075 7
48081 3
48101 1
48104 8
48105 6
48121 8
48123 4
48127 4
48135 2
48151 5
48152 7
48156 3
48159 5
48165 3
48168 9
48180 1
48190 8
48193 8
48194 5
48204 5
48205 7
48213 3
48220 7
48222 4
48224 0
48228 7
48235 2
48241 2
48247 3
48252 1
48255 8
48256 1
48266 8
48269 6
48272 5
48273 6
48280 1
48288 8
48297 5
48298 8
48307 2
48308 4
48310 3
48315 7
48316 6
48319 6
48321 7
48325 1
48327 2
48344 6
48350 2
48353 8
48365 5
48366 3
48368 1
48370 1
48376 8
48378 7
48389 8
48393 1
48401 3
48403 8
48404 6
48405 8
48419 3
48426 9
48443 4
48447 2
48449 4
48452 2
48453 5
48458 7
48460 1
48464 9
48470 5
48482 0
48484 5
48486 8
48487 2
48492 7
48497 7
48498 1
48502 9
48504 5
48505 8
48506 2
48508 3
48509 1
48512 7
48525 1
48540 9
48542 5
48547 0
48555 8
48559 7
48560 2
48562 4
48566 7
48577 4
48579 8
48584 0
48587 2
48588 9
48592 9
48600 1
48603 4
48604 4
48605 7
48606 0
48611 5
48613 2
48615 2
48617 2
48623 3
48632 7
48635 8
48641 7
48644 7
48647 3
48655 3
48667 2
48670 2
48672 4
48681 0
48683 9
48686 5
48689 5
48691 5
48693 3
48701 8
48702 8
48715 2
48723 5
48725 6
48727 2
48730 3
48751 3
48752 6
48757 7
48764 6
48765 2
48770 0
48773 4
48774 5
48775 9
48780 2
48781 3
48783 8
48798 7
48802 4
48803 8
48806 6
48809 0
48811 8
48824 3
48825 1
48826 0
48829 3
48830 1
48840 3
48841 0
48843 3
48856 9
48858 2
48860 5
48866 8
48867 9
48869 6
48872 4
48877 2
48879 5
48881 2
48885 8
48886 1
48887 7
48896 5
48899 8
48911 7
48915 0
48918 4
48919 7
48921 8
48923 4
48929 3
48930 8
48934 4
48940 4
48944 8
48946 0
48947 7
48953 7
48954 9
48957 8
48958 3
48960 9
48985 9
48988 8
48992 8
48994 7
49005 9
49007 0
49009 6
49015 8
49017 2
49025 4
49026 0
49027 1
49029 3
49031 2
49038 3
49039 9
49040 5
49051 0
49053 3
49054 4
49061 8
49066 4
49079 8
49082 1
49083 7
49103 5
49112 2
49114 5
49117 8
49120 7
49122 8
49125 1
49132 6
49135 7
49141 2
49144 4
49151 6
49155 0
49159 1
49162 3
49165 4
49179 3
49190 0
49191 1
49199 7
49205 1
49211 0
49215 4
49221 0
49223 9
49224 8
49225 7
49228 4
49230 7
49240 1
49242 4
49243 2
49244 4
49246 4
49250 2
49251 1
49255 9
49257 7
49261 0
49267 0
49268 5
49273 4
49274 6
49282 6
49285 5
49289 1
49313 2
49318 7
49324 7
49330 4
49331 9
49337 2
49354 7
49356 2
49357 4
49369 6
49372 1
49381 0
49384 4
49385 0
49387 2
49396 9
49398 8
49408 6
49416 5
49423 5
49424 9
49426 8
49440 9
49441 8
49442 3
49443 4
49446 6
49452 9
49476 1
49477 8
49480 3
49483 4
49486 9
49487 2
49489 4
49491 7
49493 6
49502 2
49509 6
49511 9
49517 5
49521 1
49525 4
49527 8
49533 8
49534 6
49543 4
49544 5
49549 8
49555 9
49570 3
49572 6
49585 9
49586 0
49594 0
49595 5
49605 7
49616 0
49625 6
49630 2
49633 2
49639 4
49648 3
49659 6
49660 2
49663 7
49665 8
49669 6
49672 1
49673 4
49676 0
49677 7
49678 3
49679 1
49681 7
49684 5
49691 5
49695 2
49698 5
49699 3
49715 3
49722 8
49723 4
49727 2
49730 4
49733 5
49734 1
49739 1
49747 2
49749 9
49753 9
49754 0
49756 8
49760 0
49763 8
49771 0
49772 1
49774 1
49776 1
49778 7
49784 1
49787 0
49791 9
49801 1
49802 9
49804 4
49807 0
49809 3
49811 9
49815 6
49817 0
49826 9
49833 4
49843 0
49851 5
49853 4
49857 7
49858 9
49859 8
49862 7
49866 9
49867 1
49871 0
49875 3
49877 7
49878 6
49879 6
49880 7
49885 3
49887 5
49892 4
49895 2
49899 3
49903 1
49906 1
49911 5
49915 2
49919 5
49920 9
49926 0
49938 8
49941 6
49945 8
49946 1
49947 6
49952 4
49954 1
49957 0
49959 4
49968 3
49969 3
49970 7
49973 9
49976 1
49989 8
49994 3
49995 6
