4 6
8 3
15 2
17 7
34 8
43 2
48 5
69 1
72 1
77 9
83 9
85 8
87 3
88 7
93 5
99 5
104 4
106 6
107 0
110 2
113 5
121 4
129 2
130 7
132 1
134 2
144 7
145 8
156 6
157 9
159 5
163 9
165 1
167 9
168 9
170 7
172 2
180 7
185 7
190 4
196 6
203 5
204 3
207 9
209 0
211 3
212 3
220 6
222 7
232 1
238 7
239 1
240 4
243 0
252 5
255 7
267 6
274 0
275 5
277 0
278 0
279 2
288 5
299 3
303 7
307 7
308 3
310 0
319 5
324 1
328 0
334 1
338 2
339 3
340 1
341 2
342 7
350 3
360 8
367 1
368 3
381 0
389 2
395 0
396 3
404 2
405 3
406 6
421 6
426 0
427 6
432 9
435 9
437 9
444 1
446 9
449 9
450 0
453 4
454 4
455 4
458 1
459 3
463 8
465 0
477 7
479 4
480 4
482 9
488 2
492 2
502 9
504 8
516 6
521 6
523 2
535 6
536 2
537 4
538 1
540 9
544 8
552 4
553 8
556 9
565 3
571 9
580 9
587 2
588 1
590 4
592 3
595 6
596 0
597 9
609 5
611 0
612 1
613 4
619 5
621 3
626 6
640 0
642 0
647 8
657 4
661 2
664 4
680 9
681 9
683 6
686 9
693 3
694 4
699 8
702 9
705 0
708 5
714 8
716 1
722 3
724 7
732 3
734 2
735 6
740 7
741 1
745 5
756 4
766 3
768 7
771 0
776 1
781 0
784 9
786 6
788 9
799 3
808 5
822 5
825 2
830 7
834 4
835 9
838 9
840 2
842 2
848 9
853 7
865 2
867 6
875 3
878 1
879 8
880 0
882 8
884 8
885 0
891 3
896 2
898 2
905 3
910 7
920 2
923 9
928 0
936 4
947 8
949 0
954 0
964 0
975 0
977 6
979 6
984 9
987 3
1005 2
1010 7
1014 4
1023 0
1025 5
1026 7
1034 7
1039 7
1042 9
1050 5
1052 8
1062 2
1070 0
1071 1
1084 9
1086 1
1089 2
1098 8
1099 1
1107 8
1108 6
1119 5
1124 5
1128 7
1137 8
1142 5
1146 5
1147 3
1155 3
1159 1
1166 6
1167 5
1183 3
1187 2
1192 3
1193 9
1195 8
1197 8
1204 1
1217 3
1224 0
1228 9
1230 3
1239 4
1242 6
1243 3
1245 9
1249 9
1269 2
1276 5
1284 8
1287 0
1290 8
1296 3
1316 2
1320 6
1321 1
1323 6
1324 9
1325 9
1329 5
1331 3
1337 1
1338 8
1345 4
1346 9
1347 1
1348 7
1357 3
1358 7
1359 9
1365 8
1371 8
1375 6
1378 3
1379 1
1380 0
1387 1
1388 2
1390 1
1392 4
1413 2
1415 4
1425 2
1430 3
1433 8
1442 9
1445 4
1446 9
1447 9
1449 0
1450 0
1460 7
1470 5
1475 8
1476 2
1482 6
1487 1
1507 7
1511 7
1513 9
1516 0
1521 2
1523 6
1524 6
1532 9
1537 7
1571 8
1576 3
1578 5
1582 2
1583 4
1585 4
1588 4
1589 3
1599 8
1600 1
1605 2
1627 9
1628 0
1631 4
1635 7
1642 9
1644 1
1645 1
1646 8
1657 5
1660 4
1662 3
1666 8
1668 5
1669 0
1670 8
1676 3
1679 8
1687 0
1694 9
1697 1
1699 6
1701 1
1709 4
1712 6
1720 5
1736 4
1737 4
1740 4
1746 3
1747 5
1748 4
1750 3
1752 9
1759 5
1768 0
1775 6
1777 4
1779 3
1781 7
1783 8
1788 1
1789 1
1794 4
1802 4
1805 1
1810 7
1811 8
1812 1
1815 6
1820 2
1828 6
1829 6
1831 2
1841 1
1850 6
1858 5
1859 3
1861 0
1863 5
1871 5
1873 2
1874 1
1876 9
1880 9
1881 1
1883 0
1887 7
1902 1
1911 6
1913 6
1914 4
1915 2
1916 0
1920 9
1927 8
1928 3
1940 4
1943 1
1949 4
1953 2
1962 8
1966 6
1971 1
1982 8
1984 2
1989 9
1990 3
1992 2
2001 0
2014 3
2017 4
2018 3
2022 9
2023 0
2030 0
2035 5
2043 0
2044 8
2050 4
2057 4
2061 4
2063 6
2072 6
2080 0
2090 4
2092 8
2097 8
2105 3
2117 2
2123 9
2124 8
2133 6
2139 4
2161 9
2164 5
2165 9
2170 4
2172 5
2178 0
2179 1
2184 6
2186 3
2195 1
2199 6
2202 9
2207 4
2214 7
2219 0
2224 9
2230 6
2232 6
2242 6
2255 4
2256 0
2261 6
2263 6
2265 2
2271 6
2273 4
2275 1
2279 9
2281 1
2291 1
2295 7
2302 1
2303 7
2306 0
2317 7
2339 9
2347 5
2359 0
2363 6
2377 4
2380 8
2382 3
2388 3
2393 3
2422 6
2423 3
2424 4
2435 1
2442 5
2447 6
2448 5
2450 7
2452 4
2455 6
2461 0
2465 1
2468 1
2469 9
2473 3
2482 9
2485 0
2488 5
2489 0
2491 9
2493 2
2498 2
2500 1
2503 4
2504 1
2515 6
2525 1
2532 7
2537 4
2542 0
2550 4
2557 4
2559 7
2561 5
2564 1
2570 5
2573 5
2582 8
2591 8
2593 0
2595 1
2601 9
2603 5
2607 1
2612 6
2614 3
2619 3
2624 3
2637 1
2644 6
2660 3
2663 1
2674 2
2676 3
2683 7
2684 5
2685 2
2688 7
2693 7
2697 4
2702 8
2708 4
2710 6
2716 5
2718 4
2720 2
2721 0
2730 3
2734 8
2739 6
2746 4
2754 4
2756 7
2765 9
2781 2
2784 8
2785 6
2795 0
2798 3
2808 1
2810 4
2811 0
2814 4
2817 6
2821 6
2825 2
2827 6
2832 2
2839 8
2844 0
2856 3
2862 2
2863 8
2864 3
2865 5
2866 3
2867 9
2869 1
2872 8
2880 3
2884 1
2897 4
2902 7
2915 5
2920 0
2925 9
2926 6
2932 5
2934 9
2937 4
2939 9
2940 1
2942 5
2946 4
2947 8
2950 5
2953 8
2964 2
2968 1
2974 5
2978 5
2996 4
2997 7
3003 7
3007 0
3008 1
3014 5
3015 1
3018 0
3022 2
3023 6
3031 8
3036 6
3047 4
3051 7
3054 5
3062 8
3066 7
3070 3
3071 5
3075 5
3080 9
3085 3
3095 7
3096 7
3098 8
3101 8
3113 1
3114 6
3115 0
3120 9
3121 6
3124 7
3125 0
3128 5
3131 7
3132 6
3134 0
3136 7
3138 5
3141 1
3148 7
3153 9
3155 0
3166 8
3182 5
3184 3
3185 3
3190 7
3195 7
3197 4
3204 1
3205 3
3206 4
3212 4
3213 4
3223 8
3226 8
3228 8
3229 7
3239 0
3242 1
3248 1
3249 0
3254 3
3258 2
3259 5
3265 0
3270 6
3271 0
3272 6
3279 8
3286 5
3287 6
3290 4
3299 6
3300 6
3301 5
3303 1
3306 2
3307 1
3314 5
3318 5
3320 4
3325 3
3336 4
3338 4
3344 4
3351 6
3353 9
3359 3
3377 0
3380 5
3384 4
3387 6
3388 1
3395 8
3402 9
3407 0
3409 0
3413 3
3414 4
3419 4
3421 2
3427 5
3434 3
3435 8
3439 1
3445 2
3447 1
3458 5
3461 0
3463 4
3472 2
3479 2
3482 4
3500 8
3501 6
3507 5
3510 3
3527 0
3528 8
3542 1
3551 7
3556 5
3564 5
3568 0
3577 9
3585 4
3617 1
3619 1
3620 7
3627 1
3632 1
3635 5
3636 9
3637 3
3638 0
3645 0
3655 5
3658 7
3661 4
3663 6
3668 9
3676 2
3677 5
3679 8
3704 5
3706 2
3707 4
3708 8
3715 9
3718 0
3726 9
3727 2
3731 7
3734 5
3741 7
3749 7
3752 0
3755 8
3765 2
3777 2
3778 6
3787 9
3795 5
3803 4
3818 7
3821 7
3829 6
3840 4
3842 2
3843 4
3850 0
3853 4
3856 4
3857 7
3862 7
3866 8
3870 1
3872 9
3878 7
3882 2
3885 0
3894 6
3899 0
3905 4
3907 5
3908 6
3911 8
3913 5
3914 2
3915 1
3916 7
3919 0
3925 3
3930 6
3934 7
3937 0
3944 5
3961 9
3962 1
3963 0
3970 3
3971 1
3976 9
3993 6
3995 1
3996 3
4000 4
4002 3
4003 0
4011 9
4014 7
4027 8
4028 1
4035 9
4036 7
4041 7
4049 5
4052 6
4068 5
4070 5
4071 1
4072 0
4076 4
4080 7
4085 6
4088 6
4093 7
4096 4
4097 9
4098 2
4103 8
4106 5
4110 5
4117 0
4118 4
4123 8
4131 3
4136 3
4139 7
4140 3
4142 2
4143 5
4145 7
4151 1
4155 6
4156 2
4157 1
4158 5
4164 6
4170 1
4175 7
4177 0
4178 9
4181 0
4186 7
4190 4
4212 2
4213 8
4229 7
4235 5
4238 9
4240 6
4242 6
4243 9
4246 8
4247 5
4249 2
4262 9
4264 2
4269 1
4276 5
4282 9
4287 5
4305 7
4310 2
4315 1
4316 1
4325 8
4329 7
4331 5
4342 9
4348 3
4356 6
4359 8
4360 4
4361 9
4363 3
4365 6
4366 9
4378 8
4379 3
4381 3
4384 0
4386 3
4387 3
4396 3
4422 6
4425 9
4430 0
4432 4
4437 6
4441 3
4458 6
4461 6
4464 7
4466 0
4469 4
4472 7
4476 3
4484 0
4494 1
4497 6
4503 6
4514 2
4528 8
4529 6
4531 4
4535 8
4537 7
4546 5
4548 8
4552 5
4559 2
4569 1
4577 5
4578 9
4582 8
4583 4
4586 4
4590 3
4592 6
4594 1
4604 3
4607 2
4622 7
4630 0
4633 1
4637 7
4638 4
4639 3
4640 5
4646 0
4649 7
4655 9
4662 8
4667 0
4674 5
4679 8
4680 1
4687 6
4689 3
4698 3
4715 1
4720 2
4726 7
4732 4
4733 9
4741 2
4749 6
4753 7
4755 7
4761 1
4763 5
4765 3
4767 0
4771 9
4777 4
4780 0
4787 2
4794 9
4796 9
4797 3
4807 1
4812 5
4816 4
4823 1
4824 7
4826 6
4831 0
4833 8
4837 5
4842 1
4844 9
4846 2
4850 0
4862 4
4880 6
4888 1
4889 1
4891 7
4892 0
4893 8
4894 0
4902 1
4904 0
4922 6
4924 0
4927 3
4940 1
4951 5
4952 3
4959 2
4972 6
4988 2
4995 4
5002 2
5009 0
5010 2
5017 7
5021 8
5025 7
5030 2
5031 7
5043 0
5049 1
5055 2
5063 3
5068 1
5076 8
5078 2
5084 4
5087 7
5092 3
5094 1
5101 3
5105 2
5110 2
5115 5
5125 8
5126 8
5131 9
5145 8
5148 9
5149 7
5151 9
5154 8
5160 9
5161 7
5162 8
5163 9
5168 0
5176 0
5180 5
5182 1
5185 7
5197 2
5204 1
5205 1
5206 9
5216 3
5225 6
5237 9
5239 3
5244 2
5253 5
5256 5
5257 0
5259 2
5262 1
5266 7
5271 3
5272 3
5274 4
5275 5
5276 3
5279 9
5283 3
5285 5
5288 2
5292 2
5298 5
5299 3
5302 5
5316 7
5317 3
5331 3
5336 5
5338 8
5339 6
5341 5
5347 3
5352 5
5387 9
5388 4
5391 1
5392 9
5395 7
5396 9
5401 6
5411 4
5412 4
5420 3
5425 8
5426 3
5432 6
5437 0
5443 8
5444 9
5445 2
5446 3
5452 3
5453 1
5471 0
5476 3
5487 4
5499 0
5509 0
5513 8
5515 4
5516 9
5526 9
5527 4
5528 6
5529 2
5534 2
5550 8
5558 9
5559 0
5572 0
5573 6
5574 5
5577 4
5579 3
5582 9
5590 2
5595 7
5601 1
5611 3
5617 4
5625 0
5630 1
5635 2
5643 1
5644 4
5648 9
5650 5
5653 5
5660 7
5663 6
5664 6
5667 1
5675 7
5695 2
5697 8
5701 9
5704 3
5707 7
5716 9
5717 4
5720 1
5723 8
5724 9
5729 2
5740 4
5750 3
5752 5
5755 3
5763 5
5765 2
5766 0
5769 3
5773 8
5775 6
5787 5
5800 4
5801 0
5804 6
5814 5
5815 5
5827 4
5830 2
5831 3
5833 3
5834 0
5836 6
5837 2
5838 7
5839 4
5841 3
5847 9
5851 8
5860 0
5862 8
5868 1
5870 9
5872 3
5877 0
5880 9
5882 4
5904 2
5916 9
5924 6
5928 6
5934 6
5935 4
5936 8
5937 4
5940 6
5955 8
5958 5
5965 3
5969 7
5975 8
5980 9
5990 8
5995 6
5998 1
6001 8
6002 3
6007 2
6012 7
6015 3
6034 0
6036 1
6043 3
6051 4
6054 8
6060 0
6080 9
6083 3
6084 6
6085 6
6086 1
6091 1
6097 8
6100 1
6101 4
6107 4
6108 5
6127 3
6135 8
6140 4
6143 0
6147 4
6163 0
6167 1
6175 3
6179 4
6186 9
6188 5
6206 9
6214 8
6220 7
6223 6
6228 4
6235 9
6236 7
6247 7
6249 1
6258 2
6265 3
6267 4
6272 6
6286 5
6295 6
6303 9
6307 6
6311 8
6312 2
6315 0
6320 3
6327 0
6331 8
6343 4
6348 0
6349 3
6362 4
6363 1
6373 5
6374 9
6375 8
6376 9
6394 6
6401 1
6410 2
6414 6
6429 5
6430 5
6450 2
6452 0
6456 4
6459 3
6475 0
6490 7
6493 7
6495 5
6500 4
6505 5
6509 0
6510 2
6511 4
6514 6
6518 6
6526 1
6527 0
6529 6
6537 4
6540 0
6547 9
6571 6
6572 4
6576 7
6592 7
6596 4
6597 8
6598 0
6619 9
6628 7
6630 4
6632 7
6634 8
6647 2
6652 0
6656 9
6663 3
6664 8
6666 2
6669 9
6678 9
6679 6
6681 1
6693 4
6699 8
6707 4
6708 4
6716 6
6729 0
6733 3
6740 9
6741 5
6745 2
6746 3
6757 3
6759 4
6760 6
6776 6
6778 7
6780 5
6784 5
6786 8
6788 4
6795 3
6810 8
6820 4
6822 3
6824 2
6825 4
6826 9
6828 4
6831 3
6835 2
6850 3
6854 8
6868 2
6872 1
6875 6
6886 7
6887 2
6890 6
6908 3
6911 5
6913 6
6918 0
6926 4
6930 6
6932 1
6937 8
6941 3
6942 3
6943 8
6946 6
6954 9
6960 2
6979 8
6981 6
6987 4
6994 9
7002 5
7007 0
7008 1
7012 6
7015 4
7017 3
7019 0
7026 5
7027 6
7033 0
7037 1
7042 2
7050 4
7056 1
7058 1
7063 6
7064 4
7065 6
7076 1
7079 8
7094 6
7101 9
7106 7
7110 0
7113 6
7114 0
7118 1
7123 7
7128 0
7143 7
7144 9
7146 4
7169 7
7180 2
7191 6
7192 3
7199 2
7201 2
7204 4
7207 7
7215 3
7216 5
7218 2
7220 9
7223 8
7236 7
7243 6
7252 5
7259 4
7262 8
7264 7
7268 7
7269 9
7271 3
7272 7
7279 1
7285 6
7289 8
7291 0
7293 7
7294 0
7295 6
7309 6
7318 1
7319 9
7320 1
7327 5
7330 7
7331 4
7333 0
7337 1
7342 6
7348 4
7362 0
7365 7
7366 9
7380 4
7381 4
7383 3
7388 2
7400 0
7413 3
7425 4
7432 8
7433 2
7435 6
7437 4
7444 3
7446 4
7459 8
7460 5
7465 7
7466 8
7468 9
7471 2
7473 3
7481 3
7483 6
7488 9
7493 4
7496 4
7499 9
7500 6
7503 8
7504 8
7509 9
7520 4
7526 1
7533 4
7547 4
7548 9
7556 2
7560 2
7562 0
7568 9
7575 1
7577 2
7578 0
7584 6
7586 7
7588 5
7589 8
7592 7
7593 9
7596 7
7602 8
7608 7
7623 7
7624 9
7634 2
7637 1
7640 3
7651 0
7654 4
7666 5
7668 7
7674 1
7678 2
7682 9
7687 7
7689 9
7690 8
7691 8
7695 2
7697 0
7706 7
7713 4
7715 3
7716 1
7718 0
7730 7
7741 3
7755 3
7764 6
7776 8
7777 2
7779 6
7787 5
7802 4
7804 5
7814 1
7816 3
7820 9
7835 6
7843 4
7844 7
7845 4
7848 1
7857 5
7860 0
7863 1
7865 1
7871 4
7879 8
7893 2
7895 1
7896 8
7898 2
7901 1
7905 5
7906 9
7910 8
7915 4
7919 9
7922 8
7936 5
7938 8
7953 9
7958 1
7960 3
7963 3
7983 2
7984 0
7985 5
7995 0
8000 9
8007 5
8010 1
8012 3
8016 8
8019 7
8023 8
8024 3
8030 7
8033 3
8043 5
8051 1
8052 1
8053 9
8065 1
8066 8
8083 3
8087 1
8101 7
8110 5
8113 7
8115 2
8117 9
8119 9
8120 1
8125 1
8128 2
8144 1
8149 5
8161 9
8162 0
8168 6
8169 3
8172 1
8177 0
8179 5
8182 9
8184 0
8198 4
8201 3
8203 2
8207 8
8211 4
8212 4
8231 2
8232 8
8233 6
8235 6
8242 3
8256 7
8257 0
8262 4
8263 2
8267 2
8274 2
8282 0
8283 7
8285 0
8288 0
8289 5
8295 6
8301 9
8306 5
8311 5
8312 9
8315 2
8322 9
8323 2
8325 4
8333 7
8342 2
8344 7
8355 3
8358 6
8366 0
8370 0
8375 2
8380 7
8384 2
8390 8
8393 5
8396 0
8404 9
8410 2
8412 1
8422 6
8424 7
8427 3
8432 2
8438 6
8440 8
8441 0
8449 8
8471 5
8485 3
8494 7
8496 1
8498 8
8502 9
8515 2
8521 6
8527 4
8535 2
8536 4
8545 1
8546 1
8549 1
8551 5
8557 4
8568 5
8569 7
8583 5
8592 6
8594 4
8603 8
8605 8
8608 3
8615 1
8617 8
8618 9
8626 3
8631 9
8632 3
8634 9
8637 3
8639 5
8649 1
8654 7
8667 9
8670 1
8672 6
8677 3
8678 5
8684 8
8688 1
8692 6
8695 4
8700 7
8712 1
8713 7
8718 1
8719 0
8720 0
8721 0
8725 3
8736 8
8742 9
8750 9
8754 3
8757 0
8761 6
8763 0
8774 9
8778 6
8780 4
8785 0
8791 3
8801 3
8802 6
8804 9
8805 6
8806 4
8808 8
8814 9
8816 7
8822 4
8827 9
8838 5
8840 5
8843 1
8844 4
8851 7
8857 3
8858 3
8862 8
8869 9
8871 9
8872 2
8890 9
8891 4
8899 9
8900 0
8902 0
8903 4
8908 6
8912 9
8916 6
8917 9
8918 1
8924 9
8930 0
8936 9
8940 7
8944 2
8948 3
8949 9
8956 4
8958 5
8963 7
8973 3
8974 4
8982 9
8984 3
8985 6
8992 7
8995 4
8998 2
9003 6
9004 4
9006 5
9016 7
9017 5
9018 1
9020 5
9023 7
9024 6
9027 1
9034 2
9040 8
9041 9
9042 5
9043 2
9046 3
9047 5
9050 5
9055 2
9065 8
9067 7
9070 0
9087 2
9096 6
9104 0
9111 9
9116 2
9119 8
9123 5
9126 8
9129 0
9130 4
9138 5
9139 2
9150 6
9151 8
9156 2
9162 1
9164 2
9171 3
9172 7
9174 8
9178 7
9186 5
9188 4
9191 3
9193 8
9195 6
9197 0
9198 7
9199 8
9210 6
9220 3
9223 0
9230 5
9234 0
9235 6
9236 1
9238 5
9242 2
9246 2
9250 0
9254 3
9256 8
9261 0
9262 2
9264 0
9269 1
9274 9
9280 6
9295 3
9303 9
9310 6
9312 3
9317 3
9323 3
9328 9
9337 2
9353 0
9356 5
9358 3
9361 8
9364 9
9365 5
9369 2
9372 4
9374 9
9380 7
9382 5
9383 2
9384 5
9387 2
9395 6
9397 9
9402 0
9404 4
9408 3
9409 0
9415 3
9416 3
9425 1
9427 7
9430 6
9435 1
9438 8
9453 9
9459 0
9468 0
9495 6
9497 3
9505 8
9506 3
9509 4
9511 8
9512 7
9518 9
9519 9
9526 4
9527 1
9530 7
9545 6
9546 2
9552 6
9553 3
9557 8
9558 1
9568 8
9571 8
9574 1
9579 4
9584 9
9586 1
9587 1
9588 7
9596 8
9604 9
9613 2
9624 5
9626 3
9631 9
9639 3
9642 1
9643 3
9646 6
9651 4
9658 9
9663 7
9664 4
9671 9
9675 6
9676 6
9678 9
9680 1
9682 7
9687 3
9688 7
9698 0
9699 9
9703 0
9716 5
9717 5
9718 5
9725 0
9728 7
9733 6
9734 3
9737 9
9745 2
9763 1
9770 7
9772 2
9774 8
9776 7
9778 0
9783 9
9785 3
9787 1
9793 7
9798 0
9829 9
9834 3
9850 5
9855 1
9863 0
9864 3
9867 7
9874 5
9885 2
9887 3
9895 9
9896 8
9897 4
9910 3
9911 3
9915 8
9918 5
9932 2
9933 3
9936 3
9938 9
9943 0
9945 3
9949 1
9959 5
9961 6
9965 6
9969 3
9976 5
9983 7
9988 7
9989 9
9997 9
9998 4
10004 6
10022 3
10024 6
10028 9
10031 4
10032 2
10034 2
10040 1
10046 6
10048 8
10068 7
10071 7
10073 0
10075 4
10076 1
10091 7
10094 9
10097 9
10098 7
10101 9
10106 2
10109 2
10135 1
10136 6
10141 3
10148 7
10155 3
10172 1
10174 2
10183 8
10201 9
10206 8
10208 6
10210 3
10219 8
10221 6
10226 3
10239 8
10241 8
10242 0
10256 5
10259 2
10265 3
10275 7
10276 8
10278 2
10280 9
10294 2
10300 1
10302 9
10304 9
10308 5
10309 5
10318 9
10330 8
10348 1
10355 4
10365 5
10370 2
10373 0
10386 5
10397 9
10412 8
10429 8
10449 5
10455 3
10458 9
10480 4
10486 8
10493 9
10495 6
10496 4
10504 7
10505 5
10508 9
10509 7
10510 0
10514 2
10521 9
10529 0
10541 8
10553 2
10555 3
10558 8
10567 8
10570 9
10571 2
10574 2
10577 4
10607 1
10611 5
10618 1
10627 2
10630 0
10632 4
10635 7
10643 1
10658 2
10659 3
10667 6
10668 6
10669 8
10673 0
10675 1
10678 7
10688 9
10692 2
10693 6
10696 2
10697 6
10703 6
10707 9
10709 6
10718 4
10719 6
10721 3
10722 2
10729 7
10730 8
10737 1
10738 1
10741 6
10742 1
10745 1
10746 0
10752 1
10757 2
10762 2
10769 6
10774 7
10776 1
10777 8
10778 9
10780 0
10784 1
10787 9
10790 8
10795 4
10804 2
10805 7
10809 0
10817 9
10824 0
10825 6
10828 5
10853 6
10862 7
10875 6
10887 9
10897 2
10898 1
10903 3
10908 4
10909 0
10914 0
10918 6
10919 7
10939 8
10950 3
10956 5
10967 4
10971 3
10983 0
10988 4
10994 1
11002 7
11004 1
11006 9
11008 6
11014 2
11019 1
11020 3
11023 5
11025 5
11031 7
11034 3
11035 3
11042 2
11054 9
11055 7
11059 4
11060 7
11063 4
11068 2
11070 8
11077 8
11094 3
11097 1
11104 2
11108 1
11110 0
11117 4
11118 9
11122 6
11130 6
11133 7
11147 1
11149 7
11152 3
11155 6
11156 5
11161 1
11164 1
11171 9
11172 0
11177 1
11186 7
11188 0
11193 5
11197 1
11198 1
11199 5
11200 4
11225 4
11226 6
11234 1
11236 7
11245 9
11250 1
11264 4
11266 4
11268 4
11269 6
11270 9
11273 7
11276 9
11282 5
11284 2
11285 6
11286 6
11291 4
11308 4
11318 3
11320 5
11322 1
11344 0
11360 3
11365 6
11367 4
11369 3
11376 8
11386 6
11387 7
11388 5
11389 0
11390 3
11398 9
11403 5
11417 1
11419 8
11422 7
11437 8
11438 1
11443 7
11445 0
11447 4
11448 4
11452 4
11454 8
11463 8
11465 1
11467 1
11471 4
11475 3
11477 6
11485 3
11490 3
11493 3
11497 7
11507 6
11510 7
11513 1
11515 2
11530 4
11532 0
11537 3
11541 2
11543 8
11548 3
11556 2
11563 1
11564 6
11572 5
11575 1
11576 1
11578 4
11580 2
11589 1
11591 3
11592 5
11593 6
11598 0
11600 3
11604 0
11605 2
11606 1
11622 6
11624 6
11625 6
11628 0
11629 3
11632 0
11637 9
11642 1
11656 1
11658 5
11659 7
11664 7
11665 2
11670 2
11672 4
11673 2
11682 4
11690 0
11698 0
11703 3
11704 6
11714 4
11716 2
11735 8
11742 8
11745 3
11747 2
11749 9
11752 9
11753 1
11754 9
11756 5
11768 8
11776 7
11777 2
11778 5
11795 6
11799 9
11801 2
11807 0
11821 1
11825 1
11828 6
11834 7
11835 3
11836 6
11849 7
11850 8
11851 8
11856 1
11867 2
11873 7
11876 7
11887 3
11899 8
11901 1
11903 0
11909 9
11921 6
11923 3
11928 7
11933 3
11937 9
11943 3
11944 7
11946 8
11949 7
11954 3
11961 3
11967 2
11969 4
11972 9
11977 0
11983 2
11987 3
11996 3
12002 6
12005 4
12009 5
12011 8
12020 3
12026 3
12027 7
12035 6
12036 2
12046 5
12056 6
12070 0
12077 0
12078 8
12079 1
12080 5
12085 5
12095 1
12096 4
12102 8
12104 3
12105 5
12108 2
12124 6
12131 8
12139 7
12145 7
12152 6
12156 4
12171 0
12172 0
12174 2
12178 2
12185 2
12186 8
12187 2
12188 3
12190 2
12192 2
12195 5
12200 7
12208 1
12212 3
12215 1
12218 2
12222 2
12225 1
12227 5
12234 7
12235 0
12241 9
12246 0
12252 3
12282 0
12283 9
12285 0
12288 3
12290 0
12294 7
12297 8
12298 8
12310 6
12312 7
12315 1
12316 8
12320 9
12321 2
12340 9
12342 4
12347 2
12349 4
12360 2
12375 2
12394 4
12400 3
12403 0
12406 8
12407 9
12411 9
12415 8
12418 2
12420 4
12428 4
12429 6
12448 9
12450 7
12453 2
12460 2
12473 7
12498 6
12501 1
12518 4
12520 5
12521 6
12525 1
12538 6
12543 9
12546 1
12549 1
12560 3
12561 7
12562 5
12564 4
12567 1
12585 1
12586 9
12591 8
12595 2
12603 3
12607 6
12614 7
12616 6
12620 2
12623 7
12624 0
12625 4
12631 1
12632 0
12637 6
12639 2
12640 1
12641 8
12642 4
12643 7
12645 1
12646 0
12649 1
12654 8
12655 6
12660 8
12664 2
12673 5
12681 9
12690 6
12691 8
12698 2
12712 8
12715 0
12717 6
12723 2
12730 5
12734 8
12736 0
12746 0
12759 8
12760 4
12763 5
12769 2
12775 8
12776 0
12777 2
12779 2
12780 1
12783 9
12793 2
12796 4
12804 5
12811 0
12820 4
12821 8
12830 4
12832 8
12836 3
12837 8
12850 0
12854 4
12865 4
12870 1
12871 3
12873 4
12893 3
12894 4
12896 3
12899 3
12906 9
12910 1
12917 7
12922 8
12928 7
12931 4
12933 1
12937 4
12953 4
12962 1
12967 7
12980 2
12986 8
12989 2
12994 9
12995 5
13002 2
13005 1
13006 9
13009 5
13020 7
13022 4
13025 5
13042 8
13044 4
13049 7
13050 3
13052 2
13056 7
13057 0
13058 2
13059 0
13063 5
13069 9
13076 7
13077 1
13078 1
13082 1
13083 1
13084 9
13088 0
13103 4
13112 4
13130 4
13131 6
13132 2
13134 7
13137 9
13141 1
13142 9
13153 9
13154 8
13159 1
13160 0
13163 4
13171 9
13173 9
13177 7
13183 8
13186 5
13188 9
13202 8
13210 9
13211 0
13218 6
13220 2
13223 5
13224 5
13229 8
13233 6
13239 8
13240 2
13242 7
13244 0
13246 6
13247 0
13249 0
13256 7
13259 6
13264 5
13290 8
13296 0
13298 7
13299 8
13303 0
13309 8
13311 5
13320 3
13321 3
13337 7
13351 1
13353 8
13355 7
13366 8
13379 3
13392 8
13399 8
13408 0
13425 9
13426 6
13436 4
13441 8
13461 6
13464 1
13467 6
13473 3
13483 8
13485 4
13486 3
13487 1
13489 8
13491 2
13495 3
13498 8
13499 1
13505 4
13508 4
13509 4
13516 4
13517 0
13519 6
13520 7
13538 1
13546 1
13554 5
13558 5
13562 2
13565 2
13573 8
13575 4
13583 2
13586 0
13587 6
13591 0
13593 7
13594 7
13610 0
13617 9
13619 8
13620 6
13636 1
13639 0
13648 8
13649 4
13653 0
13671 4
13686 8
13697 5
13701 2
13704 7
13706 2
13708 0
13723 4
13730 2
13732 4
13736 1
13739 0
13742 8
13746 6
13748 6
13758 2
13759 8
13761 6
13763 4
13768 3
13771 4
13789 0
13793 4
13797 7
13798 6
13801 6
13815 5
13819 1
13833 3
13834 6
13838 7
13840 9
13841 1
13846 7
13854 5
13856 9
13873 8
13880 7
13884 5
13891 1
13904 3
13905 7
13908 5
13909 3
13910 6
13913 7
13915 3
13928 8
13929 2
13931 2
13932 4
13933 7
13934 7
13938 8
13939 9
13941 9
13945 9
13949 4
13950 2
13965 5
13969 0
13970 9
13976 0
13983 3
14001 6
14002 8
14012 3
14034 9
14036 3
14037 9
14042 8
14043 5
14048 0
14052 5
14054 5
14059 0
14064 4
14065 0
14071 0
14081 5
14082 8
14086 1
14088 9
14092 4
14100 4
14105 1
14117 4
14120 8
14125 2
14130 6
14136 7
14137 2
14139 2
14141 2
14145 8
14146 1
14148 1
14155 0
14157 9
14158 7
14159 8
14163 5
14166 1
14167 6
14168 4
14172 0
14174 0
14176 0
14185 1
14186 7
14193 4
14195 7
14204 7
14212 4
14223 3
14225 2
14228 9
14229 9
14230 9
14240 2
14244 8
14245 6
14248 1
14253 4
14258 7
14261 4
14266 5
14273 1
14274 4
14275 7
14277 1
14284 8
14286 1
14289 8
14295 5
14298 8
14304 9
14311 4
14312 7
14315 5
14319 6
14320 7
14321 0
14329 9
14338 6
14348 0
14349 8
14357 2
14358 3
14373 1
14374 5
14379 9
14382 3
14386 4
14388 0
14395 3
14402 4
14410 6
14411 8
14415 9
14419 6
14422 1
14432 3
14439 5
14440 5
14444 2
14447 6
14449 4
14451 9
14452 9
14456 5
14465 0
14466 2
14485 2
14490 2
14494 1
14497 0
14500 8
14502 5
14503 2
14513 9
14515 7
14518 5
14525 0
14527 7
14530 6
14533 9
14534 1
14536 5
14539 6
14553 3
14555 8
14557 8
14559 7
14562 8
14572 1
14573 3
14579 2
14585 7
14586 6
14593 7
14602 8
14606 3
14609 7
14615 4
14618 2
14622 5
14624 0
14627 9
14638 8
14640 8
14642 6
14645 9
14648 2
14650 9
14657 2
14659 4
14665 9
14667 8
14671 3
14672 3
14683 4
14696 2
14706 1
14709 8
14718 6
14720 4
14728 1
14730 0
14734 2
14741 6
14743 3
14751 2
14754 5
14759 6
14763 7
14770 1
14771 2
14777 8
14781 5
14782 5
14791 2
14796 7
14818 0
14819 7
14821 7
14822 3
14824 3
14830 2
14841 6
14846 4
14858 3
14859 9
14860 7
14861 6
14863 0
14874 7
14879 9
14880 4
14884 3
14885 6
14894 7
14895 3
14902 0
14903 0
14905 6
14912 6
14922 2
14924 7
14925 8
14927 3
14931 7
14934 2
14938 9
14940 4
14948 3
14955 6
14956 7
14957 1
14958 4
14963 0
14989 5
15002 5
15004 7
15006 0
15013 2
15016 2
15018 1
15024 8
15025 2
15035 8
15036 7
15046 2
15051 4
15059 8
15060 0
15080 7
15083 2
15090 6
15095 2
15098 1
15101 2
15107 8
15112 2
15124 6
15125 9
15128 7
15130 3
15138 5
15147 6
15148 9
15154 0
15158 0
15159 7
15161 4
15163 1
15164 2
15166 4
15175 4
15180 4
15199 2
15215 8
15216 5
15220 9
15234 8
15236 8
15238 2
15246 0
15248 7
15249 3
15274 5
15293 9
15304 8
15313 2
15316 1
15317 4
15321 8
15322 9
15325 0
15331 8
15344 2
15346 0
15351 2
15365 4
15366 0
15368 5
15371 1
15374 0
15394 2
15397 2
15404 9
15406 1
15409 6
15412 6
15413 8
15415 7
15419 7
15428 6
15438 3
15442 9
15443 5
15463 7
15473 8
15474 9
15475 8
15484 4
15488 1
15497 9
15501 7
15506 3
15511 4
15514 1
15517 0
15519 8
15521 2
15526 6
15535 0
15537 6
15551 5
15557 8
15558 7
15561 8
15562 9
15564 8
15566 7
15571 3
15574 3
15576 4
15578 0
15600 2
15613 3
15616 5
15626 2
15645 0
15651 7
15654 0
15659 7
15660 5
15662 0
15664 3
15677 5
15678 9
15683 1
15688 3
15689 5
15692 0
15694 3
15701 1
15702 5
15705 1
15706 8
15709 8
15712 4
15713 6
15714 9
15718 2
15722 7
15725 6
15730 2
15738 9
15740 4
15752 0
15758 2
15764 8
15765 7
15769 6
15780 6
15782 3
15784 1
15800 1
15802 3
15806 9
15822 4
15823 7
15828 8
15836 0
15841 4
15852 8
15854 6
15866 5
15869 8
15872 5
15875 7
15896 7
15900 3
15903 0
15906 7
15907 9
15913 6
15916 0
15919 3
15932 1
15943 2
15951 4
15955 0
15959 7
15960 4
15961 5
15963 1
15967 2
15973 8
15976 8
15977 6
15983 7
16002 1
16004 3
16009 8
16011 2
16013 0
16016 6
16019 7
16020 2
16023 0
16025 0
16026 5
16029 4
16033 1
16037 8
16038 8
16039 3
16041 4
16042 9
16045 8
16046 0
16055 6
16060 4
16061 2
16062 5
16089 8
16098 1
16099 0
16105 1
16108 5
16112 5
16113 6
16125 7
16126 8
16127 1
16130 8
16131 4
16132 1
16138 8
16141 3
16162 5
16168 4
16170 0
16175 9
16176 1
16183 4
16185 4
16186 5
16192 6
16200 2
16210 1
16211 6
16218 1
16220 3
16227 9
16229 9
16240 6
16241 9
16246 9
16250 6
16259 0
16267 4
16270 7
16277 9
16281 4
16284 6
16285 3
16286 9
16288 4
16289 8
16299 5
16301 2
16324 4
16331 2
16335 5
16342 4
16345 5
16352 3
16353 5
16354 3
16358 3
16368 0
16373 5
16375 1
16392 7
16415 6
16419 1
16439 0
16440 5
16447 6
16451 7
16456 2
16457 1
16465 7
16471 4
16477 5
16483 6
16485 0
16493 7
16500 3
16504 2
16505 6
16508 0
16515 9
16521 3
16525 5
16533 0
16538 4
16544 7
16547 1
16557 4
16560 4
16574 5
16583 4
16586 1
16592 3
16597 1
16599 1
16605 3
16607 3
16614 4
16618 5
16619 4
16621 4
16622 1
16627 5
16638 6
16649 1
16651 0
16657 7
16659 2
16661 2
16679 5
16680 9
16685 2
16693 8
16694 4
16704 3
16707 8
16710 7
16715 5
16719 6
16722 9
16726 8
16733 5
16744 7
16745 8
16757 6
16762 2
16763 3
16771 1
16780 9
16785 8
16800 7
16806 2
16810 5
16811 0
16814 2
16816 6
16821 6
16823 3
16832 1
16839 5
16848 4
16854 1
16861 3
16865 2
16882 6
16884 6
16896 2
16899 9
16913 7
16919 3
16920 3
16925 5
16926 9
16932 6
16937 7
16943 0
16948 8
16949 0
16952 6
16962 0
16968 1
16973 1
16979 7
16982 1
16986 4
16991 3
16992 3
16995 2
17002 9
17029 2
17030 3
17032 4
17035 7
17036 6
17048 2
17052 6
17053 1
17057 1
17058 2
17068 2
17075 9
17082 7
17088 7
17098 0
17102 6
17105 5
17122 9
17127 6
17128 6
17139 1
17155 6
17162 1
17166 2
17168 0
17170 7
17171 2
17180 5
17186 7
17188 1
17195 9
17197 8
17202 0
17205 0
17208 9
17215 1
17221 7
17230 9
17238 5
17240 5
17241 2
17248 5
17250 9
17256 6
17257 2
17265 6
17271 4
17275 8
17287 0
17292 5
17293 6
17295 4
17303 1
17305 8
17307 6
17313 3
17316 8
17320 9
17323 7
17326 4
17328 9
17339 4
17341 2
17348 1
17349 1
17350 8
17352 8
17354 9
17358 8
17365 6
17367 4
17369 6
17373 8
17376 8
17382 6
17384 6
17385 8
17386 3
17387 4
17388 7
17392 2
17394 3
17396 7
17402 2
17412 3
17413 1
17414 7
17418 4
17422 9
17423 6
17426 9
17427 4
17445 9
17454 0
17463 6
17475 5
17479 9
17486 1
17487 0
17488 2
17500 1
17511 1
17516 3
17519 5
17520 8
17525 2
17535 3
17540 5
17549 2
17552 9
17557 7
17558 4
17563 2
17565 5
17572 2
17573 6
17585 5
17590 4
17612 4
17618 3
17620 3
17624 0
17627 8
17644 5
17650 5
17661 6
17670 4
17675 4
17678 6
17683 4
17689 1
17693 3
17694 4
17699 9
17700 3
17704 3
17718 4
17719 7
17742 5
17744 8
17754 0
17758 4
17760 6
17765 8
17767 6
17776 2
17780 6
17782 5
17789 9
17790 4
17792 2
17802 2
17808 0
17812 0
17816 0
17826 4
17831 5
17834 5
17837 4
17838 4
17843 2
17845 9
17846 0
17851 9
17855 8
17861 5
17871 4
17890 9
17891 2
17901 3
17903 7
17905 7
17908 5
17914 0
17915 1
17916 2
17929 6
17931 1
17933 6
17934 4
17940 5
17946 4
17950 3
17954 4
17956 4
17962 0
17965 1
17967 1
17972 9
17973 2
17975 2
17980 7
17981 7
17985 0
17987 6
17994 9
17996 8
18006 0
18009 8
18018 3
18020 2
18022 8
18026 6
18029 4
18034 9
18039 8
18041 0
18049 7
18055 4
18060 6
18069 6
18074 8
18075 4
18079 9
18082 6
18088 3
18090 3
18092 3
18095 0
18097 9
18104 2
18117 0
18122 3
18133 2
18135 8
18139 1
18155 8
18177 3
18190 2
18191 6
18195 6
18199 3
18205 3
18208 1
18213 0
18224 5
18225 8
18226 7
18229 3
18232 1
18250 4
18258 3
18262 1
18268 5
18274 0
18279 7
18283 2
18286 4
18301 1
18314 1
18317 6
18320 7
18322 0
18325 2
18327 3
18328 4
18336 7
18339 6
18340 9
18347 2
18356 2
18357 2
18361 6
18378 4
18398 8
18400 2
18407 3
18414 5
18417 4
18423 7
18425 8
18426 8
18432 2
18437 5
18441 4
18443 6
18449 2
18450 1
18472 8
18473 9
18476 2
18488 0
18493 8
18500 0
18503 9
18504 3
18506 6
18507 5
18519 8
18531 0
18538 4
18549 8
18554 5
18556 3
18566 8
18572 1
18581 9
18584 8
18595 0
18605 7
18606 2
18610 2
18615 3
18621 4
18622 1
18623 9
18633 6
18638 0
18644 0
18646 8
18657 1
18671 9
18675 7
18680 8
18687 3
18694 3
18695 4
18697 1
18699 7
18706 7
18715 8
18728 4
18729 6
18738 5
18755 4
18756 4
18758 1
18762 1
18764 9
18771 7
18784 3
18789 4
18793 2
18794 4
18796 2
18799 6
18801 2
18808 9
18810 6
18813 8
18816 5
18828 6
18847 8
18849 9
18850 7
18853 3
18854 3
18855 4
18861 6
18862 4
18872 3
18876 7
18881 8
18882 4
18890 0
18891 2
18896 4
18898 4
18900 6
18901 9
18909 3
18915 6
18918 2
18925 6
18942 5
18946 6
18953 1
18954 9
18964 7
18968 8
18969 1
18971 2
18980 7
18983 1
18986 1
18988 3
18997 3
19005 6
19006 7
19010 4
19014 7
19018 8
19022 8
19028 5
19038 8
19040 8
19049 7
19059 2
19060 6
19064 0
19068 7
19069 7
19070 5
19073 4
19074 3
19076 1
19088 5
19094 3
19100 8
19106 7
19111 5
19121 1
19123 4
19128 8
19137 6
19138 4
19144 6
19149 2
19157 8
19160 4
19174 2
19184 5
19186 6
19188 1
19226 2
19230 3
19236 1
19251 2
19274 3
19278 4
19289 6
19290 2
19292 0
19301 6
19302 6
19310 6
19327 5
19332 3
19336 0
19337 0
19339 8
19344 6
19345 7
19352 1
19356 6
19368 3
19372 0
19376 8
19377 5
19382 7
19385 1
19387 6
19389 6
19391 6
19399 6
19400 5
19404 6
19412 0
19413 7
19420 3
19424 8
19425 1
19426 7
19433 1
19436 6
19450 7
19453 9
19454 7
19465 6
19476 0
19478 3
19483 4
19490 7
19492 8
19498 7
19502 7
19504 7
19510 7
19511 4
19512 9
19520 9
19524 4
19548 6
19549 1
19550 6
19554 6
19556 8
19559 4
19565 3
19566 6
19570 7
19579 6
19582 1
19583 2
19590 5
19597 6
19602 7
19609 9
19610 4
19613 4
19617 2
19621 3
19623 7
19638 8
19650 8
19656 0
19657 2
19672 1
19673 9
19676 2
19687 6
19693 9
19694 5
19698 3
19699 3
19702 3
19707 9
19709 0
19714 6
19720 0
19721 3
19722 3
19723 6
19728 3
19729 3
19738 9
19741 2
19744 5
19745 0
19747 3
19748 7
19753 8
19754 0
19755 8
19761 9
19763 4
19766 2
19767 7
19780 4
19783 6
19798 0
19800 0
19807 5
19810 3
19811 0
19822 6
19827 2
19829 2
19833 1
19837 4
19839 7
19841 3
19845 4
19850 8
19859 8
19863 2
19871 0
19890 8
19893 1
19898 0
19901 0
19912 6
19919 8
19953 8
19955 7
19957 2
19959 9
19967 2
19970 3
19972 4
19973 9
19976 4
19979 9
19980 8
19985 3
19988 1
20002 1
20005 6
20009 5
20019 0
20026 9
20030 9
20035 2
20050 2
20054 7
20057 5
20063 0
20066 6
20067 4
20069 4
20072 0
20073 0
20080 0
20085 7
20086 2
20089 1
20091 6
20100 2
20101 0
20107 5
20112 6
20113 3
20114 5
20124 6
20128 2
20133 9
20134 0
20147 0
20156 9
20162 6
20166 1
20169 9
20171 2
20180 5
20185 2
20200 6
20212 8
20216 8
20221 9
20224 2
20231 8
20236 2
20239 9
20242 1
20245 0
20252 9
20253 7
20254 8
20263 7
20267 6
20282 9
20284 0
20306 7
20313 6
20321 3
20330 9
20332 0
20335 7
20337 1
20344 2
20346 2
20354 7
20369 2
20370 4
20371 6
20373 1
20376 2
20381 6
20382 2
20384 8
20386 5
20390 2
20396 6
20401 9
20403 8
20406 6
20412 9
20416 1
20420 2
20424 6
20434 2
20444 9
20453 4
20454 4
20455 9
20458 4
20459 9
20464 4
20472 1
20474 8
20482 7
20486 0
20489 3
20490 4
20492 4
20497 8
20502 4
20504 2
20511 2
20512 4
20520 5
20538 1
20539 7
20541 8
20542 9
20549 0
20550 0
20553 5
20555 4
20557 9
20559 4
20560 8
20562 2
20569 7
20574 2
20576 5
20579 9
20582 2
20591 4
20593 2
20594 7
20599 0
20601 0
20603 6
20604 0
20607 9
20613 6
20616 3
20618 4
20620 6
20628 5
20629 1
20632 5
20635 5
20641 4
20642 7
20643 0
20644 4
20650 0
20652 6
20657 5
20660 3
20665 4
20671 9
20673 3
20678 4
20679 3
20687 0
20690 1
20694 7
20695 9
20698 5
20700 1
20705 1
20713 6
20715 3
20716 7
20717 7
20722 4
20734 8
20741 2
20743 1
20746 5
20749 5
20752 6
20754 7
20762 2
20765 7
20773 1
20777 2
20787 3
20791 8
20793 8
20801 2
20808 1
20809 4
20811 2
20819 0
20821 9
20825 1
20827 6
20830 9
20832 1
20834 4
20842 4
20854 8
20860 4
20861 4
20867 1
20874 8
20882 6
20889 3
20893 8
20894 6
20897 7
20898 2
20926 0
20932 8
20937 5
20940 9
20942 1
20954 3
20960 5
20962 4
20964 1
20965 8
20968 1
20977 3
20985 1
20993 7
21000 7
21001 4
21005 9
21009 0
21013 0
21028 6
21030 7
21035 8
21040 3
21051 4
21056 4
21057 7
21071 7
21080 9
21081 7
21082 2
21088 7
21116 7
21136 9
21141 7
21149 9
21152 2
21157 6
21162 9
21164 9
21183 0
21187 2
21191 5
21197 8
21198 9
21200 0
21206 3
21208 8
21212 0
21213 4
21226 5
21232 2
21235 1
21238 0
21240 0
21246 6
21249 1
21262 8
21269 4
21272 3
21282 8
21285 8
21296 1
21297 5
21300 2
21303 1
21315 4
21319 2
21320 1
21322 8
21328 7
21329 5
21334 6
21335 5
21341 6
21355 5
21366 2
21372 1
21380 6
21385 6
21392 5
21393 3
21395 7
21396 6
21402 7
21410 2
21411 8
21413 5
21414 1
21424 4
21428 2
21433 3
21435 4
21439 4
21445 6
21446 6
21448 3
21452 5
21456 7
21459 1
21464 0
21466 3
21467 8
21469 6
21480 2
21481 7
21485 7
21488 1
21489 0
21490 8
21524 4
21525 3
21526 7
21527 6
21528 5
21529 5
21535 9
21536 5
21537 5
21547 6
21549 2
21559 2
21573 9
21584 5
21586 8
21597 3
21607 0
21609 1
21614 6
21626 8
21628 2
21639 3
21647 4
21651 7
21655 8
21657 2
21658 7
21661 4
21667 6
21668 8
21670 1
21674 2
21678 3
21679 2
21684 5
21685 8
21686 8
21687 8
21693 1
21698 7
21701 3
21718 5
21736 4
21737 0
21738 0
21746 6
21747 3
21753 2
21757 5
21763 0
21769 2
21774 2
21789 7
21792 8
21802 3
21809 7
21811 5
21812 9
21815 9
21816 6
21817 2
21832 8
21842 3
21848 3
21849 7
21850 4
21854 5
21860 1
21867 1
21882 6
21899 0
21906 3
21908 9
21909 4
21913 7
21921 9
21924 6
21927 6
21929 5
21930 8
21935 8
21946 5
21947 8
21949 7
21958 4
21959 4
21961 0
21967 9
21970 9
21971 3
21979 8
21981 8
21985 3
21986 6
21991 5
21993 7
21997 8
22004 2
22008 9
22022 4
22024 7
22029 7
22032 4
22033 3
22039 0
22046 8
22048 7
22055 3
22056 3
22067 4
22072 8
22073 9
22082 8
22087 3
22092 2
22108 3
22109 5
22114 7
22120 2
22123 5
22124 9
22125 7
22131 4
22133 9
22136 2
22153 7
22154 8
22159 3
22160 0
22163 3
22167 8
22172 9
22176 9
22180 8
22184 1
22188 1
22196 4
22199 8
22205 2
22214 0
22215 6
22216 9
22218 3
22219 4
22221 7
22224 3
22232 3
22233 8
22248 6
22259 0
22260 0
22265 8
22266 7
22283 0
22296 6
22301 3
22312 8
22315 4
22318 8
22322 4
22323 5
22330 4
22332 5
22333 2
22338 2
22340 2
22344 2
22351 2
22354 7
22358 5
22360 6
22375 5
22378 1
22400 4
22402 2
22414 6
22415 3
22416 9
22418 8
22420 0
22423 8
22424 9
22436 9
22439 4
22440 9
22441 7
22452 8
22453 0
22454 3
22456 0
22459 8
22462 5
22463 5
22466 7
22472 2
22477 5
22483 0
22485 2
22490 9
22502 0
22509 9
22517 6
22521 9
22523 9
22533 3
22539 3
22541 5
22542 6
22551 0
22560 9
22567 3
22568 1
22572 7
22574 8
22576 4
22578 7
22579 3
22588 9
22589 7
22591 8
22602 9
22603 8
22612 3
22614 5
22630 6
22635 2
22637 0
22642 9
22647 2
22660 9
22664 4
22665 1
22666 4
22670 7
22675 2
22678 1
22683 6
22686 0
22693 3
22702 0
22705 2
22708 7
22727 6
22730 8
22732 1
22746 9
22748 8
22750 1
22751 4
22756 7
22760 1
22771 2
22772 3
22774 0
22781 8
22782 4
22784 7
22787 2
22788 3
22791 7
22797 8
22801 4
22809 8
22818 7
22820 2
22821 6
22824 8
22828 7
22832 4
22833 8
22838 1
22840 1
22854 6
22856 7
22857 8
22858 8
22868 9
22869 7
22876 8
22879 3
22880 6
22882 6
22889 5
22890 1
22897 4
22901 4
22904 1
22908 8
22910 8
22911 9
22916 4
22922 6
22924 9
22929 1
22933 9
22934 8
22946 0
22947 4
22951 2
22952 4
22964 0
22967 8
22982 6
22983 8
22985 7
22988 6
22990 5
22991 5
22993 1
22999 6
23003 1
23008 2
23017 3
23020 7
23029 5
23034 9
23038 7
23047 0
23050 1
23053 4
23067 1
23072 7
23074 1
23078 5
23092 8
23097 8
23102 7
23109 0
23116 7
23121 9
23137 5
23140 2
23142 3
23145 5
23147 4
23153 4
23157 1
23166 8
23171 7
23181 3
23188 4
23198 8
23201 7
23203 8
23212 8
23216 5
23217 7
23227 3
23229 7
23233 1
23238 0
23243 1
23245 6
23247 7
23256 2
23259 2
23264 1
23265 0
23266 0
23273 8
23278 2
23287 7
23288 4
23289 8
23293 6
23297 3
23300 8
23302 6
23303 6
23307 3
23313 5
23316 7
23318 4
23321 2
23332 9
23333 0
23335 8
23336 6
23342 4
23346 0
23347 0
23349 2
23356 9
23359 5
23360 6
23364 0
23371 6
23377 9
23379 9
23383 1
23385 7
23389 2
23391 6
23396 6
23398 6
23408 3
23416 9
23419 6
23421 3
23428 6
23436 3
23439 8
23449 5
23451 7
23455 2
23468 2
23473 7
23476 7
23477 5
23482 7
23486 3
23488 9
23494 3
23498 6
23506 3
23507 3
23508 6
23516 2
23517 5
23519 8
23521 7
23525 2
23532 1
23533 3
23537 5
23546 7
23550 2
23551 5
23557 4
23564 5
23566 2
23573 6
23576 2
23587 4
23589 7
23594 5
23599 8
23601 6
23612 0
23614 4
23624 5
23630 4
23631 6
23633 1
23635 9
23636 6
23637 0
23647 4
23655 5
23657 1
23662 3
23667 2
23669 6
23670 9
23676 9
23677 0
23684 1
23698 2
23701 8
23702 4
23705 4
23709 6
23714 2
23715 1
23716 8
23729 1
23739 1
23743 1
23749 8
23750 2
23759 2
23761 5
23771 5
23777 7
23779 5
23781 1
23782 0
23790 8
23792 9
23793 5
23801 3
23818 7
23826 1
23830 8
23833 5
23836 2
23844 8
23845 2
23849 1
23851 6
23852 1
23853 1
23854 3
23861 7
23872 0
23875 4
23877 4
23878 8
23879 1
23884 2
23888 4
23905 9
23907 5
23908 6
23914 4
23915 0
23917 5
23921 0
23926 6
23931 8
23934 8
23937 9
23942 5
23946 5
23956 3
23959 4
23968 3
23997 1
24004 1
24017 8
24018 0
24025 4
24028 7
24033 4
24035 1
24036 9
24051 8
24054 0
24057 5
24063 0
24070 8
24080 8
24085 0
24096 7
24100 5
24102 1
24106 9
24110 3
24115 3
24116 2
24120 4
24124 6
24131 0
24132 9
24140 0
24142 9
24154 7
24162 1
24173 2
24180 9
24186 9
24190 4
24195 5
24207 6
24214 5
24215 5
24220 0
24225 7
24226 8
24230 8
24233 6
24236 5
24237 9
24241 6
24245 8
24257 7
24273 4
24275 5
24278 3
24286 3
24290 5
24292 9
24300 5
24301 0
24302 3
24305 2
24307 2
24309 2
24314 0
24317 5
24323 0
24325 6
24326 3
24328 7
24333 9
24351 8
24359 2
24365 6
24370 5
24371 6
24374 7
24376 4
24383 9
24390 2
24394 7
24409 7
24416 5
24420 5
24424 0
24425 6
24426 5
24432 4
24433 1
24436 1
24445 1
24447 4
24449 0
24453 0
24455 0
24456 6
24463 7
24465 5
24468 5
24470 0
24481 9
24486 8
24487 4
24494 7
24502 1
24509 9
24514 1
24519 0
24524 1
24528 8
24530 3
24531 4
24532 8
24535 0
24537 2
24545 5
24546 3
24551 6
24555 7
24565 5
24567 2
24568 9
24570 4
24577 0
24583 3
24593 2
24603 2
24608 7
24609 4
24610 1
24616 6
24619 4
24623 1
24629 4
24630 3
24645 0
24652 0
24654 5
24667 8
24681 2
24684 8
24686 2
24688 0
24692 0
24694 1
24696 0
24701 2
24703 2
24714 1
24726 2
24727 4
24729 3
24730 8
24733 5
24742 6
24750 1
24751 4
24754 3
24762 3
24764 7
24767 5
24768 6
24769 1
24770 3
24785 0
24788 0
24791 5
24794 4
24799 0
24802 7
24805 6
24810 6
24815 1
24821 4
24825 4
24829 2
24830 2
24834 6
24843 5
24847 4
24855 6
24863 8
24873 9
24878 7
24881 9
24884 9
24885 7
24886 4
24895 2
24897 1
24898 9
24900 2
24901 4
24905 6
24906 0
24913 4
24914 3
24915 9
24919 6
24922 5
24932 5
24941 0
24957 1
24958 4
24967 8
24971 7
24973 0
24988 0
24994 6
24995 8
24999 7
25000 8
25002 9
25008 1
25009 3
25013 6
25015 1
25017 2
25018 0
25022 9
25027 8
25030 9
25039 7
25040 0
25043 9
25045 9
25047 9
25056 3
25059 1
25060 4
25061 4
25062 4
25066 3
25067 2
25068 3
25071 9
25077 7
25078 7
25080 6
25085 4
25106 6
25118 7
25122 2
25123 0
25135 5
25136 8
25143 7
25144 3
25157 7
25168 2
25178 2
25179 9
25184 7
25185 2
25192 3
25203 4
25208 7
25214 6
25234 7
25235 7
25242 9
25249 4
25251 6
25260 1
25270 7
25294 2
25295 6
25298 2
25301 7
25302 0
25306 6
25308 7
25309 9
25310 3
25311 9
25315 2
25321 3
25328 6
25330 8
25334 4
25339 9
25340 1
25344 9
25351 9
25363 8
25364 7
25365 8
25368 4
25371 9
25375 8
25376 6
25380 1
25401 6
25402 9
25404 3
25412 3
25421 2
25434 2
25441 2
25459 5
25460 1
25461 0
25464 8
25478 8
25489 4
25493 0
25498 6
25500 2
25502 4
25513 3
25515 2
25520 4
25521 0
25530 1
25531 9
25532 2
25536 9
25539 4
25546 5
25550 7
25553 2
25557 3
25562 3
25567 5
25585 0
25595 9
25600 2
25605 7
25607 9
25614 5
25618 4
25620 8
25622 1
25632 5
25633 6
25638 2
25639 6
25640 7
25645 1
25648 0
25649 1
25656 8
25658 9
25661 0
25663 2
25673 5
25678 3
25680 7
25693 9
25699 9
25708 1
25717 0
25718 2
25724 0
25727 2
25731 0
25742 3
25759 2
25766 3
25767 1
25768 9
25774 3
25775 8
25779 6
25782 2
25791 2
25793 9
25804 5
25806 3
25814 1
25820 4
25824 3
25826 4
25833 1
25841 0
25853 9
25858 3
25859 8
25860 6
25862 5
25864 4
25867 5
25868 8
25872 2
25877 4
25878 1
25880 3
25881 0
25888 0
25889 3
25890 8
25892 7
25894 7
25898 8
25901 6
25912 5
25924 9
25936 2
25939 3
25943 4
25944 9
25946 5
25949 6
25952 1
25959 5
25968 8
25970 9
25971 2
25972 0
25978 3
25980 8
25982 5
25984 8
25995 4
26005 6
26007 4
26008 0
26010 9
26013 3
26019 1
26020 8
26024 6
26028 6
26036 1
26045 9
26048 2
26057 2
26059 2
26062 6
26067 6
26072 6
26082 3
26086 8
26088 9
26093 8
26098 9
26106 4
26109 6
26112 6
26116 2
26122 4
26123 7
26127 7
26129 0
26130 0
26139 8
26141 5
26144 4
26147 3
26149 9
26150 6
26159 4
26167 1
26168 5
26171 2
26172 5
26173 8
26175 0
26176 7
26177 3
26183 5
26188 2
26193 6
26194 0
26196 2
26202 0
26204 7
26211 4
26214 0
26220 5
26221 7
26229 4
26233 8
26243 7
26248 7
26251 7
26252 5
26253 0
26261 9
26269 9
26270 4
26280 6
26281 9
26282 7
26297 6
26298 2
26306 0
26312 1
26313 4
26317 6
26325 7
26331 3
26335 3
26340 3
26351 5
26366 3
26369 5
26385 3
26387 1
26388 8
26392 1
26393 4
26399 6
26400 8
26401 1
26402 6
26403 2
26407 7
26411 0
26412 3
26414 0
26415 4
26418 1
26419 1
26421 3
26424 8
26426 9
26439 3
26440 5
26443 6
26446 8
26448 7
26454 5
26455 6
26457 4
26463 0
26464 8
26465 8
26479 2
26482 0
26483 5
26488 5
26492 3
26495 3
26499 4
26503 8
26510 6
26514 9
26517 0
26520 6
26534 1
26535 0
26545 6
26549 9
26556 5
26557 0
26559 9
26563 1
26566 1
26567 1
26568 0
26570 8
26576 5
26579 0
26581 9
26582 5
26584 8
26586 3
26588 8
26589 6
26600 1
26608 0
26615 2
26626 5
26635 4
26638 5
26643 0
26653 0
26655 0
26657 9
26667 9
26668 0
26671 0
26678 0
26683 2
26684 6
26687 1
26688 6
26690 4
26691 6
26694 7
26696 1
26703 4
26705 8
26708 6
26711 9
26712 0
26713 0
26719 3
26735 6
26737 7
26738 1
26746 7
26747 4
26755 4
26761 5
26776 5
26783 6
26794 8
26796 3
26798 9
26800 5
26802 7
26804 9
26807 3
26812 6
26818 2
26825 5
26827 6
26828 7
26830 5
26831 0
26841 5
26858 0
26860 7
26862 4
26863 7
26870 3
26878 9
26880 0
26891 3
26896 6
26897 1
26901 5
26904 0
26908 3
26909 1
26911 0
26913 6
26930 5
26932 7
26935 6
26936 6
26937 2
26948 6
26950 9
26956 0
26959 7
26960 6
26968 5
26969 1
26970 0
26978 5
26982 3
26984 5
26988 0
26997 8
27000 7
27010 5
27013 9
27018 5
27020 7
27021 0
27027 3
27028 2
27031 5
27044 5
27052 4
27063 5
27079 5
27085 2
27092 4
27093 7
27102 0
27104 8
27107 2
27121 4
27122 8
27126 7
27132 7
27134 7
27136 1
27138 0
27148 4
27160 2
27162 4
27165 1
27170 2
27173 6
27177 1
27182 1
27188 0
27196 0
27198 8
27208 1
27213 3
27215 2
27219 1
27221 5
27231 8
27234 5
27236 5
27243 7
27247 3
27254 0
27255 5
27257 0
27259 7
27264 0
27265 7
27266 6
27267 8
27271 3
27275 0
27276 7
27277 2
27278 8
27282 5
27288 2
27296 8
27301 9
27305 9
27307 2
27310 6
27311 5
27313 5
27330 7
27333 1
27344 2
27356 9
27369 5
27375 2
27389 0
27403 2
27408 6
27411 5
27412 3
27419 4
27420 2
27421 8
27424 1
27429 7
27430 1
27431 6
27432 4
27445 3
27453 0
27456 2
27457 5
27462 9
27464 9
27467 2
27495 6
27500 6
27501 8
27507 7
27512 8
27513 3
27524 6
27528 6
27534 8
27546 6
27547 0
27548 0
27551 4
27554 2
27556 0
27557 4
27558 9
27560 1
27565 0
27567 0
27569 4
27571 7
27591 1
27598 9
27601 8
27609 6
27611 7
27613 6
27616 6
27623 3
27627 0
27635 0
27636 5
27646 1
27654 1
27660 9
27663 5
27664 0
27668 0
27669 3
27670 6
27680 9
27691 9
27695 4
27698 9
27712 8
27715 9
27717 3
27741 9
27744 3
27747 2
27748 9
27750 9
27758 9
27763 1
27765 7
27770 9
27779 1
27783 9
27786 9
27792 9
27794 9
27797 3
27801 7
27802 0
27810 8
27811 8
27815 0
27818 3
27822 8
27824 9
27825 8
27833 3
27842 0
27843 9
27847 7
27852 1
27854 2
27855 9
27858 4
27860 2
27862 6
27875 2
27881 9
27882 1
27884 9
27887 2
27897 5
27902 1
27905 2
27909 9
27911 2
27912 6
27918 4
27923 3
27930 5
27942 6
27952 0
27957 8
27974 6
27979 6
27981 7
27984 3
27989 2
27997 4
27999 9
28009 2
28015 4
28019 1
28020 2
28025 6
28041 9
28043 4
28048 2
28054 8
28059 3
28068 8
28074 0
28076 5
28077 6
28079 2
28085 1
28103 0
28106 8
28109 4
28113 6
28114 1
28115 0
28120 1
28129 5
28132 0
28133 5
28147 8
28151 1
28152 9
28159 6
28161 1
28162 1
28165 7
28191 3
28203 9
28206 3
28207 1
28208 6
28215 0
28217 9
28220 9
28223 8
28228 5
28232 8
28233 2
28235 2
28239 5
28240 5
28242 7
28250 3
28259 6
28265 2
28268 6
28269 5
28283 9
28290 1
28296 1
28301 9
28302 2
28303 4
28306 7
28308 4
28309 6
28314 2
28315 0
28316 1
28319 3
28321 6
28325 3
28330 7
28334 5
28338 2
28343 8
28346 3
28348 8
28354 4
28361 1
28372 6
28373 6
28376 8
28377 0
28379 2
28380 6
28399 0
28400 9
28408 8
28412 9
28414 2
28418 3
28420 7
28425 4
28426 5
28430 1
28439 3
28443 5
28454 4
28456 6
28461 2
28463 5
28465 4
28470 2
28476 3
28477 2
28482 4
28489 3
28502 6
28520 0
28523 9
28536 2
28538 8
28545 5
28550 4
28569 8
28572 6
28576 8
28578 0
28579 1
28580 7
28585 8
28587 4
28595 6
28600 9
28603 2
28617 6
28623 7
28631 6
28639 0
28648 0
28651 9
28656 4
28664 9
28671 9
28672 0
28674 7
28675 9
28676 9
28678 9
28684 0
28692 9
28697 4
28698 5
28700 1
28704 7
28705 6
28710 1
28714 3
28726 6
28728 0
28729 6
28730 9
28745 8
28749 3
28750 9
28757 6
28764 0
28775 5
28779 4
28788 9
28789 7
28794 1
28796 3
28803 1
28807 1
28808 4
28810 2
28812 2
28822 9
28835 9
28845 3
28850 5
28868 4
28873 3
28878 9
28879 6
28883 5
28884 0
28886 4
28888 1
28889 8
28892 5
28893 0
28900 7
28909 9
28921 6
28927 0
28938 5
28941 2
28946 4
28948 9
28950 5
28953 0
28971 0
28978 1
28985 6
28986 8
28995 8
28997 3
28999 7
29000 2
29004 9
29005 6
29007 0
29011 5
29012 7
29017 8
29018 1
29023 7
29028 2
29037 7
29040 8
29041 9
29046 3
29050 2
29055 7
29057 7
29063 2
29066 4
29073 1
29075 7
29079 9
29082 1
29086 5
29090 9
29092 6
29093 4
29111 9
29126 1
29128 9
29135 1
29136 2
29137 9
29141 3
29145 0
29146 0
29148 8
29153 7
29155 2
29159 9
29160 6
29161 5
29162 8
29164 8
29186 7
29191 8
29192 6
29194 1
29201 4
29202 1
29204 4
29207 7
29208 5
29213 9
29217 8
29218 7
29224 3
29229 1
29232 5
29235 7
29240 8
29243 9
29244 3
29251 9
29252 9
29254 9
29264 8
29277 0
29278 2
29286 5
29289 5
29297 5
29298 5
29305 6
29306 5
29309 3
29324 2
29325 0
29330 0
29337 5
29339 4
29341 9
29342 4
29348 9
29370 4
29375 0
29377 1
29386 6
29393 6
29394 4
29403 3
29408 0
29416 1
29421 9
29426 9
29441 8
29443 9
29446 5
29447 7
29451 6
29456 2
29458 6
29474 3
29488 1
29510 6
29520 0
29536 8
29538 1
29542 4
29544 7
29545 3
29546 2
29554 4
29555 6
29558 2
29561 9
29564 0
29568 3
29569 4
29575 3
29581 1
29584 6
29587 1
29598 9
29604 1
29606 9
29609 2
29611 7
29612 9
29614 4
29629 8
29641 8
29661 4
29663 9
29666 9
29667 9
29673 4
29676 9
29682 8
29683 4
29684 1
29692 2
29696 9
29697 8
29702 5
29708 2
29709 7
29710 9
29715 3
29720 5
29722 4
29723 2
29727 4
29738 1
29742 5
29747 9
29757 6
29759 9
29760 8
29763 5
29766 4
29769 1
29773 7
29774 2
29778 8
29799 0
29803 4
29809 0
29821 0
29826 2
29828 3
29831 5
29836 1
29837 9
29838 2
29840 1
29843 1
29847 4
29860 5
29861 8
29864 6
29866 6
29868 9
29870 4
29877 2
29878 8
29879 5
29888 5
29892 6
29898 9
29899 8
29905 8
29907 1
29914 9
29924 6
29925 0
29933 0
29939 6
29947 7
29954 2
29961 9
29979 2
29985 2
29990 6
29993 0
30000 7
30001 7
30002 2
30008 7
30009 2
30010 4
30021 0
30023 9
30029 3
30035 5
30038 0
30040 8
30042 0
30050 4
30052 6
30058 7
30063 3
30066 8
30077 0
30083 0
30091 4
30101 9
30111 1
30117 7
30123 2
30127 8
30137 0
30138 1
30141 6
30142 7
30144 0
30145 3
30153 9
30158 2
30160 4
30164 4
30167 3
30178 1
30199 3
30208 0
30209 2
30211 6
30214 3
30219 4
30227 4
30228 6
30231 1
30236 0
30237 9
30240 6
30242 9
30244 7
30249 7
30255 3
30260 7
30261 9
30268 3
30270 0
30274 5
30275 0
30277 0
30282 1
30283 0
30284 3
30293 0
30303 7
30307 1
30314 6
30316 5
30320 6
30327 1
30334 0
30352 4
30364 0
30369 4
30371 4
30372 6
30377 8
30378 4
30384 0
30385 5
30387 3
30388 9
30391 0
30397 1
30399 2
30402 4
30408 7
30412 5
30416 4
30445 8
30448 0
30453 9
30456 2
30467 6
30472 0
30477 7
30478 7
30484 8
30489 6
30490 2
30491 7
30495 9
30505 1
30511 0
30523 9
30534 3
30542 7
30543 2
30552 8
30553 0
30562 2
30563 2
30575 2
30576 7
30583 8
30585 6
30592 6
30593 0
30601 5
30610 9
30616 6
30618 2
30621 1
30631 6
30633 6
30638 3
30639 4
30647 3
30655 3
30672 6
30676 0
30683 6
30689 9
30708 6
30711 3
30716 9
30725 1
30728 4
30732 8
30733 2
30738 6
30739 7
30741 1
30747 8
30749 5
30761 0
30765 3
30778 8
30780 6
30783 9
30790 8
30792 4
30793 0
30794 5
30801 6
30802 0
30808 1
30809 0
30812 1
30817 4
30822 9
30828 1
30834 5
30836 1
30840 4
30841 0
30849 1
30859 5
30861 6
30865 3
30868 5
30877 5
30884 6
30890 1
30891 7
30904 2
30907 2
30910 0
30915 7
30916 3
30927 7
30929 5
30940 5
30947 0
30949 3
30956 2
30959 6
30961 6
30967 7
30969 1
30974 7
30979 7
30988 4
30989 1
30993 5
30995 7
31012 6
31014 6
31015 6
31024 6
31026 1
31027 7
31035 8
31036 0
31039 0
31040 6
31048 5
31056 2
31059 1
31065 6
31069 5
31073 1
31075 6
31083 9
31110 7
31113 6
31114 0
31115 3
31121 9
31122 0
31125 4
31127 5
31136 5
31141 9
31146 1
31156 6
31180 9
31183 1
31184 3
31191 1
31195 6
31196 2
31198 6
31208 4
31217 4
31224 5
31229 6
31234 6
31251 4
31252 5
31257 2
31260 5
31261 8
31263 1
31274 6
31280 7
31282 2
31284 3
31286 7
31288 4
31292 1
31297 5
31299 3
31305 7
31313 7
31318 7
31322 9
31323 7
31341 4
31350 4
31355 7
31363 6
31366 8
31369 3
31377 8
31379 3
31382 1
31392 0
31394 6
31395 4
31407 2
31415 8
31418 9
31425 2
31426 2
31429 7
31431 1
31432 4
31433 3
31434 1
31449 5
31453 8
31459 5
31464 0
31471 6
31474 0
31490 4
31496 6
31503 9
31509 4
31512 3
31517 2
31522 0
31523 0
31538 6
31539 2
31544 8
31546 5
31548 4
31556 8
31561 3
31567 7
31569 4
31570 7
31573 5
31574 0
31576 2
31580 1
31582 7
31590 2
31598 5
31599 2
31603 4
31606 2
31625 3
31633 9
31635 2
31637 3
31653 6
31656 5
31660 7
31662 8
31678 5
31680 2
31691 9
31692 3
31706 7
31713 8
31716 4
31727 7
31730 9
31733 8
31738 5
31747 2
31750 3
31753 5
31758 7
31763 7
31770 8
31772 8
31774 0
31779 5
31786 0
31793 1
31800 5
31804 6
31811 5
31813 5
31816 4
31824 2
31832 5
31838 6
31843 3
31861 6
31883 0
31885 7
31893 7
31901 7
31911 6
31913 1
31914 6
31917 7
31918 7
31919 6
31928 5
31930 5
31935 3
31936 0
31945 6
31953 6
31968 2
31969 7
31987 9
31990 2
31995 4
31996 6
32000 8
32002 2
32009 5
32014 2
32017 7
32019 6
32026 5
32027 1
32031 3
32037 3
32044 3
32045 1
32051 0
32065 0
32073 0
32075 5
32076 8
32077 5
32078 2
32087 5
32089 5
32098 0
32108 5
32116 9
32123 7
32132 6
32134 2
32135 5
32137 0
32138 2
32151 8
32152 1
32157 5
32164 0
32165 0
32169 8
32177 0
32191 7
32196 8
32199 3
32201 2
32205 9
32206 3
32207 6
32210 5
32218 9
32219 2
32220 7
32223 4
32227 8
32231 7
32236 1
32259 6
32262 7
32267 1
32275 6
32286 9
32289 7
32291 0
32292 1
32298 1
32304 2
32313 7
32314 9
32321 8
32337 5
32338 0
32345 7
32354 5
32356 6
32358 0
32359 5
32361 6
32363 3
32369 2
32374 9
32379 5
32382 5
32383 9
32391 7
32404 5
32407 2
32409 1
32418 2
32425 6
32433 3
32434 3
32435 0
32437 3
32442 7
32444 6
32455 4
32457 7
32459 7
32461 9
32463 5
32467 5
32475 5
32480 7
32483 8
32489 0
32496 5
32498 8
32500 2
32506 0
32507 0
32514 8
32515 3
32525 9
32526 4
32532 1
32535 6
32544 5
32549 2
32557 8
32566 0
32570 0
32573 3
32580 0
32593 6
32594 4
32596 6
32597 9
32599 7
32613 2
32614 5
32617 1
32626 9
32628 8
32629 5
32640 3
32644 4
32645 5
32651 5
32652 3
32657 0
32664 8
32667 3
32672 2
32674 1
32677 7
32678 4
32688 4
32698 1
32700 8
32709 7
32716 1
32719 2
32721 6
32722 1
32726 6
32728 5
32730 7
32736 9
32737 6
32757 9
32758 7
32761 1
32772 9
32776 1
32779 0
32786 3
32796 9
32797 8
32807 1
32812 1
32817 7
32832 6
32836 5
32844 0
32846 4
32847 3
32848 6
32850 9
32851 3
32875 6
32876 4
32888 0
32889 8
32890 2
32891 2
32899 6
32907 8
32919 1
32923 7
32924 2
32926 3
32928 9
32929 7
32930 0
32943 1
32959 6
32962 2
32969 1
32973 0
32974 2
32977 0
32984 7
32988 4
32995 9
33002 9
33003 5
33004 8
33006 6
33010 7
33012 8
33013 7
33017 4
33022 9
33034 5
33042 5
33044 3
33047 9
33048 0
33050 3
33051 7
33054 8
33058 7
33060 9
33068 6
33070 3
33080 0
33083 5
33086 3
33088 3
33097 2
33102 8
33105 2
33110 2
33111 4
33116 0
33125 9
33126 0
33130 3
33131 4
33133 6
33139 0
33146 7
33149 3
33151 6
33155 5
33159 1
33162 7
33166 4
33167 8
33168 8
33180 8
33185 6
33189 0
33190 5
33192 0
33198 8
33209 1
33217 7
33229 6
33233 9
33235 5
33244 8
33249 8
33253 5
33270 6
33278 7
33279 9
33287 6
33292 6
33294 0
33313 2
33316 6
33320 4
33323 0
33329 8
33331 2
33336 4
33337 7
33342 0
33353 9
33356 6
33369 1
33372 2
33382 9
33384 5
33385 1
33386 8
33394 9
33399 2
33402 2
33404 2
33406 2
33408 7
33415 4
33418 9
33422 7
33429 7
33432 7
33442 7
33445 4
33452 8
33454 0
33457 5
33462 8
33465 9
33468 7
33470 3
33471 8
33480 6
33493 9
33495 3
33496 1
33501 9
33504 1
33512 0
33516 6
33517 9
33521 4
33530 2
33534 8
33536 1
33537 2
33549 5
33558 6
33559 4
33568 4
33574 3
33580 3
33581 5
33588 8
33590 1
33591 4
33593 6
33596 2
33602 8
33609 2
33611 9
33617 9
33622 0
33626 0
33631 4
33632 9
33650 5
33654 4
33660 3
33665 4
33667 2
33671 1
33672 7
33675 7
33682 9
33684 2
33690 0
33695 6
33696 8
33697 9
33704 9
33717 5
33718 3
33721 7
33728 9
33740 5
33744 2
33753 1
33758 7
33764 4
33765 2
33773 1
33779 2
33781 2
33790 4
33797 2
33800 9
33801 8
33802 3
33806 3
33807 5
33813 4
33814 6
33818 9
33821 1
33822 0
33828 4
33833 5
33835 1
33847 9
33851 9
33852 4
33860 3
33862 1
33885 0
33896 8
33903 8
33909 2
33918 8
33921 0
33924 4
33931 1
33933 2
33934 2
33939 9
33945 4
33954 2
33967 3
33969 4
33986 0
33993 0
33995 9
33996 4
33997 1
33998 1
33999 1
34010 3
34011 2
34026 8
34031 3
34035 5
34036 2
34041 1
34057 6
34059 7
34066 8
34076 8
34077 6
34078 1
34080 3
34086 3
34091 8
34092 1
34095 8
34097 8
34103 5
34109 3
34110 5
34112 9
34114 1
34123 7
34124 0
34129 8
34133 1
34140 3
34142 5
34146 6
34148 4
34151 2
34154 5
34168 8
34172 6
34182 6
34188 4
34193 0
34195 4
34196 6
34198 6
34200 7
34207 6
34209 1
34215 5
34218 0
34219 7
34221 4
34227 7
34236 0
34237 3
34239 9
34240 4
34241 3
34245 2
34251 7
34257 2
34262 9
34265 3
34266 7
34272 8
34276 1
34280 7
34303 2
34306 0
34310 7
34313 1
34319 3
34323 4
34325 9
34334 8
34339 1
34341 7
34345 2
34347 2
34349 8
34351 7
34360 2
34383 7
34389 3
34394 7
34402 4
34405 0
34408 1
34409 4
34412 8
34415 8
34419 4
34420 5
34430 0
34435 6
34441 1
34445 8
34448 1
34454 2
34455 4
34457 8
34464 9
34466 5
34471 0
34472 2
34483 6
34488 6
34493 7
34494 2
34498 4
34506 2
34517 4
34519 9
34522 0
34529 9
34531 6
34546 7
34549 3
34551 0
34552 9
34553 7
34564 5
34568 1
34570 0
34572 7
34579 2
34585 7
34586 7
34603 2
34604 9
34605 3
34610 3
34611 0
34619 5
34631 5
34632 4
34633 3
34638 6
34640 3
34650 1
34651 9
34652 3
34660 1
34668 8
34674 7
34677 1
34679 1
34680 6
34681 4
34685 0
34686 0
34693 9
34694 2
34700 5
34706 3
34710 4
34722 7
34724 1
34727 6
34734 5
34736 4
34740 8
34741 4
34753 6
34756 2
34765 9
34772 3
34777 0
34778 8
34783 2
34784 9
34789 7
34795 5
34804 7
34806 2
34807 2
34812 2
34813 2
34814 1
34815 3
34820 2
34824 6
34833 0
34835 8
34843 0
34845 6
34849 7
34850 2
34853 0
34859 6
34862 8
34874 5
34877 6
34878 6
34881 5
34883 7
34884 4
34899 9
34900 2
34907 8
34908 1
34909 6
34910 7
34913 0
34917 8
34930 4
34933 9
34938 4
34944 4
34948 4
34949 9
34953 2
34960 3
34962 0
34963 1
34965 0
34970 5
34974 7
34975 7
34986 3
34988 2
35002 3
35003 0
35004 6
35013 6
35019 5
35020 4
35025 6
35027 0
35029 4
35050 3
35051 7
35056 1
35058 5
35063 1
35064 6
35070 2
35071 9
35073 4
35075 1
35077 5
35082 8
35084 4
35085 1
35089 3
35091 9
35096 0
35097 0
35101 5
35109 6
35111 8
35116 6
35118 2
35120 4
35125 1
35127 7
35133 6
35137 1
35140 9
35141 6
35145 0
35152 0
35153 1
35156 3
35158 1
35165 7
35167 7
35181 1
35183 4
35187 2
35191 5
35192 1
35203 8
35208 0
35209 3
35210 1
35213 4
35222 4
35226 1
35234 3
35238 8
35240 0
35247 9
35249 9
35252 9
35257 5
35258 5
35260 7
35262 2
35270 7
35275 6
35279 4
35286 9
35289 1
35294 7
35298 5
35309 8
35318 0
35335 8
35345 4
35346 1
35348 6
35351 7
35353 5
35355 6
35356 0
35369 6
35371 9
35373 3
35377 6
35385 3
35392 1
35398 8
35399 8
35406 9
35407 2
35411 4
35416 2
35417 1
35418 5
35425 0
35426 3
35430 1
35431 2
35444 7
35452 7
35466 5
35468 6
35471 6
35477 4
35482 7
35484 8
35492 4
35494 0
35520 1
35528 1
35540 7
35541 7
35544 3
35552 0
35554 8
35555 9
35564 5
35572 0
35583 5
35587 9
35595 9
35608 1
35610 7
35611 8
35615 3
35616 7
35619 7
35621 4
35628 1
35633 8
35634 8
35635 3
35637 3
35638 3
35655 6
35671 9
35675 3
35677 4
35683 2
35692 0
35695 0
35707 4
35712 7
35713 8
35714 3
35716 1
35719 5
35722 4
35724 5
35728 7
35732 8
35734 3
35736 1
35742 3
35750 6
35760 2
35767 2
35768 1
35769 9
35773 7
35777 2
35781 5
35782 2
35805 6
35807 6
35827 6
35831 9
35832 5
35843 0
35848 4
35855 4
35859 6
35861 4
35862 0
35868 1
35869 0
35875 9
35876 3
35883 3
35885 6
35889 0
35893 0
35896 3
35899 2
35912 2
35916 5
35926 2
35932 2
35933 8
35936 0
35939 9
35943 3
35946 6
35955 3
35958 5
35961 4
35967 0
35968 3
35972 6
35973 2
35976 7
35977 1
35979 3
35981 6
35994 7
35996 7
35997 6
36003 8
36004 4
36007 4
36013 3
36015 4
36017 1
36019 6
36020 5
36029 7
36033 3
36046 9
36054 0
36055 5
36065 4
36071 8
36095 4
36097 7
36101 3
36102 0
36106 3
36109 5
36114 0
36122 1
36125 9
36126 2
36142 2
36145 8
36153 4
36158 6
36161 8
36188 5
36191 4
36192 3
36197 8
36198 8
36202 4
36209 6
36211 0
36227 8
36237 9
36241 4
36245 0
36247 9
36248 1
36267 4
36279 6
36286 8
36296 5
36297 4
36304 3
36306 2
36307 8
36308 2
36315 3
36320 8
36324 6
36325 5
36338 6
36341 2
36346 8
36348 0
36352 6
36355 1
36356 1
36372 3
36376 9
36377 0
36391 2
36400 2
36412 0
36413 4
36415 7
36420 7
36424 7
36427 7
36428 3
36429 6
36437 0
36442 8
36443 0
36446 1
36455 2
36457 7
36462 4
36473 6
36476 9
36480 6
36485 9
36491 2
36498 1
36502 5
36509 4
36510 3
36511 2
36512 4
36514 3
36520 4
36524 6
36528 8
36529 3
36538 3
36540 0
36541 0
36544 0
36545 6
36546 9
36550 5
36552 9
36576 8
36577 2
36578 8
36582 9
36586 8
36587 7
36593 4
36597 4
36599 1
36602 3
36603 2
36604 4
36607 8
36616 7
36619 5
36620 4
36631 8
36635 6
36637 2
36638 7
36641 4
36644 2
36656 4
36660 9
36661 7
36682 6
36685 4
36692 1
36698 4
36703 4
36704 5
36709 5
36713 7
36728 2
36742 7
36743 2
36745 8
36747 2
36753 7
36754 1
36756 4
36761 6
36767 1
36775 1
36782 7
36786 9
36787 4
36790 4
36799 3
36800 0
36801 6
36804 0
36805 4
36811 3
36817 6
36820 4
36825 1
36829 2
36830 1
36834 4
36836 6
36853 4
36854 2
36855 6
36866 3
36870 0
36873 1
36895 9
36896 5
36897 6
36906 7
36923 0
36924 4
36926 2
36927 8
36933 5
36945 9
36952 8
36955 9
36957 2
36965 2
36973 2
36975 8
36980 0
36988 1
36994 0
36999 8
37004 0
37008 0
37009 7
37013 0
37016 2
37023 5
37027 3
37028 3
37033 8
37042 5
37050 6
37054 1
37064 3
37067 7
37070 5
37074 4
37092 0
37097 0
37099 0
37106 1
37108 6
37110 6
37112 3
37123 9
37129 5
37131 5
37137 5
37138 8
37139 0
37140 1
37145 4
37147 9
37150 5
37158 0
37159 2
37161 2
37164 0
37166 3
37167 0
37174 2
37179 2
37181 1
37186 8
37194 9
37201 8
37204 5
37209 7
37210 0
37221 3
37222 5
37223 0
37226 0
37231 9
37237 2
37238 9
37241 8
37248 6
37250 1
37254 9
37256 3
37263 5
37267 6
37268 1
37270 7
37276 1
37289 9
37290 7
37301 3
37312 8
37318 3
37324 8
37327 6
37328 8
37337 7
37344 3
37346 9
37361 0
37368 8
37369 9
37370 9
37375 1
37381 0
37389 5
37391 2
37394 5
37396 1
37399 1
37405 2
37406 5
37410 2
37412 6
37414 7
37422 8
37423 3
37431 6
37438 9
37440 4
37447 4
37448 5
37455 4
37469 7
37471 2
37476 0
37478 2
37481 9
37487 7
37489 0
37491 7
37492 9
37498 8
37504 4
37506 9
37516 2
37517 7
37524 6
37526 5
37532 9
37543 5
37553 0
37555 7
37556 6
37559 1
37561 3
37564 1
37565 7
37576 7
37578 8
37590 0
37594 1
37598 4
37608 5
37613 6
37623 7
37630 4
37632 6
37635 5
37637 1
37650 8
37652 4
37658 0
37667 7
37671 2
37672 5
37676 3
37677 8
37679 6
37684 6
37686 0
37695 5
37701 1
37704 5
37710 7
37716 1
37718 8
37724 2
37726 0
37729 2
37730 1
37737 3
37740 4
37742 0
37751 1
37752 1
37754 0
37755 4
37757 0
37759 9
37782 1
37784 8
37786 9
37787 4
37810 8
37814 4
37816 0
37817 4
37819 1
37829 5
37830 6
37832 9
37839 1
37843 1
37844 9
37847 8
37852 2
37853 0
37864 1
37876 0
37878 3
37882 3
37884 3
37885 9
37891 5
37895 5
37901 5
37907 2
37917 1
37923 2
37924 7
37925 1
37927 8
37932 4
37933 8
37937 8
37939 7
37941 6
37942 8
37947 4
37948 8
37952 5
37955 4
37956 5
37957 0
37958 8
37960 7
37961 0
37964 4
37967 7
37969 7
37974 2
37980 5
37982 0
37985 2
37993 7
37996 3
38002 2
38010 7
38014 3
38029 9
38033 8
38042 6
38043 8
38044 3
38047 7
38048 8
38059 2
38063 1
38065 6
38067 2
38071 5
38073 5
38081 4
38088 4
38090 9
38094 9
38100 7
38101 9
38106 9
38107 5
38116 3
38123 5
38126 8
38127 1
38129 9
38147 0
38150 7
38153 4
38157 5
38170 0
38173 6
38174 0
38179 4
38180 1
38181 3
38185 4
38188 1
38197 9
38200 6
38208 2
38218 7
38221 3
38233 2
38235 4
38239 7
38241 7
38243 1
38247 9
38248 9
38251 2
38254 4
38255 1
38256 1
38258 0
38270 8
38280 2
38281 3
38285 6
38295 3
38296 1
38299 7
38300 2
38301 1
38308 5
38312 7
38315 7
38332 4
38341 9
38351 1
38356 1
38359 4
38362 3
38365 4
38369 3
38378 3
38380 6
38386 7
38391 0
38392 3
38398 5
38401 9
38424 1
38434 4
38436 9
38437 1
38445 2
38452 3
38458 6
38459 6
38463 0
38475 2
38484 5
38486 4
38488 4
38499 3
38511 2
38520 8
38521 5
38537 2
38538 2
38539 4
38544 9
38548 9
38554 0
38566 2
38580 4
38585 2
38587 7
38591 4
38595 8
38597 1
38603 1
38613 2
38614 7
38616 3
38622 6
38623 6
38636 8
38647 2
38666 9
38671 9
38678 6
38686 3
38696 9
38697 0
38699 5
38702 8
38704 6
38705 0
38707 5
38709 1
38711 4
38719 0
38726 2
38727 0
38731 7
38732 8
38737 0
38739 3
38741 0
38743 9
38744 2
38759 3
38765 4
38771 3
38781 8
38783 6
38785 0
38788 1
38792 0
38795 8
38796 5
38797 7
38803 4
38808 1
38811 9
38815 0
38818 5
38825 4
38826 2
38830 7
38831 4
38836 4
38842 4
38846 4
38847 2
38851 8
38894 4
38896 9
38908 3
38911 6
38915 4
38918 2
38919 9
38930 1
38934 8
38941 8
38945 1
38947 5
38965 0
38987 6
38988 4
38990 4
38992 6
38997 1
39016 5
39018 4
39025 8
39041 8
39048 2
39055 7
39060 9
39062 0
39063 2
39068 8
39070 1
39074 1
39075 0
39080 4
39083 9
39085 0
39086 2
39090 6
39099 7
39105 1
39112 4
39113 7
39120 8
39129 5
39132 0
39133 1
39139 7
39141 9
39143 1
39144 5
39146 2
39148 2
39151 9
39157 4
39158 0
39165 2
39176 2
39178 0
39181 0
39184 9
39186 0
39195 8
39206 2
39208 8
39210 3
39214 6
39215 1
39217 9
39226 4
39236 6
39237 4
39241 3
39246 1
39249 7
39250 5
39255 9
39258 8
39266 0
39267 2
39273 8
39278 6
39284 7
39285 6
39286 7
39298 5
39309 9
39310 5
39311 7
39314 0
39336 0
39358 6
39361 6
39366 4
39371 0
39372 2
39373 6
39374 2
39385 6
39386 3
39388 8
39398 7
39399 0
39408 4
39433 6
39443 4
39446 7
39449 0
39450 1
39472 4
39477 6
39484 3
39499 5
39512 9
39513 2
39517 7
39518 4
39540 9
39543 6
39551 3
39553 3
39555 1
39556 3
39558 8
39559 1
39560 3
39561 9
39563 9
39564 6
39568 3
39572 1
39586 2
39592 9
39595 8
39605 3
39612 9
39618 0
39631 6
39633 9
39634 0
39635 2
39644 1
39650 3
39652 5
39657 8
39661 6
39683 9
39685 5
39698 5
39712 4
39726 9
39727 3
39729 1
39734 5
39736 5
39740 3
39750 8
39751 7
39757 6
39760 2
39762 0
39767 3
39768 7
39771 5
39776 3
39781 3
39787 6
39795 0
39824 2
39825 4
39827 1
39833 0
39834 8
39835 9
39844 3
39845 9
39848 3
39849 9
39850 4
39853 5
39856 1
39858 7
39859 0
39866 8
39870 2
39878 5
39881 5
39882 6
39886 6
39889 2
39890 2
39901 9
39905 7
39907 9
39921 0
39922 4
39923 6
39924 7
39926 9
39928 7
39929 8
39930 5
39943 8
39946 9
39948 2
39949 6
39951 3
39964 2
39967 2
39977 8
39979 6
39988 6
40004 2
40016 8
40018 4
40022 4
40023 1
40026 3
40028 1
40039 2
40050 3
40057 1
40058 8
40068 6
40069 7
40079 5
40083 7
40086 2
40094 8
40102 8
40113 8
40118 6
40120 2
40131 6
40146 1
40147 9
40149 2
40154 6
40156 9
40158 6
40159 8
40163 9
40164 5
40166 1
40168 7
40179 9
40187 3
40189 3
40201 5
40209 6
40219 8
40224 3
40226 1
40230 3
40235 9
40236 3
40245 3
40246 8
40254 1
40258 2
40259 0
40267 7
40275 2
40281 9
40282 9
40299 3
40300 0
40310 9
40315 0
40322 3
40324 0
40327 8
40354 2
40359 9
40360 9
40362 0
40384 1
40385 6
40387 6
40389 2
40393 2
40394 0
40423 4
40429 1
40432 5
40435 7
40437 5
40460 7
40465 6
40472 3
40496 7
40499 1
40503 4
40504 4
40509 6
40512 3
40513 7
40515 0
40523 6
40529 0
40538 2
40540 3
40546 5
40551 0
40552 6
40553 7
40557 4
40559 6
40563 9
40567 8
40570 0
40572 6
40586 6
40588 7
40596 0
40602 9
40606 3
40608 1
40612 2
40614 0
40615 6
40617 3
40621 9
40622 6
40626 6
40627 4
40630 3
40633 8
40635 9
40637 8
40648 1
40666 8
40667 6
40672 3
40675 9
40676 1
40677 7
40681 3
40682 2
40683 1
40686 3
40689 5
40694 6
40703 7
40715 7
40717 6
40724 3
40729 8
40735 4
40737 1
40744 6
40746 9
40749 3
40750 1
40751 0
40769 3
40774 8
40776 3
40781 0
40785 2
40786 4
40792 2
40798 3
40800 2
40809 6
40810 1
40817 8
40820 3
40823 7
40825 5
40829 3
40839 0
40841 3
40846 6
40851 6
40852 4
40856 8
40858 7
40859 2
40863 1
40865 8
40871 3
40873 4
40876 5
40892 9
40896 2
40897 0
40898 0
40900 6
40917 4
40918 3
40923 1
40924 4
40929 1
40931 1
40942 9
40947 4
40949 1
40953 8
40954 1
40955 1
40958 0
40962 5
40979 9
40980 8
40985 0
40987 3
40992 6
40994 8
40996 8
40999 1
41010 9
41020 5
41034 9
41041 9
41049 9
41054 0
41059 4
41060 1
41061 4
41062 2
41063 3
41064 1
41066 2
41068 9
41079 8
41081 0
41085 0
41090 9
41096 8
41107 3
41108 1
41117 6
41123 6
41130 4
41138 7
41139 2
41154 8
41161 5
41168 8
41171 8
41174 0
41175 2
41178 0
41179 1
41196 8
41208 7
41215 4
41220 5
41226 6
41228 3
41237 0
41246 0
41247 0
41265 6
41270 5
41274 9
41280 5
41287 5
41291 9
41294 3
41296 4
41300 9
41308 9
41313 6
41320 5
41333 4
41336 7
41339 8
41340 0
41343 9
41351 5
41355 9
41360 8
41370 5
41375 5
41377 8
41378 3
41385 9
41386 2
41387 8
41390 6
41393 0
41395 1
41396 4
41400 2
41415 0
41417 1
41418 8
41421 2
41430 9
41437 4
41441 1
41443 2
41445 0
41447 1
41449 1
41460 3
41468 3
41471 8
41479 0
41487 9
41497 1
41505 7
41508 1
41510 7
41518 0
41519 6
41523 8
41540 9
41541 1
41543 6
41547 0
41562 9
41578 9
41585 2
41588 1
41590 9
41595 6
41598 3
41606 7
41608 3
41610 1
41611 6
41618 1
41619 5
41621 4
41633 0
41638 7
41641 1
41648 2
41651 6
41665 2
41674 2
41675 2
41688 5
41691 5
41692 3
41696 6
41697 7
41698 2
41712 1
41713 2
41717 9
41724 9
41729 9
41730 6
41731 6
41734 2
41740 3
41742 6
41753 0
41766 9
41787 0
41800 9
41805 3
41808 2
41810 9
41817 1
41818 3
41819 8
41820 1
41833 7
41839 7
41842 3
41845 8
41848 2
41859 2
41860 1
41861 4
41867 3
41878 1
41884 6
41886 2
41888 6
41892 4
41900 3
41901 7
41909 8
41910 2
41920 6
41922 7
41938 7
41941 2
41943 4
41944 6
41946 3
41954 2
41957 3
41958 2
41963 8
41966 4
41974 9
41980 2
41988 0
41998 8
41999 0
42006 3
42007 3
42008 7
42012 1
42017 7
42019 6
42020 4
42022 1
42025 4
42030 8
42036 1
42037 9
42040 8
42053 9
42057 2
42064 8
42067 8
42072 0
42079 7
42090 5
42092 1
42094 4
42101 5
42104 7
42106 8
42108 1
42116 3
42120 0
42121 7
42122 9
42125 4
42129 9
42131 1
42132 4
42135 9
42136 8
42137 4
42139 2
42144 4
42145 8
42149 4
42151 7
42155 6
42166 1
42170 1
42179 8
42180 5
42190 8
42192 2
42193 6
42194 7
42195 8
42209 5
42234 1
42244 4
42249 5
42251 6
42258 1
42261 5
42262 8
42275 5
42284 0
42296 9
42297 5
42309 5
42312 0
42315 1
42317 6
42322 8
42326 6
42334 4
42349 2
42350 0
42357 9
42358 0
42365 4
42368 1
42370 0
42371 6
42372 6
42380 0
42386 6
42389 7
42390 3
42392 9
42397 0
42422 5
42423 2
42440 1
42442 0
42446 5
42447 5
42453 1
42460 4
42465 4
42468 0
42473 6
42483 1
42486 1
42487 0
42490 3
42504 0
42508 5
42514 5
42523 1
42528 0
42533 6
42535 1
42536 5
42537 1
42538 1
42541 2
42544 0
42546 0
42555 2
42558 9
42559 1
42562 9
42564 1
42573 6
42576 1
42577 5
42578 1
42582 8
42583 1
42595 1
42598 8
42604 5
42614 0
42618 5
42619 5
42621 1
42626 1
42635 6
42637 2
42638 8
42641 0
42659 9
42664 1
42666 8
42668 9
42671 0
42684 7
42692 5
42697 0
42710 4
42715 4
42717 6
42724 5
42728 9
42731 2
42739 8
42748 2
42754 6
42764 0
42765 3
42767 3
42781 7
42785 7
42797 5
42801 0
42803 0
42817 7
42820 4
42824 8
42860 3
42862 4
42863 3
42864 6
42873 4
42878 6
42891 3
42895 8
42898 7
42901 2
42903 9
42904 7
42906 5
42928 1
42938 3
42945 9
42956 0
42959 6
42962 2
42963 7
42964 3
42975 3
42977 0
42982 5
42983 0
42989 2
42990 1
42995 0
42998 5
43012 1
43027 3
43032 8
43034 6
43045 3
43046 2
43074 0
43082 4
43085 6
43092 8
43094 4
43098 9
43099 1
43102 8
43103 1
43108 6
43114 9
43118 0
43120 4
43121 1
43124 8
43125 1
43135 7
43141 4
43145 7
43175 1
43177 0
43179 9
43184 5
43185 0
43188 1
43190 8
43204 7
43208 4
43213 4
43215 1
43230 9
43232 3
43237 8
43242 0
43245 1
43246 2
43258 7
43263 8
43270 9
43273 8
43275 8
43277 1
43281 0
43288 3
43295 6
43296 3
43298 7
43300 9
43304 3
43306 9
43309 2
43314 0
43329 5
43336 9
43345 6
43347 6
43349 7
43360 9
43363 3
43367 5
43369 6
43371 8
43378 5
43387 4
43392 4
43395 0
43406 0
43408 1
43415 4
43428 0
43434 4
43441 5
43456 4
43458 4
43463 8
43464 7
43470 3
43473 0
43477 5
43482 2
43488 5
43489 5
43495 9
43506 2
43530 9
43553 6
43556 5
43558 8
43560 7
43562 8
43570 1
43573 9
43582 6
43589 4
43591 1
43598 2
43599 3
43604 8
43606 4
43607 7
43613 4
43614 4
43631 3
43633 7
43635 3
43638 2
43641 2
43655 7
43658 9
43664 2
43667 7
43672 5
43678 9
43683 1
43684 6
43685 1
43693 2
43697 1
43698 6
43703 2
43720 8
43722 6
43735 9
43736 0
43737 4
43738 7
43752 5
43761 2
43762 8
43772 0
43774 9
43781 6
43783 5
43787 7
43789 4
43800 1
43811 9
43822 7
43825 6
43836 1
43844 5
43849 6
43861 7
43864 7
43871 1
43873 5
43874 3
43880 3
43883 2
43885 5
43886 1
43890 6
43891 9
43894 5
43905 2
43922 1
43925 2
43931 6
43935 0
43945 6
43954 4
43958 4
43959 7
43961 7
43962 8
43972 0
43974 1
43978 1
43983 8
43984 4
43987 1
43988 8
43989 6
43991 7
43993 2
43996 5
43998 2
44003 0
44005 9
44008 1
44012 3
44015 2
44020 1
44028 1
44030 7
44036 2
44039 9
44047 6
44050 2
44053 8
44056 7
44065 3
44066 4
44070 8
44072 3
44075 8
44077 0
44083 2
44089 1
44094 0
44095 3
44097 2
44106 2
44108 9
44120 7
44121 9
44128 8
44132 7
44134 6
44139 9
44142 2
44143 4
44144 4
44157 6
44158 8
44164 4
44167 5
44173 7
44181 6
44185 0
44193 4
44203 8
44204 8
44205 4
44210 2
44212 2
44215 0
44217 2
44235 2
44236 6
44242 7
44243 9
44251 0
44255 7
44267 7
44268 3
44276 5
44279 3
44286 6
44287 1
44291 7
44295 3
44298 2
44303 4
44305 5
44306 8
44308 6
44311 6
44313 1
44316 8
44324 6
44329 5
44344 0
44360 1
44367 7
44368 6
44375 9
44383 0
44385 8
44390 8
44394 4
44396 3
44400 1
44409 0
44413 8
44415 7
44419 9
44426 1
44427 5
44434 6
44435 0
44436 6
44437 6
44438 0
44454 9
44465 3
44471 4
44481 4
44482 4
44484 9
44485 4
44489 1
44490 7
44492 1
44500 9
44503 6
44507 5
44518 2
44520 7
44532 2
44535 5
44536 5
44537 2
44541 4
44543 2
44546 7
44556 5
44564 2
44567 2
44574 6
44576 8
44581 2
44584 7
44585 1
44587 3
44595 0
44600 3
44608 1
44610 0
44611 2
44615 4
44622 7
44624 7
44625 6
44626 4
44631 9
44640 4
44641 9
44647 6
44652 8
44659 5
44670 6
44673 1
44682 0
44683 1
44694 2
44697 9
44708 8
44712 5
44714 6
44716 4
44723 2
44724 0
44728 6
44729 6
44733 9
44737 6
44739 4
44753 6
44761 5
44763 2
44767 6
44793 1
44797 1
44798 5
44802 4
44805 4
44809 2
44811 9
44813 2
44826 8
44827 7
44829 7
44830 7
44844 3
44850 9
44854 8
44869 3
44870 3
44873 3
44881 7
44884 3
44891 9
44895 1
44903 3
44918 6
44926 9
44933 1
44947 4
44950 5
44953 9
44955 1
44956 2
44958 8
44960 8
44963 5
44979 8
44983 3
44986 9
44989 2
44997 4
45007 2
45010 1
45025 3
45034 6
45035 2
45037 1
45050 7
45051 6
45055 7
45063 4
45069 6
45070 7
45073 7
45074 8
45075 5
45079 6
45082 5
45088 4
45089 6
45095 6
45101 1
45105 9
45106 4
45109 5
45114 0
45118 6
45124 3
45127 4
45131 0
45134 7
45143 8
45144 5
45155 7
45160 1
45164 3
45179 8
45186 1
45188 7
45195 8
45197 6
45204 9
45218 7
45223 5
45227 7
45232 1
45234 7
45235 1
45259 4
45261 3
45264 7
45265 8
45271 1
45277 9
45284 5
45290 3
45294 4
45302 5
45308 2
45311 9
45314 4
45315 1
45319 7
45320 0
45327 4
45331 6
45333 1
45345 6
45347 4
45349 3
45361 2
45368 7
45372 4
45378 7
45380 5
45386 3
45397 9
45400 3
45404 4
45405 7
45416 6
45417 9
45419 9
45426 3
45433 4
45437 3
45438 6
45463 5
45464 4
45467 1
45474 5
45475 2
45481 9
45488 5
45492 6
45496 7
45497 1
45498 7
45503 6
45509 9
45510 5
45527 0
45539 3
45548 7
45549 3
45550 5
45555 5
45564 4
45571 9
45580 3
45584 8
45599 7
45600 5
45602 9
45604 6
45616 2
45619 3
45620 6
45624 9
45628 6
45638 8
45644 8
45659 0
45670 2
45671 3
45681 3
45693 7
45694 1
45699 5
45706 5
45708 4
45711 1
45712 9
45714 9
45724 4
45728 2
45729 1
45732 8
45736 8
45740 1
45743 5
45747 1
45749 1
45753 1
45758 6
45764 5
45766 8
45773 5
45776 7
45777 5
45784 9
45786 8
45797 7
45799 0
45810 2
45829 2
45834 5
45838 1
45849 3
45851 6
45853 4
45859 5
45864 4
45865 7
45879 0
45883 8
45885 6
45886 1
45891 9
45899 9
45909 6
45910 5
45911 8
45914 8
45917 0
45922 0
45923 7
45927 3
45949 4
45952 2
45953 7
45957 7
45958 3
45966 5
45968 5
45973 8
45974 5
45980 3
45981 6
45985 1
45987 5
45989 6
45994 5
45997 0
46009 0
46012 9
46014 5
46016 8
46024 5
46035 6
46038 0
46039 8
46043 3
46048 7
46049 2
46065 4
46071 7
46073 4
46074 0
46109 7
46113 7
46115 8
46120 0
46130 4
46131 2
46139 4
46142 2
46144 2
46146 8
46156 5
46161 9
46162 2
46163 0
46168 4
46169 1
46170 5
46171 5
46172 6
46176 5
46184 4
46186 5
46189 4
46191 1
46192 1
46200 4
46210 9
46211 2
46220 0
46227 2
46234 9
46235 8
46238 6
46239 1
46244 8
46245 6
46246 6
46248 9
46260 0
46261 4
46263 5
46271 3
46272 5
46288 8
46289 4
46291 4
46295 7
46296 8
46303 9
46306 5
46320 5
46322 2
46325 1
46326 0
46329 8
46338 1
46348 4
46350 6
46352 6
46357 3
46360 7
46361 9
46363 4
46365 3
46366 6
46369 6
46370 3
46371 5
46372 7
46375 1
46378 1
46380 7
46381 0
46382 8
46384 2
46392 4
46395 0
46396 0
46397 2
46399 5
46401 4
46402 8
46410 7
46413 0
46416 9
46418 1
46420 1
46432 5
46435 4
46455 6
46458 5
46459 8
46467 5
46475 4
46477 2
46478 5
46481 8
46484 9
46492 3
46501 8
46516 4
46517 5
46531 2
46537 0
46538 2
46540 1
46544 5
46545 0
46549 9
46551 7
46554 9
46556 4
46566 2
46579 7
46585 9
46587 7
46590 4
46593 3
46595 1
46597 6
46605 0
46616 6
46618 2
46621 6
46640 2
46643 6
46644 6
46654 8
46665 7
46667 9
46670 4
46680 3
46681 4
46686 3
46700 9
46701 1
46704 9
46717 6
46719 0
46720 1
46724 8
46725 1
46732 0
46749 1
46763 3
46769 3
46770 9
46771 7
46775 2
46782 2
46783 5
46788 3
46791 1
46793 6
46796 2
46797 6
46800 3
46811 9
46815 4
46821 9
46831 5
46835 8
46837 7
46838 5
46862 2
46866 3
46871 0
46874 7
46885 7
46888 6
46890 8
46892 2
46901 6
46912 1
46913 2
46915 0
46917 1
46920 9
46923 0
46927 2
46930 9
46935 8
46936 9
46938 0
46941 6
46945 2
46946 0
46947 5
46952 1
46957 5
46958 1
46967 9
46984 2
46993 5
46998 8
46999 4
47004 0
47010 5
47012 0
47017 9
47021 0
47022 5
47023 3
47026 4
47031 1
47035 0
47036 2
47040 6
47042 7
47044 1
47048 3
47050 1
47051 9
47053 1
47070 1
47082 0
47087 5
47090 8
47097 1
47117 0
47120 3
47122 9
47125 1
47130 2
47131 4
47161 9
47168 4
47178 0
47179 9
47181 0
47188 7
47190 0
47210 0
47220 3
47236 2
47237 5
47252 6
47254 2
47256 3
47258 1
47260 4
47261 2
47266 8
47270 3
47271 4
47277 0
47288 0
47292 1
47294 9
47296 4
47297 5
47301 6
47304 0
47306 1
47308 0
47314 5
47317 8
47320 2
47322 1
47323 2
47324 6
47328 7
47331 9
47337 2
47340 3
47343 2
47346 0
47355 8
47377 2
47382 1
47386 2
47400 6
47404 7
47411 3
47412 1
47416 9
47419 2
47420 7
47421 6
47424 6
47438 8
47439 8
47448 7
47471 7
47473 3
47482 6
47485 8
47490 7
47493 7
47500 5
47501 7
47507 1
47508 4
47511 5
47514 5
47520 4
47521 7
47522 9
47527 5
47537 1
47540 0
47545 9
47547 6
47551 5
47552 7
47556 9
47561 6
47566 5
47567 5
47570 5
47571 7
47578 8
47582 4
47584 1
47586 4
47587 9
47588 3
47589 5
47590 5
47592 2
47593 6
47598 0
47601 3
47618 0
47620 9
47624 8
47634 8
47640 7
47643 7
47646 7
47652 2
47654 7
47657 4
47660 4
47664 8
47665 0
47669 7
47672 9
47677 7
47681 7
47686 7
47688 3
47690 7
47692 7
47704 7
47706 7
47707 7
47708 2
47710 8
47713 6
47715 2
47716 6
47724 0
47731 8
47737 7
47744 0
47746 6
47747 5
47749 3
47752 4
47754 2
47761 6
47762 7
47764 2
47766 4
47768 9
47770 3
47773 7
47786 0
47788 0
47798 5
47803 5
47807 2
47818 4
47824 6
47825 7
47830 6
47852 3
47853 0
47856 4
47869 7
47871 3
47872 6
47881 2
47902 7
47908 5
47912 2
47924 0
47927 0
47929 3
47938 6
47939 0
47940 1
47943 7
47946 4
47958 8
47963 0
47966 4
47967 3
47968 9
47969 8
47974 3
47975 2
47979 5
47982 0
47984 7
48001 3
48002 4
48007 8
48026 7
48038 3
48044 3
48045 4
48048 3
48055 8
48059 9
48065 9
48067 8
48068 5
48069 6
48070 0
48073 4
48076 1
48082 5
48083 1
48091 3
48102 3
48106 4
48115 5
48116 2
48124 7
48125 1
48126 2
48127 5
48129 7
48132 4
48141 2
48157 0
48159 5
48160 7
48162 1
48164 2
48176 9
48185 9
48186 9
48188 2
48194 5
48197 5
48198 0
48207 7
48210 8
48220 1
48223 1
48227 0
48231 0
48237 9
48243 1
48246 2
48251 6
48252 9
48262 2
48286 3
48288 5
48289 7
48292 0
48299 7
48300 9
48308 6
48309 1
48310 4
48311 3
48312 6
48313 0
48315 9
48316 3
48325 7
48328 3
48329 3
48330 9
48339 3
48344 9
48347 2
48350 6
48352 5
48353 0
48356 7
48371 4
48372 1
48380 3
48384 1
48396 3
48397 8
48405 4
48406 4
48414 3
48420 0
48422 2
48423 9
48431 2
48437 6
48440 7
48442 6
48444 1
48453 5
48458 1
48466 3
48467 4
48476 7
48483 2
48485 5
48492 9
48499 5
48507 8
48509 5
48513 6
48521 8
48527 8
48532 3
48534 5
48537 8
48542 2
48545 1
48546 5
48548 5
48554 9
48558 7
48559 2
48566 1
48570 0
48575 8
48581 9
48583 0
48587 6
48588 9
48592 7
48602 6
48605 6
48607 7
48612 8
48613 5
48614 1
48637 6
48643 8
48649 1
48651 8
48652 0
48655 8
48660 8
48664 9
48668 7
48673 0
48676 8
48680 7
48682 3
48689 1
48690 6
48698 2
48701 2
48712 1
48724 1
48726 7
48734 6
48743 1
48748 2
48749 0
48753 0
48762 2
48772 6
48775 2
48777 4
48786 3
48791 3
48797 7
48798 8
48801 2
48802 7
48805 1
48812 6
48824 1
48829 0
48830 1
48841 8
48853 2
48854 1
48857 4
48864 7
48871 1
48874 1
48876 5
48878 3
48882 8
48883 9
48887 0
48892 0
48894 4
48902 1
48904 3
48906 3
48907 1
48908 9
48915 7
48916 0
48923 2
48928 6
48931 1
48936 2
48945 9
48946 5
48947 7
48951 0
48953 3
48964 3
48970 6
48981 1
48992 3
48994 7
48997 8
48998 1
48999 2
49015 5
49017 2
49019 8
49036 0
49044 5
49048 4
49058 4
49060 5
49069 8
49073 1
49074 6
49076 4
49078 7
49079 0
49080 3
49089 7
49090 7
49099 9
49105 0
49108 9
49112 0
49116 1
49120 0
49123 3
49128 4
49142 8
49145 5
49150 4
49155 2
49157 4
49167 2
49177 4
49183 1
49185 0
49187 0
49189 9
49191 5
49208 5
49215 7
49222 0
49225 3
49226 0
49235 5
49237 6
49244 0
49245 8
49253 4
49266 0
49268 0
49270 6
49271 0
49273 7
49285 7
49292 5
49294 7
49295 0
49311 2
49313 0
49317 5
49318 7
49321 0
49324 6
49327 0
49333 4
49338 7
49350 6
49352 5
49356 7
49365 6
49372 5
49375 9
49377 0
49383 9
49384 1
49390 6
49392 2
49395 4
49401 8
49409 2
49415 4
49417 2
49428 9
49430 4
49431 1
49432 3
49433 1
49438 7
49440 5
49443 2
49448 9
49452 9
49466 5
49468 0
49471 7
49476 1
49480 2
49486 0
49491 7
49495 0
49498 7
49502 1
49512 8
49523 9
49533 5
49534 2
49544 2
49545 1
49550 0
49557 3
49564 9
49566 5
49570 1
49578 8
49582 8
49584 4
49585 6
49589 7
49593 6
49596 0
49604 5
49606 5
49609 9
49613 8
49624 3
49630 8
49632 4
49633 2
49643 4
49659 6
49662 6
49679 1
49682 1
49683 7
49684 4
49688 0
49689 1
49691 0
49699 3
49700 9
49707 2
49708 2
49710 3
49722 3
49735 5
49737 9
49754 5
49758 1
49775 7
49776 2
49781 1
49796 8
49798 8
49800 7
49803 7
49806 1
49807 0
49809 8
49813 4
49818 2
49819 9
49820 5
49822 7
49836 2
49840 2
49844 6
49847 4
49850 5
49857 6
49859 4
49862 9
49863 2
49867 0
49872 8
49874 4
49877 6
49878 1
49883 4
49891 6
49892 9
49893 2
49897 9
49900 6
49903 9
49909 9
49910 2
49914 3
49918 0
49921 9
49930 9
49933 8
49944 0
49945 5
49946 0
49947 5
49952 3
49959 8
49961 8
49967 4
49969 8
49973 2
49975 8
