0 11
17 54
24 35
26 30
27 25
36 38
37 65
42 5
43 75
50 1
57 49
59 35
66 39
70 21
74 39
79 52
80 60
81 17
92 54
103 69
106 68
110 3
120 68
126 83
137 50
144 60
147 93
148 60
155 24
156 9
157 65
171 37
174 36
178 5
179 16
190 98
193 47
200 35
201 84
204 95
211 27
215 14
218 41
219 68
220 4
223 42
229 41
232 93
240 24
245 79
247 35
250 44
259 22
263 76
266 15
269 68
275 81
288 32
289 94
293 41
304 97
305 46
307 41
311 41
322 65
325 25
330 39
340 95
346 45
349 85
357 30
358 87
361 75
367 1
370 70
376 5
384 61
387 43
389 34
390 20
395 28
408 4
413 46
417 24
427 70
433 50
438 45
448 76
449 85
466 19
471 51
491 61
492 38
493 43
494 69
500 33
505 0
508 23
514 68
520 41
521 63
524 19
538 17
540 9
541 4
555 29
556 17
558 47
566 58
568 84
575 59
585 36
590 54
593 51
594 53
602 20
605 56
616 92
619 29
627 1
633 50
642 33
646 65
652 51
653 41
656 27
660 96
663 6
666 87
672 32
675 33
676 10
679 18
680 15
685 10
691 21
704 11
708 99
713 4
716 71
717 42
718 55
738 35
740 44
744 88
745 46
753 13
765 63
772 55
773 2
787 19
797 4
800 3
802 38
804 8
808 33
814 49
823 38
832 88
836 74
839 36
844 49
849 99
850 19
853 10
854 35
857 74
859 81
862 29
878 40
880 18
883 48
890 3
891 7
896 80
921 31
927 22
932 77
935 52
937 3
942 55
947 72
969 63
970 66
971 34
977 76
980 11
986 64
987 7
996 31
999 42
1000 37
1002 39
1003 34
1012 7
1022 27
1027 52
1030 28
1031 61
1046 69
1055 93
1062 89
1071 40
1074 74
1076 69
1080 63
1097 17
1102 50
1105 7
1106 20
1109 76
1111 83
1116 40
1118 69
1120 73
1122 71
1123 73
1131 46
1133 20
1134 71
1135 95
1138 79
1142 81
1144 19
1149 91
1152 85
1153 10
1162 5
1166 20
1171 67
1175 89
1178 13
1190 19
1192 78
1193 86
1194 61
1205 96
1211 66
1212 42
1215 78
1216 48
1224 60
1227 6
1231 36
1244 63
1247 68
1248 85
1255 3
1256 8
1261 77
1263 35
1264 37
1268 32
1275 84
1282 42
1290 11
1295 3
1302 96
1316 53
1320 63
1325 91
1326 24
1354 55
1355 34
1360 64
1371 82
1391 38
1396 66
1398 20
1400 27
1406 35
1414 95
1418 78
1419 26
1423 17
1424 56
1425 34
1434 11
1435 26
1437 38
1441 7
1444 77
1451 59
1459 51
1465 60
1468 54
1472 45
1473 80
1475 44
1478 51
1480 13
1489 26
1491 31
1492 83
1501 3
1510 32
1512 96
1516 80
1517 31
1518 81
1522 25
1524 12
1535 72
1536 79
1537 26
1557 4
1561 44
1570 36
1575 84
1583 5
1585 0
1586 63
1587 42
1593 50
1601 28
1603 97
1608 84
1614 77
1622 22
1637 74
1639 47
1643 20
1652 85
1655 79
1658 91
1660 55
1661 56
1662 93
1669 51
1676 30
1680 30
1687 21
1689 19
1690 92
1695 83
1696 23
1699 23
1707 15
1709 57
1722 3
1729 66
1730 16
1734 92
1740 17
1743 70
1745 71
1748 1
1753 77
1757 6
1764 24
1768 53
1772 99
1777 46
1783 9
1785 38
1791 23
1794 3
1801 40
1804 57
1807 66
1810 10
1825 72
1841 41
1846 66
1850 64
1858 23
1860 26
1868 28
1872 31
1878 28
1892 3
1895 65
1900 11
1908 62
1915 87
1922 18
1930 85
1936 21
1939 92
1944 59
1945 68
1951 11
1956 52
1960 99
1962 10
1972 99
1991 14
1994 70
1995 56
1996 85
2007 40
2016 94
2018 83
2019 33
2023 99
2029 9
2039 85
2040 39
2053 46
2055 36
2070 35
2077 19
2079 51
2089 71
2092 94
2093 60
2096 51
2097 77
2103 21
2114 93
2121 80
2125 9
2130 24
2136 4
2137 87
2140 97
2144 88
2145 76
2149 9
2152 56
2155 34
2159 47
2160 30
2172 49
2177 11
2178 48
2182 40
2187 87
2189 89
2195 57
2204 34
2207 81
2212 88
2213 63
2221 60
2226 34
2229 17
2254 37
2269 79
2274 98
2293 67
2296 21
2303 64
2306 90
2313 25
2314 46
2343 55
2346 29
2347 56
2353 57
2354 89
2358 8
2367 66
2372 18
2373 3
2385 6
2386 85
2390 57
2395 63
2397 88
2399 1
2406 7
2413 87
2415 85
2431 63
2434 44
2436 57
2443 34
2445 52
2453 79
2459 45
2466 21
2472 85
2473 49
2480 9
2484 36
2486 9
2488 61
2491 56
2496 24
2509 16
2517 40
2518 89
2522 64
2526 99
2538 78
2539 59
2542 54
2545 53
2549 97
2552 82
2562 33
2567 70
2569 89
2575 18
2590 11
2592 19
2594 65
2597 68
2603 59
2604 36
2605 93
2609 2
2619 15
2620 22
2626 21
2630 59
2640 28
2641 94
2645 54
2648 40
2657 70
2669 97
2670 78
2671 44
2672 39
2673 84
2676 24
2682 70
2684 51
2685 88
2689 14
2700 77
2702 16
2703 77
2712 86
2721 8
2727 7
2734 49
2739 74
2740 90
2741 44
2744 80
2749 97
2758 35
2759 29
2764 75
2768 40
2774 53
2775 69
2780 81
2782 79
2784 16
2789 68
2794 81
2795 59
2812 2
2822 99
2824 96
2827 40
2828 95
2832 52
2836 51
2839 76
2843 5
2844 2
2845 98
2847 60
2882 66
2883 23
2897 78
2900 58
2901 47
2905 4
2906 15
2908 26
2911 96
2914 51
2921 82
2924 84
2928 32
2929 36
2931 35
2933 46
2936 66
2937 17
2944 4
2945 15
2946 71
2957 92
2958 18
2959 33
2962 76
2963 61
2971 86
2973 9
2978 79
2983 34
2987 44
2996 12
2997 32
3000 72
3004 54
3008 47
3018 44
3019 47
3032 91
3033 43
3035 5
3037 21
3042 68
3058 78
3063 57
3068 13
3069 95
3071 82
3074 41
3076 10
3079 69
3081 23
3098 21
3102 44
3104 58
3106 39
3109 3
3111 25
3115 90
3116 63
3120 91
3123 30
3124 32
3128 52
3131 43
3133 78
3142 29
3143 99
3151 79
3157 11
3168 81
3181 92
3183 19
3188 35
3210 14
3211 10
3212 67
3217 64
3219 32
3222 57
3228 99
3229 15
3231 37
3249 42
3251 31
3253 15
3258 99
3264 84
3266 12
3267 30
3275 93
3278 41
3281 58
3288 64
3293 46
3306 63
3307 11
3309 69
3313 91
3315 10
3321 27
3326 14
3330 19
3334 89
3337 89
3341 72
3342 90
3343 48
3346 57
3356 69
3361 5
3379 33
3382 7
3389 97
3391 16
3393 84
3399 89
3413 22
3433 86
3435 63
3440 11
3441 61
3443 69
3447 91
3448 38
3454 72
3455 46
3459 89
3464 80
3465 91
3472 66
3476 35
3493 61
3494 64
3495 97
3496 7
3508 38
3514 71
3524 92
3529 76
3540 40
3572 40
3573 30
3575 27
3594 15
3601 58
3606 83
3608 96
3618 55
3629 61
3630 65
3640 26
3649 25
3650 94
3660 84
3671 70
3681 43
3684 27
3685 29
3687 89
3696 59
3710 14
3713 16
3716 15
3726 37
3733 58
3749 1
3754 82
3781 96
3782 78
3789 6
3801 91
3802 63
3803 45
3811 0
3814 69
3819 0
3831 25
3833 78
3836 57
3837 5
3839 80
3844 88
3847 0
3855 87
3861 50
3863 79
3873 51
3906 76
3909 79
3914 60
3915 61
3926 74
3931 44
3939 73
3942 19
3943 77
3945 49
3949 28
3950 94
3960 44
3970 73
3975 74
3990 52
3993 12
3999 26
4000 55
4008 17
4011 91
4021 19
4025 56
4028 84
4030 13
4036 9
4053 76
4056 16
4063 15
4068 14
4074 92
4075 34
4083 61
4089 46
4092 62
4093 17
4095 55
4100 27
4103 29
4104 99
4111 54
4112 71
4113 10
4116 65
4120 2
4126 20
4128 41
4133 51
4134 9
4139 88
4140 13
4145 34
4153 88
4155 34
4160 13
4162 22
4167 36
4174 4
4182 98
4183 51
4193 24
4200 79
4201 66
4202 88
4207 69
4216 90
4219 54
4221 76
4225 66
4231 51
4233 16
4242 36
4248 74
4251 21
4258 89
4259 68
4262 26
4265 84
4281 12
4284 45
4285 14
4288 44
4296 31
4298 45
4299 69
4302 56
4305 78
4312 91
4315 39
4321 98
4329 59
4334 51
4338 43
4345 14
4350 82
4351 39
4353 12
4361 22
4365 59
4368 61
4370 73
4373 68
4376 53
4381 52
4386 34
4390 37
4395 64
4397 3
4401 60
4406 98
4409 91
4411 76
4413 48
4420 1
4421 37
4425 72
4437 45
4438 1
4441 80
4442 16
4447 19
4448 39
4452 74
4460 78
4462 47
4466 78
4470 52
4471 45
4483 13
4484 73
4486 99
4487 9
4501 39
4502 3
4507 19
4510 19
4512 87
4513 82
4516 20
4519 75
4526 34
4531 35
4533 74
4544 4
4546 12
4561 85
4562 20
4568 42
4572 84
4575 83
4581 8
4583 23
4590 45
4591 92
4598 8
4599 27
4603 59
4606 14
4611 61
4615 56
4617 80
4629 50
4641 35
4656 36
4663 68
4669 44
4670 93
4681 25
4683 5
4684 82
4686 4
4687 67
4690 41
4707 39
4708 96
4710 25
4711 17
4712 68
4715 37
4717 81
4722 92
4733 49
4735 43
4740 7
4741 79
4747 36
4751 91
4759 99
4762 47
4769 33
4771 78
4778 46
4781 13
4784 84
4786 42
4787 35
4789 56
4798 75
4808 49
4813 26
4819 4
4821 88
4823 77
4831 92
4837 45
4844 59
4846 41
4852 74
4857 94
4871 76
4875 85
4881 48
4886 43
4887 72
4888 87
4890 83
4896 37
4897 42
4900 84
4902 8
4910 14
4923 3
4939 32
4942 93
4948 45
4953 46
4954 82
4956 1
4958 49
4963 30
4966 59
4973 26
4983 62
4985 22
4989 70
4993 8
4994 41
4996 84
4999 77
5000 1
5010 74
5019 69
5024 57
5026 93
5027 87
5032 43
5033 50
5038 47
5044 14
5048 36
5049 40
5058 41
5060 55
5064 70
5065 51
5069 26
5078 0
5085 30
5090 30
5101 0
5115 64
5116 66
5126 43
5134 81
5135 66
5137 75
5143 92
5148 15
5163 57
5176 29
5179 35
5195 91
5197 18
5199 16
5200 78
5209 13
5210 73
5219 75
5220 32
5231 88
5234 45
5243 97
5246 87
5254 97
5260 98
5265 77
5274 79
5282 33
5283 30
5284 32
5289 32
5295 69
5303 33
5305 5
5315 99
5316 32
5325 3
5326 94
5330 11
5333 39
5334 65
5341 59
5342 35
5352 51
5355 37
5361 64
5370 54
5372 84
5376 50
5378 39
5380 46
5389 20
5395 56
5404 50
5408 60
5411 9
5416 73
5425 35
5426 93
5431 27
5434 98
5437 26
5440 23
5445 55
5447 28
5458 74
5470 94
5477 78
5483 53
5486 26
5495 51
5497 1
5498 62
5505 14
5511 75
5524 65
5529 21
5531 87
5534 44
5536 13
5543 45
5545 95
5546 93
5547 3
5550 43
5552 9
5554 19
5558 65
5562 7
5564 2
5566 25
5569 23
5572 98
5574 64
5575 2
5576 30
5581 0
5583 3
5587 61
5590 91
5592 80
5600 29
5601 10
5609 93
5629 13
5633 73
5637 31
5638 1
5643 47
5647 7
5660 81
5661 10
5664 21
5670 8
5674 60
5676 69
5680 21
5682 67
5684 27
5712 61
5716 2
5718 56
5724 39
5736 2
5741 23
5744 48
5754 7
5756 0
5757 16
5769 66
5770 67
5772 13
5783 35
5784 85
5787 63
5792 73
5806 49
5807 5
5821 11
5826 10
5829 70
5831 24
5842 60
5843 59
5848 3
5851 7
5858 28
5860 73
5864 1
5869 3
5871 45
5874 74
5877 35
5881 17
5885 89
5886 56
5900 62
5904 81
5906 64
5907 7
5910 43
5917 11
5936 30
5939 66
5973 69
5974 33
5976 30
5985 85
5987 57
5988 75
5989 48
5997 24
6000 58
6004 85
6007 73
6008 49
6009 24
6014 93
6015 52
6016 77
6019 12
6025 40
6028 41
6029 41
6037 17
6040 83
6041 98
6044 94
6049 37
6050 72
6052 33
6053 11
6065 4
6066 36
6076 44
6086 56
6087 34
6090 20
6092 66
6097 21
6098 21
6101 84
6114 9
6115 88
6120 67
6121 43
6126 19
6133 37
6137 45
6138 13
6146 44
6158 53
6161 11
6167 39
6169 20
6171 5
6172 37
6177 82
6186 84
6187 10
6188 92
6189 54
6192 29
6196 39
6202 13
6209 29
6213 68
6214 40
6217 35
6226 24
6235 93
6251 62
6267 77
6269 71
6274 98
6282 80
6284 10
6290 97
6291 65
6292 72
6294 53
6299 16
6304 33
6305 31
6309 96
6316 30
6318 72
6322 73
6326 20
6327 88
6333 87
6334 32
6336 68
6344 8
6346 95
6349 69
6350 91
6358 78
6362 95
6369 7
6371 34
6372 75
6375 50
6377 95
6380 8
6384 49
6394 10
6400 91
6401 67
6403 48
6404 15
6407 15
6418 23
6421 56
6426 66
6430 85
6437 3
6441 59
6442 92
6446 25
6450 92
6452 2
6456 88
6463 10
6464 37
6469 40
6474 64
6480 44
6484 0
6486 11
6496 72
6507 7
6511 39
6513 26
6516 84
6520 64
6523 32
6524 65
6526 49
6534 37
6536 83
6537 70
6552 68
6554 87
6555 28
6557 16
6560 58
6571 69
6577 10
6578 91
6584 56
6590 11
6591 12
6593 75
6595 28
6599 37
6610 52
6629 80
6636 85
6640 94
6641 69
6642 34
6646 6
6648 73
6649 29
6653 22
6655 51
6657 86
6658 4
6673 37
6674 77
6678 54
6699 33
6709 2
6714 77
6719 93
6728 32
6730 41
6731 73
6735 69
6736 64
6762 32
6764 57
6767 34
6772 48
6776 54
6781 4
6783 48
6784 98
6786 37
6791 63
6797 83
6798 8
6801 0
6812 51
6823 9
6826 77
6831 37
6832 34
6833 72
6845 93
6847 70
6850 84
6851 3
6854 2
6856 30
6864 17
6870 40
6888 43
6892 79
6901 6
6903 0
6915 37
6917 98
6920 22
6922 46
6925 7
6927 54
6930 30
6943 50
6950 35
6951 49
6952 39
6954 70
6969 48
6973 97
6977 34
6980 9
6990 64
6991 14
6993 8
6994 50
6999 92
7000 79
7001 34
7003 28
7012 96
7016 0
7021 80
7031 51
7035 63
7045 5
7049 55
7051 39
7057 99
7058 91
7075 77
7077 86
7085 9
7089 60
7096 97
7107 72
7109 74
7110 45
7113 91
7115 36
7117 63
7122 23
7124 2
7128 73
7136 80
7137 82
7145 62
7150 80
7153 13
7159 56
7160 29
7161 3
7167 91
7178 45
7181 59
7184 37
7189 35
7190 13
7192 78
7197 44
7215 38
7219 57
7220 89
7226 6
7230 90
7232 27
7234 35
7235 52
7236 86
7238 86
7240 26
7252 24
7266 15
7278 74
7280 80
7282 0
7291 88
7293 10
7303 40
7304 0
7310 12
7316 49
7317 38
7322 68
7330 84
7332 36
7337 36
7342 74
7350 43
7353 46
7356 52
7367 26
7373 35
7397 99
7399 33
7405 40
7418 86
7421 22
7424 66
7431 44
7433 52
7435 98
7436 31
7439 31
7440 72
7441 79
7443 41
7448 45
7449 72
7455 7
7456 33
7473 79
7481 23
7487 31
7489 0
7491 37
7504 81
7505 61
7507 67
7509 34
7511 51
7519 87
7520 89
7523 91
7524 14
7530 27
7533 92
7537 35
7541 2
7547 76
7552 62
7553 72
7554 2
7557 17
7559 41
7564 60
7574 13
7575 54
7577 12
7578 36
7582 77
7588 83
7590 7
7591 76
7593 86
7594 3
7596 21
7598 80
7602 8
7604 20
7621 27
7623 16
7629 92
7630 98
7640 40
7668 19
7680 55
7684 14
7692 2
7693 88
7701 54
7705 67
7710 18
7712 52
7718 12
7724 63
7725 12
7729 52
7731 97
7743 62
7748 63
7749 93
7750 31
7752 90
7755 47
7762 14
7764 83
7765 26
7780 33
7787 92
7789 39
7795 30
7796 56
7798 81
7802 13
7819 24
7824 65
7826 34
7843 90
7854 1
7860 57
7861 94
7862 46
7864 0
7872 50
7874 60
7879 50
7881 79
7884 7
7886 53
7900 7
7904 16
7907 11
7918 51
7926 26
7937 46
7945 37
7947 60
7950 95
7957 22
7959 56
7961 99
7965 69
7980 95
7985 14
7990 53
7993 19
7999 9
8004 66
8009 56
8010 74
8011 11
8016 8
8017 41
8021 45
8031 34
8034 94
8035 57
8039 66
8050 78
8052 53
8064 72
8077 55
8082 20
8085 74
8087 84
8095 33
8099 57
8102 53
8110 46
8113 83
8115 54
8116 34
8117 26
8124 64
8125 75
8127 77
8130 41
8132 78
8143 36
8146 3
8153 10
8157 48
8164 60
8170 28
8172 46
8173 47
8176 6
8179 23
8183 90
8188 0
8191 39
8193 9
8199 74
8205 20
8211 96
8212 68
8221 25
8224 15
8233 11
8238 23
8246 45
8247 58
8254 12
8255 17
8261 29
8268 19
8269 59
8270 18
8273 32
8279 55
8283 38
8284 32
8285 29
8307 29
8310 71
8311 45
8312 89
8314 17
8320 38
8331 41
8334 62
8340 52
8346 82
8351 35
8353 5
8367 93
8370 1
8374 47
8380 79
8396 75
8397 52
8419 76
8421 97
8424 74
8425 62
8428 16
8431 75
8443 14
8444 24
8449 55
8453 60
8464 20
8471 59
8475 59
8478 96
8479 5
8484 89
8485 8
8486 52
8487 84
8489 99
8499 28
8501 49
8506 85
8511 54
8523 95
8529 57
8534 5
8546 74
8549 85
8551 87
8556 3
8558 86
8561 43
8562 14
8565 3
8566 14
8567 38
8568 75
8570 92
8591 46
8597 29
8598 11
8599 4
8602 55
8605 24
8607 94
8608 94
8614 22
8618 22
8620 92
8624 38
8636 21
8637 35
8642 18
8643 26
8650 35
8657 44
8659 64
8660 29
8661 96
8665 84
8666 72
8667 61
8673 95
8676 1
8679 55
8683 68
8694 3
8707 81
8708 10
8714 4
8719 87
8723 90
8725 45
8729 54
8736 22
8738 33
8740 12
8744 79
8754 52
8760 97
8761 71
8771 77
8773 28
8774 38
8777 86
8786 56
8798 60
8801 93
8803 61
8809 62
8815 65
8818 43
8822 45
8826 15
8827 27
8832 77
8840 20
8842 95
8846 67
8848 71
8854 76
8863 97
8871 56
8877 45
8878 33
8880 87
8882 82
8883 37
8893 25
8896 14
8904 2
8907 32
8910 89
8911 82
8921 17
8927 20
8930 25
8933 89
8935 75
8936 32
8940 70
8943 93
8948 43
8954 16
8961 79
8962 72
8963 92
8964 44
8965 49
8971 73
8972 4
8974 49
8976 0
8978 80
8979 71
8983 51
8984 50
8988 52
8993 19
8995 52
8996 41
9009 2
9010 3
9012 46
9018 83
9029 95
9040 88
9042 20
9050 68
9059 7
9070 60
9072 89
9075 37
9076 60
9082 36
9083 5
9123 34
9127 76
9131 80
9132 75
9134 64
9138 68
9142 82
9155 39
9157 64
9164 35
9167 29
9171 9
9173 11
9175 90
9180 36
9183 11
9188 95
9192 80
9197 62
9198 71
9202 30
9218 96
9225 32
9244 67
9248 71
9251 16
9256 92
9276 78
9279 14
9281 8
9282 10
9283 75
9284 76
9292 91
9298 26
9302 1
9321 25
9326 5
9328 29
9329 57
9334 43
9340 46
9354 70
9359 70
9361 70
9362 77
9363 24
9368 11
9370 49
9377 87
9387 71
9392 90
9398 14
9400 10
9409 74
9413 30
9416 45
9420 71
9422 16
9430 64
9431 1
9432 87
9439 49
9443 23
9449 82
9458 57
9459 93
9460 61
9475 61
9476 17
9480 69
9487 45
9488 41
9489 40
9502 70
9505 24
9508 34
9514 61
9519 16
9529 57
9530 61
9538 81
9541 24
9542 93
9555 19
9574 83
9577 40
9586 64
9591 10
9592 21
9593 11
9595 63
9597 66
9599 97
9600 87
9608 6
9610 49
9611 34
9613 37
9617 77
9621 41
9625 87
9629 19
9634 61
9635 60
9637 5
9653 20
9658 68
9659 41
9661 49
9666 1
9668 73
9670 92
9672 52
9679 70
9681 55
9697 30
9700 45
9717 62
9722 66
9725 38
9727 31
9730 70
9740 17
9741 16
9743 54
9744 22
9745 81
9748 17
9750 10
9755 17
9757 80
9761 21
9765 42
9788 43
9796 37
9799 69
9800 69
9804 28
9806 17
9811 77
9815 94
9820 74
9823 95
9828 26
9833 55
9837 15
9841 45
9842 31
9844 29
9845 99
9856 27
9864 3
9876 98
9889 87
9890 62
9903 60
9908 23
9909 62
9910 65
9913 82
9914 46
9917 4
9921 22
9922 6
9925 81
9927 5
9933 96
9935 44
9939 86
9945 54
9953 31
9965 59
9968 78
9975 19
9979 85
9981 23
9983 35
9985 52
9986 38
9990 39
9993 73
9994 28
10007 40
10016 76
10018 34
10021 38
10025 97
10045 75
10046 21
10049 40
10054 67
10059 23
10060 10
10068 79
10069 98
10071 44
10073 77
10087 68
10090 14
10095 29
10109 22
10111 43
10112 26
10113 70
10115 73
10118 97
10119 76
10120 83
10124 54
10129 8
10130 92
10150 61
10152 82
10165 58
10168 23
10170 69
10171 87
10176 80
10179 6
10193 2
10209 5
10214 15
10219 95
10223 15
10228 37
10229 62
10234 65
10238 48
10244 98
10249 76
10252 12
10260 22
10261 86
10289 75
10303 84
10306 17
10311 56
10313 41
10316 62
10318 50
10329 49
10335 69
10345 24
10347 0
10357 9
10360 37
10362 85
10363 65
10365 67
10370 61
10389 66
10396 81
10398 22
10401 43
10414 13
10424 96
10442 8
10462 69
10465 59
10466 5
10467 67
10468 33
10475 23
10480 24
10481 30
10484 58
10490 92
10493 18
10494 28
10498 42
10508 20
10511 97
10512 59
10515 78
10517 61
10519 91
10531 35
10545 98
10549 14
10550 83
10551 68
10561 16
10562 62
10568 31
10572 4
10576 91
10581 45
10587 38
10590 62
10608 60
10613 29
10623 96
10625 81
10626 67
10629 99
10630 33
10634 31
10638 97
10644 42
10650 55
10655 96
10656 72
10667 74
10671 32
10677 13
10679 48
10680 89
10689 95
10690 12
10691 89
10692 72
10696 71
10698 45
10699 63
10709 47
10721 93
10722 61
10726 88
10733 66
10734 5
10745 18
10756 62
10759 52
10761 91
10772 52
10775 13
10782 88
10793 86
10796 49
10797 60
10804 82
10805 85
10810 14
10817 8
10834 84
10841 92
10845 45
10852 7
10864 38
10870 40
10871 72
10872 37
10878 31
10882 60
10885 46
10887 53
10899 31
10917 98
10922 35
10930 1
10931 19
10932 24
10937 27
10945 64
10961 38
10988 19
10991 0
10993 97
10994 12
10997 69
11007 0
11021 32
11027 76
11043 86
11049 23
11058 21
11059 13
11066 76
11067 96
11069 43
11073 95
11082 33
11083 1
11090 40
11092 73
11103 83
11106 62
11108 50
11111 29
11113 98
11115 19
11116 16
11119 2
11124 85
11126 50
11127 61
11128 58
11129 93
11134 8
11137 91
11148 35
11151 61
11154 84
11155 76
11171 79
11173 21
11174 70
11179 77
11181 42
11186 98
11188 36
11198 37
11207 72
11208 91
11209 47
11215 66
11220 49
11222 60
11226 71
11229 13
11235 86
11236 63
11244 95
11249 90
11251 68
11272 78
11273 52
11274 27
11276 54
11281 56
11287 78
11295 54
11301 26
11303 43
11313 91
11315 67
11318 55
11326 15
11327 76
11332 71
11338 23
11341 68
11348 14
11351 16
11354 98
11360 48
11381 68
11383 49
11384 56
11388 55
11390 96
11393 45
11396 35
11408 15
11409 81
11424 78
11426 12
11428 27
11429 56
11433 92
11434 15
11435 41
11437 82
11438 7
11439 13
11449 3
11460 17
11462 82
11463 62
11465 78
11471 78
11483 72
11487 69
11488 70
11496 36
11501 41
11508 38
11509 59
11519 5
11521 46
11537 30
11541 26
11543 43
11544 83
11563 13
11566 18
11572 0
11573 24
11574 82
11577 42
11581 57
11583 99
11584 33
11585 58
11590 30
11596 5
11599 28
11605 50
11607 26
11609 31
11616 72
11617 81
11619 10
11621 1
11622 3
11628 92
11634 77
11639 96
11642 33
11646 42
11658 36
11662 73
11679 88
11682 90
11691 26
11702 6
11703 64
11709 26
11712 3
11717 62
11718 61
11720 55
11721 69
11724 26
11730 50
11732 50
11743 96
11745 17
11750 39
11751 55
11752 26
11756 27
11759 95
11771 72
11773 8
11777 85
11783 8
11787 14
11790 75
11793 56
11794 23
11797 24
11799 27
11805 76
11813 33
11814 83
11816 22
11817 43
11830 65
11831 65
11836 57
11840 38
11841 99
11842 87
11843 25
11845 32
11851 27
11854 38
11856 33
11861 23
11865 24
11870 10
11874 69
11883 73
11889 42
11893 71
11894 74
11902 70
11909 28
11911 87
11912 17
11914 93
11915 5
11916 7
11918 59
11919 62
11929 22
11934 53
11939 96
11942 16
11945 10
11947 44
11951 35
11954 99
11956 3
11957 49
11969 2
11972 41
11975 15
11981 33
11984 75
11986 83
11987 61
11988 17
11990 35
11991 17
11996 3
12000 9
12005 76
12014 47
12019 86
12025 15
12034 65
12035 78
12044 35
12047 59
12052 94
12070 62
12074 92
12075 46
12077 16
12081 2
12085 58
12086 65
12091 81
12093 92
12105 16
12108 72
12114 34
12117 18
12120 85
12139 22
12148 58
12151 10
12161 70
12163 3
12165 16
12167 63
12176 8
12178 62
12185 23
12188 97
12190 66
12193 19
12194 4
12200 21
12205 31
12213 86
12219 15
12223 6
12228 96
12229 40
12231 99
12245 90
12250 98
12251 52
12254 77
12262 27
12266 25
12268 51
12271 81
12274 38
12276 54
12281 73
12283 77
12286 80
12289 84
12290 47
12297 6
12302 82
12303 3
12314 65
12316 72
12317 63
12318 79
12326 91
12327 23
12332 96
12336 18
12346 33
12352 72
12358 97
12374 35
12379 37
12380 23
12381 39
12388 42
12389 24
12398 59
12399 39
12404 7
12409 25
12413 47
12419 56
12423 1
12426 90
12433 70
12440 26
12446 87
12450 94
12460 77
12462 85
12471 67
12480 6
12488 65
12490 98
12493 29
12495 43
12502 91
12504 19
12509 7
12529 42
12533 53
12534 25
12535 37
12544 1
12551 72
12555 65
12565 0
12573 39
12574 39
12576 75
12580 32
12605 71
12618 42
12626 16
12634 48
12636 75
12639 69
12649 56
12653 34
12654 37
12658 96
12659 32
12664 71
12669 55
12676 57
12685 79
12695 73
12699 43
12706 37
12707 44
12709 42
12724 12
12729 43
12730 37
12732 4
12733 58
12735 42
12736 52
12750 6
12755 97
12757 60
12763 64
12766 58
12774 71
12779 44
12781 4
12794 56
12798 3
12800 56
12801 18
12803 37
12807 6
12808 50
12815 72
12818 11
12820 65
12824 71
12828 13
12835 30
12847 81
12848 12
12854 39
12857 94
12868 45
12870 63
12871 89
12872 53
12877 13
12881 35
12883 57
12892 76
12893 90
12909 69
12910 4
12923 41
12926 27
12930 74
12936 57
12938 30
12939 34
12941 99
12953 60
12958 63
12968 63
12969 77
12973 30
12980 74
12981 93
12982 83
12989 65
13002 54
13005 9
13012 14
13013 89
13014 8
13017 87
13023 79
13027 96
13030 92
13042 78
13049 55
13050 35
13052 19
13078 32
13104 77
13117 40
13121 81
13127 1
13129 26
13134 19
13136 15
13141 51
13142 42
13147 17
13148 92
13154 94
13155 12
13157 18
13158 5
13166 9
13171 50
13174 5
13176 84
13178 90
13186 54
13193 87
13198 51
13199 54
13200 97
13203 2
13210 35
13211 45
13212 43
13224 77
13231 98
13236 81
13238 96
13243 60
13248 17
13253 89
13260 35
13261 22
13267 3
13269 66
13271 46
13273 81
13275 1
13277 0
13278 34
13279 21
13287 41
13288 48
13297 6
13298 79
13299 28
13305 37
13312 20
13316 18
13319 90
13321 42
13322 41
13325 26
13332 82
13333 10
13337 94
13346 22
13355 89
13356 69
13364 39
13365 41
13378 63
13380 78
13398 30
13402 34
13404 11
13407 25
13408 51
13419 6
13423 35
13425 30
13430 32
13435 69
13436 71
13437 96
13438 92
13447 80
13449 84
13450 12
13462 78
13471 86
13477 43
13483 72
13494 11
13498 22
13502 55
13512 81
13513 44
13518 74
13523 51
13524 26
13544 28
13553 0
13557 22
13561 87
13565 89
13569 76
13570 13
13578 49
13580 34
13583 77
13586 7
13587 75
13594 62
13598 4
13605 50
13607 22
13617 45
13618 78
13624 11
13628 66
13632 72
13639 93
13647 13
13649 40
13663 37
13677 36
13680 80
13688 78
13691 90
13692 35
13696 58
13700 28
13704 59
13709 13
13712 2
13715 49
13722 88
13733 27
13734 4
13737 61
13742 97
13745 6
13753 35
13757 21
13761 95
13763 52
13765 5
13775 92
13787 2
13788 79
13800 3
13807 82
13808 3
13810 34
13811 91
13813 11
13814 76
13817 67
13824 53
13825 30
13827 27
13833 7
13834 92
13836 16
13839 70
13840 98
13849 4
13851 50
13859 52
13861 78
13862 82
13868 83
13873 13
13882 56
13886 8
13890 97
13892 66
13895 91
13896 90
13898 67
13900 10
13905 13
13911 45
13913 4
13914 89
13918 77
13946 54
13952 79
13961 0
13963 6
13964 30
13966 2
13970 19
13973 99
13981 90
13986 18
13997 38
14006 87
14009 92
14011 74
14017 96
14018 19
14025 97
14026 9
14032 63
14041 95
14042 95
14047 46
14050 47
14051 46
14057 74
14064 97
14067 49
14068 2
14069 38
14070 39
14071 90
14073 68
14084 38
14085 27
14088 1
14099 79
14102 16
14107 27
14108 94
14120 4
14121 46
14126 80
14128 52
14130 99
14133 69
14142 35
14143 25
14144 41
14159 0
14160 24
14161 98
14168 45
14171 37
14174 59
14178 77
14179 53
14186 4
14190 14
14193 18
14202 7
14206 64
14207 62
14210 14
14215 11
14217 54
14219 64
14232 92
14240 1
14241 88
14242 27
14247 24
14250 13
14251 92
14252 4
14256 60
14258 24
14261 29
14263 43
14264 51
14266 7
14268 76
14269 55
14277 39
14280 83
14285 13
14292 22
14302 59
14308 98
14310 96
14315 78
14325 45
14331 19
14332 84
14338 7
14339 4
14348 67
14349 32
14353 74
14367 62
14380 86
14384 89
14389 33
14393 30
14396 17
14401 27
14421 44
14435 38
14436 92
14441 58
14446 68
14452 30
14456 53
14466 21
14467 85
14472 75
14491 20
14492 46
14493 89
14498 0
14499 18
14503 12
14508 37
14513 80
14514 76
14520 45
14529 27
14531 53
14533 22
14536 29
14543 72
14544 61
14550 29
14553 93
14554 57
14555 59
14561 46
14564 65
14575 74
14577 12
14585 65
14587 63
14589 29
14592 49
14593 6
14598 42
14601 40
14604 95
14608 14
14614 37
14619 50
14620 0
14621 32
14624 65
14626 68
14634 71
14635 20
14638 80
14643 17
14653 71
14654 26
14658 5
14660 98
14664 57
14678 88
14682 59
14683 16
14702 23
14714 95
14715 61
14720 58
14722 55
14723 17
14725 12
14730 64
14731 22
14734 24
14735 38
14738 15
14744 42
14751 85
14757 50
14771 41
14787 45
14793 59
14794 95
14797 46
14805 48
14808 43
14818 57
14830 9
14834 45
14837 93
14842 98
14854 54
14857 89
14862 70
14864 13
14875 1
14878 96
14883 18
14890 57
14897 57
14900 62
14902 40
14907 41
14908 69
14914 31
14915 12
14917 80
14920 82
14921 16
14924 62
14932 15
14945 95
14949 38
14956 4
14959 69
14968 45
14971 13
14972 30
14976 54
14979 52
14981 64
14983 32
14988 15
14995 5
14997 6
15000 99
15006 26
15012 71
15014 43
15016 82
15018 0
15022 58
15027 12
15028 39
15033 59
15065 43
15070 34
15079 0
15083 66
15084 51
15093 84
15097 81
15107 52
15112 93
15114 65
15117 53
15124 16
15154 66
15155 19
15156 40
15159 88
15165 27
15171 29
15172 73
15191 61
15193 2
15201 41
15206 57
15218 57
15223 93
15224 15
15228 57
15234 4
15235 66
15239 21
15240 92
15257 70
15258 61
15267 20
15286 93
15288 94
15295 7
15300 78
15301 61
15314 83
15315 42
15326 23
15328 25
15329 87
15330 83
15335 62
15340 39
15342 46
15349 26
15353 43
15354 7
15358 94
15359 23
15366 23
15368 68
15370 12
15378 92
15392 33
15394 71
15396 78
15403 41
15405 27
15409 78
15413 95
15416 70
15417 68
15418 70
15420 73
15424 73
15430 90
15435 96
15438 74
15448 25
15449 19
15451 35
15457 29
15458 54
15459 26
15461 7
15463 36
15469 28
15474 52
15487 94
15488 94
15498 45
15508 84
15511 73
15514 47
15517 53
15518 96
15520 31
15541 1
15543 81
15545 82
15546 12
15563 98
15566 94
15567 0
15572 0
15591 20
15593 87
15594 56
15596 72
15606 85
15614 91
15615 38
15630 25
15631 43
15632 21
15636 45
15638 94
15639 39
15644 67
15648 2
15657 93
15659 47
15662 3
15672 12
15676 61
15680 19
15686 10
15687 55
15688 75
15696 49
15700 43
15704 21
15708 44
15709 95
15710 34
15715 44
15723 5
15724 44
15728 91
15734 91
15740 98
15750 19
15753 95
15767 50
15769 18
15773 41
15784 94
15787 10
15791 36
15794 72
15802 90
15815 54
15816 83
15819 63
15826 28
15829 35
15833 76
15834 50
15837 16
15838 16
15839 58
15841 42
15844 97
15857 21
15879 4
15882 7
15888 72
15892 5
15894 61
15900 60
15913 35
15916 87
15919 10
15929 74
15931 95
15933 89
15934 44
15951 82
15958 46
15959 33
15975 84
15976 69
15984 47
15986 68
15993 46
15994 5
16003 6
16007 56
16011 70
16020 41
16022 36
16035 64
16036 76
16042 22
16049 60
16061 1
16064 85
16065 60
16066 95
16070 79
16072 94
16074 36
16084 44
16085 55
16101 68
16106 19
16114 93
16119 17
16120 78
16138 62
16146 99
16157 89
16164 37
16166 7
16168 59
16176 43
16180 52
16185 85
16189 25
16196 77
16205 95
16206 24
16211 71
16213 51
16227 81
16231 8
16232 12
16235 5
16241 13
16242 36
16248 60
16251 35
16253 36
16256 85
16260 14
16264 23
16270 65
16278 42
16290 93
16292 46
16294 52
16303 43
16314 64
16321 47
16322 3
16325 23
16330 91
16336 16
16341 85
16347 79
16362 97
16365 98
16366 17
16369 91
16382 52
16391 14
16393 60
16395 6
16403 4
16404 4
16405 29
16408 47
16409 25
16418 84
16421 81
16425 62
16427 71
16435 75
16440 97
16443 85
16444 24
16449 26
16462 33
16466 96
16471 73
16475 34
16481 75
16484 44
16499 32
16502 16
16507 36
16517 90
16518 33
16534 68
16536 37
16544 5
16546 4
16547 43
16548 62
16549 74
16554 15
16555 46
16566 67
16568 53
16574 71
16575 57
16581 66
16583 25
16584 66
16588 32
16589 12
16592 56
16595 89
16599 75
16601 19
16606 60
16609 49
16611 29
16613 41
16615 3
16618 85
16623 46
16626 10
16634 6
16637 2
16641 16
16647 12
16655 96
16658 30
16662 40
16664 59
16668 78
16676 24
16677 21
16686 65
16693 76
16696 69
16700 84
16702 71
16721 49
16724 38
16736 27
16742 73
16745 19
16750 90
16753 3
16755 77
16764 70
16768 73
16772 2
16775 67
16789 52
16792 79
16793 96
16795 57
16806 90
16814 54
16816 76
16817 12
16818 53
16823 5
16839 82
16844 31
16850 94
16853 73
16856 33
16859 6
16860 32
16862 10
16872 19
16873 87
16880 22
16884 55
16892 47
16893 61
16896 97
16922 92
16925 63
16927 29
16928 45
16945 71
16947 53
16949 74
16957 37
16967 73
16970 78
16976 54
16978 86
16993 72
16998 93
17004 73
17011 54
17012 77
17015 99
17026 80
17033 39
17036 48
17037 33
17038 8
17049 21
17062 20
17065 77
17075 13
17076 9
17078 98
17080 42
17081 90
17083 48
17092 2
17096 14
17098 73
17109 97
17110 24
17111 31
17117 95
17120 57
17121 56
17124 38
17133 30
17141 49
17142 10
17144 69
17146 6
17147 89
17155 66
17160 10
17163 71
17176 68
17191 1
17200 59
17206 31
17215 17
17218 21
17224 5
17232 24
17236 85
17250 58
17255 30
17259 8
17261 47
17279 12
17281 83
17283 26
17286 0
17290 74
17293 90
17296 3
17297 7
17316 12
17317 10
17318 5
17322 95
17326 6
17327 7
17332 94
17334 68
17336 40
17340 12
17345 58
17350 96
17354 59
17359 49
17360 24
17364 32
17366 53
17368 88
17371 35
17373 56
17379 48
17389 20
17392 43
17411 29
17416 43
17419 98
17431 15
17445 56
17449 79
17455 33
17458 35
17460 65
17467 34
17470 39
17476 8
17483 34
17491 46
17494 17
17502 86
17508 11
17515 72
17516 70
17525 59
17528 76
17534 12
17537 76
17540 90
17542 75
17560 61
17563 96
17564 73
17566 6
17567 45
17587 33
17596 21
17598 58
17603 79
17605 96
17609 41
17616 20
17618 88
17620 48
17621 45
17625 23
17630 18
17636 48
17640 9
17648 20
17659 47
17662 79
17663 45
17665 93
17669 59
17671 99
17673 73
17675 36
17676 78
17678 89
17681 22
17692 45
17695 13
17703 33
17706 66
17711 6
17716 2
17720 31
17735 73
17737 13
17742 59
17754 52
17755 28
17763 7
17771 88
17772 12
17776 37
17779 82
17795 67
17799 8
17801 38
17802 24
17805 80
17808 2
17809 45
17810 1
17811 6
17814 65
17817 93
17823 23
17828 6
17836 37
17838 47
17842 11
17844 56
17853 64
17862 91
17870 71
17876 7
17897 91
17908 91
17909 43
17910 43
17912 84
17913 70
17917 50
17935 81
17938 1
17948 33
17950 51
17951 3
17961 30
17972 51
17978 2
17980 76
17992 52
18008 57
18010 8
18020 89
18021 46
18034 81
18039 31
18043 16
18048 33
18052 46
18053 31
18065 93
18068 60
18074 3
18089 90
18090 41
18091 66
18094 52
18097 27
18103 75
18106 52
18107 24
18115 13
18120 17
18121 56
18125 61
18137 50
18144 84
18145 47
18150 34
18159 3
18162 40
18163 14
18168 40
18169 98
18172 80
18175 4
18176 34
18177 30
18192 6
18194 34
18198 69
18204 89
18216 73
18217 68
18219 73
18220 28
18224 64
18229 16
18231 37
18234 66
18235 56
18239 91
18252 61
18257 8
18263 87
18264 45
18267 82
18269 99
18274 60
18278 27
18281 86
18284 88
18290 56
18297 41
18301 3
18303 53
18304 56
18309 17
18313 63
18319 81
18329 68
18333 23
18335 33
18350 80
18352 61
18353 40
18355 16
18357 49
18358 84
18365 46
18367 18
18368 68
18370 77
18386 6
18387 42
18391 49
18398 56
18404 74
18406 96
18419 95
18420 82
18421 19
18423 2
18426 42
18440 56
18443 43
18449 3
18450 86
18456 85
18459 44
18462 70
18465 6
18470 4
18475 52
18477 54
18483 43
18487 67
18497 72
18498 7
18501 78
18521 83
18523 91
18528 15
18532 55
18537 4
18539 50
18543 64
18544 32
18556 35
18567 8
18568 83
18570 25
18595 8
18598 82
18600 64
18603 62
18611 9
18618 27
18620 30
18625 47
18635 21
18639 69
18654 22
18661 21
18662 11
18667 67
18681 97
18687 67
18695 90
18706 75
18709 26
18733 90
18740 49
18749 86
18760 86
18763 59
18765 5
18771 54
18776 98
18780 56
18781 92
18793 16
18795 93
18799 15
18800 72
18803 23
18806 94
18808 67
18810 86
18811 91
18817 15
18818 65
18829 55
18830 22
18834 59
18835 76
18838 72
18844 62
18847 43
18848 52
18854 75
18855 30
18856 3
18857 52
18860 30
18864 67
18870 43
18872 91
18873 48
18875 74
18878 79
18879 46
18885 0
18894 48
18895 39
18899 86
18906 29
18909 4
18912 24
18920 40
18929 35
18932 9
18946 93
18958 42
18961 24
18972 98
18979 2
18986 40
18993 75
18994 95
18996 34
18997 53
19000 24
19005 28
19006 79
19010 56
19015 70
19018 66
19029 34
19036 59
19039 98
19041 14
19046 60
19048 75
19050 4
19052 37
19056 79
19066 99
19073 57
19074 34
19075 20
19079 66
19080 97
19081 19
19082 61
19086 74
19088 97
19090 97
19094 46
19097 0
19100 28
19102 69
19106 35
19116 96
19118 12
19124 44
19128 26
19131 53
19132 54
19137 62
19145 38
19147 87
19148 43
19150 14
19154 63
19155 88
19156 95
19157 96
19162 59
19166 32
19167 59
19170 42
19171 31
19173 31
19189 45
19198 48
19199 46
19208 25
19210 10
19221 31
19225 94
19230 48
19239 60
19245 38
19251 1
19254 32
19270 86
19278 67
19280 83
19289 32
19291 23
19297 86
19301 56
19305 8
19323 18
19326 47
19335 23
19336 74
19337 82
19342 11
19344 40
19350 67
19356 82
19357 12
19359 61
19362 83
19369 4
19377 35
19384 82
19386 9
19389 63
19409 9
19411 77
19415 25
19419 60
19420 86
19423 51
19429 84
19433 6
19434 92
19445 15
19451 35
19462 80
19464 30
19468 8
19473 54
19476 10
19484 62
19487 32
19490 76
19515 54
19519 39
19523 67
19527 71
19531 59
19536 42
19539 4
19540 29
19545 73
19556 90
19560 27
19565 57
19566 68
19567 50
19568 92
19575 59
19580 46
19591 85
19594 94
19599 76
19600 34
19604 4
19605 12
19609 40
19615 92
19628 85
19639 47
19645 27
19656 63
19658 47
19661 94
19665 53
19668 94
19669 70
19672 34
19679 11
19692 47
19704 40
19707 39
19708 14
19709 74
19712 65
19713 75
19724 7
19736 81
19737 10
19741 50
19749 13
19753 54
19754 11
19755 68
19761 70
19772 75
19776 11
19788 61
19790 76
19796 30
19799 64
19821 10
19837 40
19839 2
19842 64
19849 74
19850 4
19857 74
19862 17
19869 17
19871 94
19879 60
19880 76
19881 94
19890 79
19893 70
19897 52
19904 64
19913 94
19914 12
19920 80
19940 44
19948 25
19951 41
19960 62
19963 13
19968 92
19973 13
19975 1
19981 99
20005 49
20007 58
20009 19
20014 85
20028 12
20045 25
20046 91
20052 97
20056 42
20063 53
20070 12
20074 40
20090 81
20097 15
20102 69
20104 40
20106 15
20107 90
20110 83
20114 11
20115 33
20123 89
20128 33
20133 39
20140 20
20149 0
20152 73
20154 29
20162 51
20163 24
20176 40
20178 95
20184 67
20189 36
20193 21
20195 85
20200 83
20204 93
20205 67
20206 58
20207 57
20208 26
20214 40
20219 29
20222 80
20225 38
20232 10
20233 7
20239 71
20240 88
20244 60
20251 83
20252 61
20253 34
20257 84
20260 87
20264 2
20267 8
20272 96
20275 74
20276 60
20277 81
20280 61
20281 70
20285 26
20287 46
20292 1
20296 37
20303 51
20306 64
20318 35
20327 31
20328 86
20331 81
20340 22
20344 21
20345 11
20347 70
20349 83
20354 33
20356 34
20357 66
20358 5
20361 84
20363 87
20368 22
20375 32
20382 78
20390 70
20393 10
20394 65
20399 4
20404 12
20424 39
20425 3
20437 87
20441 90
20442 78
20444 1
20446 6
20449 31
20450 49
20453 87
20459 65
20462 97
20469 58
20474 30
20475 34
20478 9
20480 59
20485 75
20498 73
20502 98
20513 47
20515 12
20516 61
20518 65
20529 9
20530 36
20532 19
20537 88
20539 43
20543 49
20549 33
20555 22
20557 19
20561 39
20564 5
20570 29
20573 65
20575 68
20579 29
20580 89
20584 50
20594 31
20596 50
20597 35
20598 44
20612 65
20613 57
20615 28
20618 72
20624 32
20627 56
20630 18
20637 68
20639 68
20648 58
20653 15
20657 1
20658 38
20660 20
20669 98
20674 37
20675 80
20678 61
20687 14
20695 74
20699 32
20704 65
20726 4
20736 53
20740 13
20743 99
20745 70
20747 51
20749 59
20753 68
20761 40
20764 6
20766 42
20767 1
20769 89
20771 35
20774 67
20779 34
20782 84
20793 5
20796 46
20799 29
20801 64
20802 93
20803 59
20804 40
20807 12
20811 0
20813 73
20819 38
20829 41
20830 63
20832 83
20844 0
20845 87
20846 56
20853 19
20855 57
20857 5
20861 69
20865 56
20868 59
20869 6
20871 32
20877 54
20885 54
20892 87
20896 31
20899 38
20902 57
20903 51
20906 94
20919 37
20921 58
20930 19
20932 93
20942 95
20948 28
20964 88
20966 22
20978 89
20981 22
20986 40
20987 81
20990 68
20998 40
21004 6
21005 6
21014 64
21019 46
21023 40
21027 66
21028 34
21031 3
21041 16
21046 20
21052 3
21056 23
21061 72
21064 88
21070 16
21077 63
21079 13
21081 23
21088 97
21089 98
21090 54
21095 60
21121 22
21124 62
21127 6
21130 74
21133 62
21139 3
21140 89
21142 21
21143 0
21144 29
21146 19
21148 38
21149 96
21164 17
21177 67
21178 61
21183 73
21186 82
21191 88
21205 92
21210 15
21212 21
21220 53
21222 68
21224 75
21227 28
21228 23
21244 72
21253 58
21267 36
21275 55
21291 80
21297 36
21298 11
21303 6
21309 26
21312 7
21319 55
21330 91
21334 99
21338 82
21340 43
21341 2
21345 58
21355 80
21362 9
21368 92
21369 80
21375 94
21380 96
21387 48
21389 46
21400 28
21410 67
21412 15
21413 66
21416 70
21418 91
21419 13
21420 28
21425 61
21426 95
21429 44
21439 67
21440 76
21441 83
21446 41
21447 58
21449 46
21450 9
21451 68
21455 54
21459 93
21460 12
21467 35
21469 49
21475 78
21483 5
21495 79
21502 69
21503 65
21504 24
21507 84
21508 1
21509 39
21521 62
21526 98
21531 70
21534 25
21546 96
21553 64
21557 35
21564 39
21566 3
21571 47
21599 89
21600 60
21601 70
21603 85
21607 87
21614 72
21622 59
21624 77
21625 77
21638 77
21643 36
21648 59
21649 16
21657 47
21662 76
21664 51
21666 45
21670 50
21677 56
21684 38
21695 57
21701 15
21706 78
21712 10
21713 98
21715 86
21716 3
21718 94
21720 96
21721 67
21731 0
21733 42
21738 35
21742 40
21743 29
21748 96
21755 95
21758 4
21762 17
21763 68
21766 82
21775 75
21777 0
21784 68
21785 91
21789 8
21802 85
21811 72
21815 41
21819 54
21822 11
21826 7
21828 85
21830 7
21839 68
21849 74
21856 5
21863 25
21868 57
21869 2
21872 66
21873 83
21875 68
21880 39
21889 44
21894 66
21896 74
21898 17
21901 71
21909 57
21910 89
21911 63
21914 18
21915 71
21923 9
21924 21
21925 42
21927 70
21930 50
21933 61
21934 91
21937 50
21939 56
21942 16
21947 71
21952 24
21953 82
21960 93
21963 0
21974 89
21977 0
21983 45
21995 10
21996 27
22003 96
22004 9
22011 96
22012 40
22014 44
22017 51
22022 0
22025 73
22026 80
22043 52
22044 42
22051 98
22054 78
22056 81
22061 31
22062 98
22063 30
22066 77
22067 44
22069 3
22078 24
22081 79
22084 24
22089 59
22091 85
22092 72
22103 93
22119 51
22124 15
22127 52
22128 44
22131 70
22132 73
22136 37
22140 74
22141 12
22157 75
22163 8
22171 21
22176 71
22179 34
22190 79
22191 43
22194 20
22214 44
22222 97
22224 61
22225 99
22230 96
22232 0
22236 53
22240 21
22241 81
22244 22
22251 11
22253 57
22254 37
22257 57
22263 71
22265 45
22268 27
22271 24
22277 21
22280 30
22287 81
22294 12
22297 25
22310 91
22314 79
22319 23
22325 16
22336 87
22338 0
22342 43
22344 48
22351 88
22356 83
22358 39
22359 69
22361 32
22363 21
22365 48
22368 81
22371 12
22372 67
22375 41
22376 73
22377 57
22378 32
22382 17
22388 64
22392 90
22393 58
22402 66
22407 30
22412 65
22416 60
22425 77
22437 7
22458 81
22465 98
22478 21
22481 37
22483 47
22490 85
22491 24
22499 33
22508 27
22509 61
22510 39
22513 66
22515 22
22525 12
22531 70
22538 38
22544 54
22548 37
22555 14
22556 55
22560 41
22561 75
22564 35
22566 10
22577 27
22578 23
22579 53
22586 26
22594 55
22601 62
22607 9
22609 89
22616 3
22621 21
22628 70
22635 56
22638 14
22644 34
22649 53
22655 79
22661 24
22668 56
22672 5
22673 97
22675 0
22678 34
22681 90
22686 53
22688 2
22704 71
22727 59
22732 82
22743 71
22749 91
22751 62
22755 27
22770 94
22773 27
22777 79
22779 58
22780 98
22781 22
22782 36
22788 9
22794 66
22798 73
22800 97
22801 58
22804 77
22805 62
22807 22
22811 36
22827 47
22829 57
22833 98
22835 27
22841 49
22844 91
22846 15
22848 71
22857 90
22862 87
22869 82
22876 24
22878 89
22885 54
22893 31
22894 54
22897 54
22901 7
22905 71
22908 53
22923 53
22926 51
22929 79
22945 15
22949 37
22967 2
22968 75
22973 11
22976 49
22984 27
22986 77
22988 83
22994 11
23000 78
23007 18
23010 62
23013 93
23016 40
23024 88
23027 88
23030 54
23031 73
23032 74
23035 26
23042 38
23044 47
23050 20
23052 58
23053 23
23058 74
23061 86
23066 95
23070 65
23074 18
23079 78
23081 15
23082 31
23087 88
23094 4
23097 18
23113 97
23118 42
23119 7
23123 77
23125 15
23128 43
23131 35
23135 17
23137 93
23138 79
23144 96
23148 93
23149 50
23150 2
23157 98
23164 17
23170 32
23171 38
23172 44
23178 14
23180 99
23185 72
23194 72
23204 82
23205 35
23212 87
23221 99
23226 49
23231 63
23234 98
23244 0
23245 1
23247 52
23254 78
23257 26
23258 90
23260 80
23261 53
23263 98
23265 50
23270 48
23273 85
23276 74
23297 31
23301 95
23303 15
23305 2
23311 58
23316 96
23334 92
23337 80
23344 9
23345 0
23351 81
23356 95
23360 88
23364 70
23373 33
23381 73
23383 28
23385 28
23393 15
23399 80
23400 32
23406 63
23409 49
23411 67
23415 3
23416 57
23426 76
23430 10
23434 19
23435 28
23437 98
23439 15
23445 55
23447 16
23450 32
23451 22
23458 34
23459 50
23476 55
23483 1
23486 35
23489 78
23494 90
23496 71
23501 98
23507 29
23509 66
23517 24
23524 51
23526 63
23527 3
23529 23
23530 28
23533 53
23537 53
23550 46
23551 31
23558 32
23562 21
23576 24
23581 93
23589 21
23593 8
23596 25
23597 0
23600 13
23601 49
23605 10
23608 4
23610 70
23611 62
23636 78
23642 12
23645 25
23647 75
23662 21
23663 81
23665 24
23666 2
23679 95
23684 16
23685 80
23692 29
23695 19
23699 12
23710 34
23719 67
23730 16
23731 10
23732 55
23736 45
23744 21
23745 32
23747 72
23749 55
23752 90
23756 36
23758 62
23760 39
23765 89
23766 46
23775 96
23780 27
23793 14
23799 57
23801 11
23802 81
23826 65
23830 57
23838 43
23840 21
23848 38
23850 69
23856 14
23858 19
23870 77
23875 75
23876 14
23877 70
23895 69
23900 18
23901 66
23902 12
23909 36
23910 3
23923 99
23926 53
23934 82
23942 61
23945 88
23948 96
23949 5
23952 94
23956 59
23963 51
23967 84
23971 83
23975 21
23982 29
23987 29
23990 59
23991 26
23996 1
24010 28
24014 94
24017 73
24018 13
24022 54
24024 58
24036 62
24044 37
24053 62
24054 2
24055 4
24060 78
24061 24
24072 51
24073 29
24079 41
24084 12
24097 92
24101 4
24103 95
24105 74
24109 38
24112 17
24113 62
24115 54
24116 41
24119 68
24120 72
24130 36
24135 36
24136 63
24137 8
24144 40
24159 48
24161 83
24164 59
24172 43
24181 2
24188 60
24196 16
24198 40
24200 47
24202 84
24204 43
24205 58
24212 82
24217 10
24222 91
24225 88
24226 64
24233 7
24235 48
24240 43
24248 81
24252 21
24254 18
24256 59
24259 12
24262 42
24266 74
24271 73
24277 2
24282 52
24287 6
24292 57
24295 97
24297 98
24304 95
24312 17
24314 43
24319 8
24322 60
24323 15
24324 87
24333 7
24335 2
24347 76
24360 87
24361 43
24369 0
24370 20
24372 72
24375 29
24377 84
24379 33
24380 76
24381 13
24383 36
24387 72
24394 33
24395 41
24396 34
24399 83
24406 64
24410 27
24411 1
24414 95
24418 96
24422 82
24429 80
24432 45
24445 5
24451 92
24452 83
24454 34
24462 22
24492 11
24496 9
24498 28
24505 23
24512 37
24522 64
24528 22
24529 91
24530 19
24535 66
24543 2
24544 12
24554 75
24559 8
24565 44
24574 31
24575 71
24579 77
24581 13
24591 5
24596 52
24598 8
24601 97
24603 75
24609 25
24610 18
24612 60
24621 71
24623 52
24633 18
24636 4
24641 66
24643 31
24648 83
24650 11
24651 19
24652 93
24653 69
24654 47
24655 52
24658 28
24667 26
24674 78
24686 45
24690 78
24696 2
24701 49
24711 77
24712 38
24716 56
24717 5
24718 33
24722 80
24731 11
24732 54
24739 84
24751 0
24763 28
24775 31
24778 17
24781 10
24785 53
24787 22
24794 83
24797 15
24801 40
24827 47
24830 95
24832 47
24834 15
24836 91
24849 61
24853 52
24855 36
24858 6
24862 98
24865 4
24866 33
24867 96
24870 17
24881 37
24887 10
24891 71
24895 37
24897 98
24902 77
24935 0
24936 48
24940 39
24946 2
24951 23
24952 97
24954 24
24955 38
24958 96
24962 36
24973 77
24976 33
24978 73
24988 83
24996 39
25007 33
25009 11
25010 12
25011 30
25015 93
25019 3
25029 13
25036 29
25040 77
25044 74
25049 54
25051 24
25059 75
25061 98
25065 69
25074 93
25075 7
25085 56
25086 38
25087 12
25090 59
25098 3
25100 99
25101 43
25103 52
25104 62
25105 16
25109 28
25118 2
25124 45
25128 30
25132 55
25134 17
25138 42
25150 38
25161 37
25162 25
25165 90
25169 90
25170 21
25181 99
25187 56
25192 66
25194 22
25205 81
25212 75
25222 78
25225 56
25227 21
25234 14
25235 91
25236 54
25238 98
25241 49
25247 73
25248 51
25250 36
25251 38
25252 60
25253 45
25262 64
25264 47
25265 69
25267 63
25275 10
25277 56
25284 0
25285 59
25289 86
25305 25
25306 88
25308 52
25312 45
25318 27
25322 92
25323 29
25325 35
25337 30
25339 36
25341 96
25344 72
25347 15
25349 62
25362 88
25364 72
25371 89
25373 78
25380 6
25382 21
25388 12
25389 55
25394 48
25397 99
25399 84
25401 78
25419 32
25421 9
25424 40
25428 82
25438 88
25444 74
25459 1
25468 54
25470 89
25472 25
25477 55
25479 8
25481 43
25482 8
25488 15
25494 0
25503 22
25514 15
25517 80
25522 62
25527 17
25533 66
25538 69
25546 87
25553 25
25555 53
25562 66
25576 84
25579 98
25581 6
25589 79
25592 23
25599 96
25602 94
25612 75
25615 30
25617 92
25629 7
25633 30
25635 84
25645 44
25653 35
25661 10
25662 46
25663 51
25673 88
25688 54
25690 19
25692 83
25694 78
25701 64
25705 27
25710 12
25717 9
25720 15
25721 29
25727 38
25731 16
25737 29
25740 42
25742 87
25743 64
25744 39
25753 78
25759 89
25767 18
25771 18
25776 61
25782 62
25794 64
25797 29
25806 36
25809 60
25814 29
25815 84
25817 10
25820 53
25825 4
25827 97
25829 38
25834 69
25836 95
25841 77
25846 15
25847 65
25859 94
25863 32
25866 99
25870 59
25871 56
25880 60
25885 49
25887 38
25892 43
25901 2
25906 85
25907 36
25923 92
25930 36
25933 60
25951 24
25952 64
25956 62
25958 13
25963 60
25964 25
25967 37
25985 74
25986 53
25989 70
25992 60
25994 69
25996 7
26002 18
26006 83
26010 25
26013 77
26017 45
26018 21
26024 99
26025 72
26030 49
26038 24
26045 91
26050 19
26055 7
26059 9
26060 28
26061 43
26073 58
26081 35
26088 26
26091 15
26096 43
26099 18
26116 35
26127 36
26138 89
26141 13
26144 13
26148 7
26153 58
26161 12
26163 93
26172 72
26183 51
26185 79
26197 4
26199 82
26203 95
26204 62
26207 33
26212 22
26215 0
26218 32
26221 32
26229 86
26231 1
26233 84
26237 91
26238 90
26246 56
26253 32
26272 43
26278 45
26279 97
26280 10
26282 65
26286 56
26287 50
26291 89
26294 56
26295 59
26296 75
26307 14
26310 57
26312 84
26316 64
26318 35
26326 3
26340 88
26347 4
26358 23
26361 27
26366 39
26376 28
26377 91
26379 41
26380 5
26389 65
26392 31
26397 69
26399 75
26414 43
26423 55
26425 16
26436 66
26451 60
26453 54
26455 43
26457 65
26458 17
26463 15
26470 44
26471 38
26472 89
26473 38
26479 24
26495 85
26505 42
26508 49
26513 5
26519 13
26525 0
26527 30
26528 24
26534 24
26542 22
26544 37
26561 85
26563 78
26569 35
26572 85
26584 30
26588 82
26589 97
26591 9
26599 13
26600 46
26609 52
26614 62
26617 23
26619 40
26622 55
26627 19
26628 79
26629 66
26632 50
26633 86
26642 26
26646 52
26647 45
26648 76
26651 31
26652 68
26653 95
26658 77
26659 45
26660 32
26661 59
26667 97
26668 52
26684 87
26689 77
26691 16
26695 60
26700 8
26702 70
26703 14
26710 27
26723 29
26728 0
26733 33
26743 66
26744 22
26745 2
26750 10
26753 61
26756 58
26764 23
26769 61
26770 45
26771 65
26775 78
26777 45
26784 21
26785 76
26787 94
26789 86
26795 97
26796 93
26805 17
26808 42
26814 72
26815 9
26827 42
26831 56
26832 20
26834 52
26845 37
26851 70
26853 89
26854 13
26856 11
26869 5
26870 54
26875 22
26888 77
26898 2
26909 1
26910 94
26913 93
26919 9
26926 59
26928 6
26932 66
26933 77
26938 23
26942 10
26949 85
26953 98
26954 31
26956 9
26957 43
26958 39
26961 29
26973 95
26975 99
26976 38
26979 97
26982 95
26983 33
26987 66
26990 7
26997 36
27022 3
27026 88
27042 97
27063 14
27065 32
27073 97
27074 97
27086 63
27087 81
27089 36
27092 58
27093 29
27099 42
27109 52
27116 6
27126 82
27129 35
27137 43
27139 5
27140 51
27146 8
27150 70
27151 23
27159 85
27163 38
27164 30
27167 82
27181 56
27193 15
27196 77
27197 23
27198 27
27208 68
27211 2
27216 33
27219 11
27220 86
27228 92
27233 30
27242 46
27244 73
27246 84
27256 94
27266 39
27268 75
27273 62
27276 65
27282 21
27289 69
27290 92
27291 66
27292 7
27293 18
27297 9
27302 5
27304 44
27309 98
27310 94
27319 83
27331 26
27332 95
27334 26
27340 50
27343 28
27347 47
27356 97
27362 75
27376 71
27383 11
27384 7
27392 3
27399 38
27402 12
27411 28
27418 18
27424 1
27427 26
27428 26
27429 76
27433 63
27439 30
27440 14
27441 24
27472 27
27475 47
27479 13
27488 87
27495 45
27502 24
27505 43
27507 8
27508 22
27512 10
27513 89
27518 48
27520 30
27522 68
27524 0
27527 30
27530 19
27531 98
27534 45
27541 80
27542 51
27560 41
27561 43
27562 14
27565 61
27577 56
27582 78
27597 60
27606 24
27608 22
27612 9
27615 50
27616 29
27626 58
27631 87
27633 24
27640 3
27643 31
27653 60
27655 60
27670 90
27671 68
27681 73
27683 24
27684 4
27690 31
27691 4
27695 71
27696 28
27701 74
27707 81
27710 37
27714 72
27715 80
27717 19
27720 56
27725 64
27726 66
27734 15
27739 3
27744 67
27748 87
27764 63
27771 30
27772 98
27773 57
27775 92
27785 34
27802 15
27806 74
27825 21
27829 45
27832 18
27839 92
27840 43
27845 9
27847 17
27848 33
27849 2
27857 34
27868 27
27883 44
27885 7
27889 22
27893 8
27899 60
27904 68
27911 24
27913 28
27918 99
27922 12
27943 73
27950 74
27951 33
27957 75
27958 45
27971 50
27973 17
27976 35
27981 60
27992 55
27994 57
28000 95
28003 4
28004 55
28010 63
28012 12
28015 70
28017 1
28025 11
28027 60
28030 52
28032 67
28034 37
28040 44
28043 68
28057 20
28059 90
28063 23
28065 38
28066 86
28067 11
28072 7
28082 2
28085 15
28088 48
28090 84
28092 96
28093 20
28096 0
28110 69
28112 95
28114 62
28116 52
28117 96
28121 16
28123 92
28126 7
28135 17
28141 99
28147 3
28152 15
28155 64
28161 68
28162 85
28164 72
28167 86
28171 90
28179 54
28180 45
28184 36
28188 95
28189 76
28191 1
28195 86
28198 79
28203 17
28210 37
28211 92
28216 50
28219 8
28222 2
28223 12
28227 66
28233 54
28235 44
28236 65
28239 14
28254 27
28261 31
28268 92
28280 47
28282 28
28285 57
28292 69
28303 97
28308 66
28314 32
28318 94
28326 21
28340 89
28351 21
28363 83
28370 33
28371 58
28383 39
28393 30
28404 48
28409 24
28414 91
28419 15
28422 94
28423 70
28439 93
28443 48
28445 80
28448 33
28449 37
28453 58
28463 91
28469 97
28477 58
28479 0
28486 10
28510 2
28513 12
28529 20
28535 84
28538 63
28542 2
28550 62
28553 26
28560 59
28562 99
28567 56
28574 65
28576 64
28591 36
28597 1
28613 41
28617 24
28622 11
28624 86
28626 55
28637 54
28642 52
28643 12
28646 76
28648 97
28656 28
28665 35
28666 22
28667 17
28668 91
28669 95
28672 66
28675 94
28678 33
28693 55
28694 27
28701 8
28703 97
28708 54
28713 10
28722 16
28724 93
28726 21
28730 84
28734 88
28737 40
28738 84
28743 40
28750 61
28751 57
28754 96
28756 95
28757 41
28759 41
28769 8
28771 7
28778 50
28779 19
28781 65
28789 90
28793 9
28794 86
28800 26
28802 92
28804 42
28810 39
28828 79
28829 24
28832 12
28838 97
28842 17
28843 50
28847 40
28855 32
28858 82
28866 64
28871 36
28876 65
28883 79
28885 29
28889 89
28892 19
28898 15
28899 31
28900 37
28901 52
28907 7
28911 88
28913 18
28930 45
28944 34
28947 96
28951 15
28957 74
28968 16
28974 36
28988 43
28994 26
29002 20
29009 72
29018 12
29019 22
29027 99
29034 43
29035 37
29038 78
29052 8
29053 97
29057 44
29064 27
29074 99
29081 65
29088 0
29092 89
29096 92
29098 29
29103 20
29105 85
29118 3
29120 41
29132 32
29138 41
29146 31
29147 7
29158 81
29159 13
29166 56
29197 24
29201 52
29203 81
29205 32
29207 59
29210 12
29213 74
29214 6
29220 82
29225 89
29227 70
29230 81
29231 17
29233 6
29234 17
29235 0
29244 75
29249 73
29259 68
29266 53
29267 39
29272 92
29276 7
29287 38
29299 15
29300 28
29309 15
29320 55
29336 72
29343 70
29347 9
29348 49
29367 24
29375 40
29381 22
29385 57
29386 93
29404 48
29411 9
29412 72
29413 29
29425 69
29427 74
29428 12
29437 23
29444 35
29445 77
29452 27
29463 85
29465 71
29467 63
29468 48
29469 66
29471 11
29472 57
29475 99
29478 12
29485 35
29488 91
29497 87
29505 57
29523 97
29524 72
29527 58
29535 41
29544 59
29546 35
29548 83
29551 67
29554 54
29559 6
29562 52
29563 32
29568 6
29575 71
29593 57
29595 36
29596 37
29602 22
29604 26
29605 15
29610 7
29614 42
29615 51
29622 17
29627 1
29629 49
29631 52
29634 18
29639 72
29644 75
29645 67
29653 78
29657 40
29661 34
29663 79
29680 64
29683 3
29686 45
29688 17
29699 42
29704 60
29707 67
29708 61
29711 65
29713 25
29719 5
29721 99
29733 5
29734 83
29736 86
29742 5
29743 38
29744 96
29749 15
29751 16
29752 54
29761 62
29765 80
29771 44
29779 3
29781 8
29787 15
29795 39
29805 32
29815 60
29819 94
29826 79
29827 19
29831 85
29835 29
29838 9
29844 19
29846 16
29847 26
29852 49
29854 53
29858 80
29862 75
29885 96
29894 84
29897 60
29900 22
29901 65
29902 4
29921 89
29924 35
29927 31
29931 33
29934 23
29938 92
29943 94
29947 36
29949 29
29952 53
29953 33
29955 30
29961 12
29963 17
29965 85
29978 12
29982 97
29987 0
29988 40
29989 4
29991 0
29994 0
29995 57
30004 63
30015 30
30023 65
30025 90
30029 16
30031 5
30032 36
30041 48
30048 99
30053 92
30059 67
30061 97
30064 90
30065 44
30071 61
30075 36
30078 36
30089 28
30092 82
30104 79
30108 67
30113 32
30114 71
30117 37
30120 1
30124 98
30125 64
30129 36
30134 38
30139 66
30144 84
30145 68
30146 15
30149 50
30156 56
30157 28
30159 27
30164 1
30165 96
30168 11
30171 35
30188 20
30189 6
30190 36
30192 53
30196 40
30219 31
30222 50
30224 57
30230 96
30231 91
30232 32
30233 87
30243 49
30246 66
30261 95
30262 72
30263 37
30265 22
30270 51
30271 41
30274 18
30290 70
30293 16
30301 91
30302 13
30305 81
30306 53
30315 6
30335 35
30343 81
30351 75
30354 22
30372 43
30376 6
30396 45
30411 15
30412 3
30413 23
30414 74
30416 83
30440 9
30444 21
30455 93
30458 41
30469 65
30474 60
30475 56
30479 29
30481 50
30489 25
30494 37
30495 93
30498 89
30504 72
30507 27
30509 88
30514 97
30517 21
30525 75
30530 86
30534 85
30535 49
30556 65
30559 71
30560 28
30571 6
30582 71
30588 17
30593 76
30594 2
30601 54
30609 11
30616 22
30617 16
30624 99
30635 88
30652 52
30655 68
30660 6
30674 26
30677 57
30681 99
30692 24
30697 72
30701 54
30702 15
30713 86
30717 42
30731 22
30733 51
30734 42
30735 72
30739 53
30746 62
30751 84
30752 60
30757 17
30774 63
30778 42
30789 64
30802 49
30807 31
30811 74
30812 14
30819 65
30833 87
30838 52
30846 86
30848 32
30855 31
30858 21
30863 30
30874 83
30875 8
30880 46
30885 7
30893 60
30902 71
30910 65
30925 92
30927 78
30931 43
30944 74
30945 9
30946 62
30961 19
30982 93
30988 58
30995 91
31003 65
31004 64
31013 64
31015 6
31018 35
31023 53
31024 41
31027 0
31028 63
31034 10
31037 88
31041 44
31059 4
31060 50
31064 49
31069 46
31073 31
31078 13
31085 46
31092 64
31097 93
31105 58
31107 20
31108 6
31109 51
31117 22
31119 97
31120 38
31122 99
31124 84
31131 69
31139 92
31140 87
31144 42
31160 90
31161 16
31169 53
31170 99
31171 99
31172 28
31178 30
31182 29
31184 2
31186 94
31197 4
31205 11
31209 53
31215 94
31219 4
31222 25
31230 23
31232 74
31233 61
31235 16
31236 59
31238 86
31246 70
31250 4
31254 94
31262 50
31264 70
31265 9
31266 47
31268 95
31271 80
31280 57
31283 86
31287 27
31302 15
31303 24
31304 76
31306 85
31307 64
31324 14
31337 54
31341 83
31350 3
31356 20
31360 99
31369 11
31373 57
31374 89
31380 95
31383 83
31387 54
31389 1
31390 55
31393 61
31398 11
31400 70
31405 83
31408 27
31409 57
31414 73
31422 27
31429 77
31432 42
31435 13
31439 51
31444 8
31461 64
31462 64
31464 48
31468 98
31472 0
31475 81
31480 16
31492 2
31495 74
31503 89
31508 90
31513 91
31514 31
31515 5
31518 17
31519 42
31521 81
31525 51
31526 27
31529 38
31533 57
31540 51
31546 31
31547 66
31558 41
31566 35
31567 90
31574 27
31575 4
31576 35
31580 3
31584 42
31593 85
31598 17
31600 83
31606 38
31607 38
31608 4
31609 14
31611 70
31613 18
31620 38
31627 53
31630 30
31635 61
31638 53
31639 62
31642 30
31647 76
31654 12
31655 3
31663 11
31664 84
31670 1
31673 9
31676 69
31685 33
31691 1
31696 84
31697 46
31698 19
31707 22
31713 71
31717 10
31721 19
31724 19
31729 30
31730 34
31739 34
31742 83
31753 17
31758 97
31759 87
31760 46
31761 21
31763 48
31775 0
31787 0
31799 5
31816 6
31830 73
31839 14
31849 75
31851 56
31853 63
31855 29
31883 40
31891 8
31892 69
31893 65
31905 24
31906 48
31915 74
31925 25
31926 55
31930 15
31941 76
31955 82
31956 10
31971 89
31973 71
31974 2
31979 69
31981 3
31982 58
31984 56
31989 43
31992 61
31995 7
31999 54
32010 53
32012 45
32016 50
32019 59
32022 23
32041 83
32046 32
32049 24
32055 53
32063 8
32064 67
32066 98
32074 38
32081 56
32085 57
32088 11
32091 41
32093 5
32097 41
32102 78
32104 93
32105 28
32114 53
32115 77
32123 67
32128 46
32131 79
32147 34
32163 57
32170 57
32172 91
32175 71
32177 50
32183 40
32189 96
32194 56
32200 81
32201 4
32202 50
32204 7
32207 29
32209 42
32213 55
32216 84
32220 5
32227 73
32230 44
32241 69
32260 20
32261 60
32264 86
32269 62
32272 95
32282 78
32285 46
32289 26
32299 10
32312 87
32329 76
32334 51
32336 50
32360 50
32375 20
32376 28
32380 31
32382 82
32401 39
32411 26
32413 31
32416 58
32417 6
32424 13
32430 25
32432 20
32434 47
32445 69
32446 69
32454 22
32457 0
32461 77
32479 28
32494 71
32503 95
32509 1
32510 36
32526 94
32532 64
32553 99
32557 6
32559 32
32568 69
32574 71
32577 69
32585 57
32589 69
32593 18
32609 70
32610 8
32611 85
32616 12
32621 87
32630 75
32631 50
32641 76
32650 17
32652 19
32656 0
32665 12
32672 70
32674 60
32704 30
32722 97
32723 56
32727 36
32733 85
32734 79
32737 99
32742 72
32743 5
32748 29
32751 93
32752 93
32753 2
32756 10
32760 28
32763 90
32764 1
32769 95
32777 83
32778 86
32793 20
32803 61
32804 85
32807 1
32823 24
32827 97
32828 5
32831 36
32834 12
32837 34
32838 87
32843 15
32848 24
32854 82
32858 65
32859 4
32860 88
32862 65
32864 49
32873 68
32877 49
32881 68
32882 12
32883 59
32887 24
32889 85
32890 69
32905 56
32909 11
32911 3
32935 15
32938 36
32955 7
32968 70
32972 68
32976 44
32983 99
32985 42
32988 31
32993 54
33002 83
33005 94
33006 30
33008 12
33010 67
33011 88
33020 96
33022 93
33023 75
33025 97
33040 9
33047 59
33063 42
33065 42
33068 69
33078 92
33081 25
33088 17
33089 2
33092 21
33098 5
33100 19
33105 10
33108 78
33112 41
33114 33
33119 96
33120 3
33126 39
33127 91
33128 74
33131 19
33141 88
33143 85
33150 12
33156 69
33171 74
33181 76
33187 50
33197 46
33200 30
33202 50
33208 46
33209 22
33222 54
33239 0
33248 38
33251 51
33277 1
33278 46
33287 73
33290 58
33291 38
33296 69
33297 88
33298 58
33308 62
33310 99
33319 83
33327 28
33328 56
33330 2
33332 86
33333 60
33339 37
33345 12
33353 81
33364 44
33366 51
33368 40
33374 39
33381 70
33389 93
33394 68
33396 2
33400 34
33402 52
33405 32
33407 47
33412 67
33413 54
33414 19
33425 83
33437 23
33443 38
33444 60
33446 38
33447 39
33450 99
33461 31
33466 23
33474 32
33481 86
33482 96
33499 16
33507 74
33508 22
33509 47
33510 58
33512 80
33520 69
33525 8
33533 40
33535 74
33536 63
33540 35
33545 18
33550 2
33551 43
33572 69
33574 56
33582 28
33583 66
33587 49
33594 87
33601 29
33604 73
33607 73
33617 41
33618 80
33626 63
33634 12
33638 99
33639 65
33640 55
33647 0
33653 59
33655 18
33662 90
33666 78
33668 64
33683 90
33686 54
33707 66
33711 81
33714 0
33718 82
33722 86
33723 70
33729 97
33749 46
33762 59
33763 88
33764 43
33777 51
33797 90
33802 58
33807 96
33814 13
33816 48
33822 4
33826 76
33827 26
33830 5
33834 23
33839 45
33841 83
33845 81
33848 56
33851 93
33863 10
33864 98
33871 9
33881 90
33882 38
33886 73
33894 25
33896 75
33898 81
33900 61
33906 3
33909 88
33915 76
33918 2
33927 11
33948 69
33954 65
33961 60
33968 83
33972 71
33974 67
33975 42
33976 77
33984 1
33985 44
34002 8
34004 29
34009 68
34010 42
34011 3
34034 15
34035 52
34037 74
34043 64
34044 31
34045 68
34047 23
34055 59
34058 58
34065 75
34075 55
34077 54
34079 69
34080 29
34081 70
34083 13
34089 38
34091 94
34092 98
34093 81
34096 50
34097 79
34099 46
34106 19
34112 87
34113 28
34114 7
34116 88
34126 80
34128 75
34135 88
34142 4
34143 65
34153 62
34154 50
34166 79
34167 50
34169 62
34172 49
34182 24
34184 96
34185 28
34186 94
34187 39
34191 99
34198 87
34202 76
34206 8
34212 65
34216 85
34226 6
34230 91
34232 79
34247 18
34249 41
34257 82
34259 5
34272 47
34273 14
34277 95
34293 52
34294 13
34298 36
34302 67
34304 50
34310 23
34312 65
34324 65
34330 52
34331 45
34336 4
34337 8
34339 21
34342 21
34354 6
34361 85
34362 95
34366 75
34370 81
34372 13
34375 98
34381 42
34390 6
34396 93
34402 77
34405 52
34411 8
34420 67
34421 12
34422 49
34435 50
34440 86
34451 49
34452 67
34457 37
34466 85
34472 5
34475 27
34487 26
34489 37
34495 66
34504 72
34508 35
34509 25
34512 38
34515 11
34520 92
34521 16
34526 88
34529 57
34546 38
34548 0
34558 64
34566 67
34573 72
34574 89
34580 73
34581 83
34583 68
34592 2
34600 61
34602 2
34604 42
34606 84
34609 0
34613 58
34614 50
34615 13
34627 99
34630 59
34635 33
34636 22
34646 70
34648 59
34654 94
34662 56
34668 13
34679 68
34680 80
34683 47
34684 27
34688 51
34693 47
34703 12
34704 3
34707 47
34713 92
34714 72
34717 89
34718 75
34721 92
34725 21
34728 99
34730 57
34735 77
34740 33
34742 39
34745 77
34746 90
34750 84
34753 2
34754 27
34757 51
34764 49
34772 81
34780 25
34783 66
34786 83
34792 75
34796 99
34809 2
34813 57
34815 33
34817 52
34820 66
34821 54
34830 59
34833 92
34836 89
34839 66
34843 41
34844 91
34848 41
34849 11
34859 74
34862 65
34863 2
34876 12
34880 40
34882 87
34886 2
34887 97
34897 3
34915 90
34923 41
34925 25
34926 38
34927 16
34928 53
34935 33
34939 79
34946 9
34952 88
34953 20
34954 13
34956 90
34958 79
34959 88
34960 0
34962 89
34965 96
34966 87
34971 84
34973 16
34974 31
34983 27
34996 10
35001 92
35005 21
35010 33
35027 72
35028 49
35036 74
35045 3
35052 39
35057 29
35063 64
35064 38
35065 44
35067 6
35068 94
35076 70
35077 21
35078 94
35079 96
35091 98
35093 31
35094 20
35099 54
35101 53
35106 63
35108 59
35110 90
35113 94
35117 0
35124 67
35127 43
35128 8
35130 96
35139 1
35142 21
35148 56
35161 50
35164 34
35171 24
35172 60
35180 5
35181 20
35192 65
35193 92
35195 67
35196 22
35202 29
35206 6
35211 53
35212 38
35216 7
35225 39
35227 1
35238 29
35248 89
35252 2
35255 23
35258 22
35259 99
35262 96
35271 2
35297 75
35299 65
35304 1
35308 51
35325 40
35333 42
35341 11
35353 56
35362 19
35386 26
35388 70
35389 65
35401 22
35403 85
35406 85
35413 29
35418 5
35423 20
35424 34
35428 4
35433 18
35437 7
35445 30
35447 2
35449 96
35456 1
35463 5
35464 15
35467 32
35469 20
35480 2
35482 37
35500 65
35503 98
35504 13
35507 30
35509 7
35511 28
35527 83
35535 69
35537 57
35543 85
35546 49
35552 11
35556 38
35566 56
35569 18
35575 25
35581 22
35582 78
35583 37
35587 90
35590 80
35591 89
35596 2
35601 73
35613 0
35614 35
35619 33
35621 62
35623 8
35624 2
35629 64
35631 38
35632 78
35633 57
35634 47
35648 19
35667 99
35678 40
35692 1
35693 33
35694 85
35698 22
35708 57
35709 50
35712 69
35713 18
35715 28
35717 42
35720 35
35723 72
35726 63
35729 40
35731 82
35736 67
35744 52
35746 73
35749 99
35752 37
35769 62
35772 23
35773 78
35774 93
35775 52
35778 68
35783 92
35784 64
35787 77
35791 64
35793 22
35795 58
35800 73
35804 95
35808 47
35809 94
35811 83
35813 68
35818 72
35830 44
35833 8
35838 19
35840 88
35850 4
35860 4
35863 37
35865 47
35867 58
35869 9
35884 58
35885 20
35887 51
35889 72
35892 4
35897 22
35906 74
35908 64
35911 88
35919 77
35924 27
35930 3
35934 36
35935 8
35948 89
35949 72
35952 82
35954 48
35969 25
35971 87
35977 2
35986 29
35989 96
35992 22
35995 56
35997 21
36006 98
36007 30
36009 7
36024 78
36028 73
36029 25
36036 60
36039 62
36043 63
36044 40
36046 6
36050 34
36053 86
36056 40
36060 86
36061 43
36067 89
36072 25
36077 90
36080 28
36081 84
36084 5
36093 69
36095 84
36097 40
36099 58
36100 59
36102 35
36103 30
36119 81
36127 3
36134 49
36141 30
36149 2
36150 76
36161 42
36162 42
36176 25
36184 22
36187 26
36190 78
36194 48
36212 70
36215 65
36218 16
36222 64
36231 72
36249 96
36252 49
36258 80
36261 31
36278 19
36281 43
36284 21
36285 57
36287 14
36289 55
36291 53
36299 30
36317 73
36320 21
36324 16
36327 94
36330 61
36337 49
36350 80
36365 94
36366 79
36377 84
36380 2
36382 14
36386 73
36390 77
36391 98
36402 43
36406 72
36413 94
36414 20
36426 75
36433 64
36451 66
36457 6
36460 37
36462 95
36468 86
36470 26
36481 14
36482 97
36484 51
36485 0
36499 10
36502 53
36507 15
36512 48
36518 11
36522 96
36531 74
36535 3
36542 36
36543 88
36550 11
36553 37
36556 78
36562 67
36563 17
36567 0
36569 45
36571 75
36574 46
36581 26
36597 59
36601 42
36605 21
36614 91
36630 11
36637 33
36652 99
36657 78
36661 30
36665 87
36667 1
36668 64
36680 16
36681 5
36683 25
36684 9
36687 91
36688 1
36694 73
36699 34
36706 35
36711 64
36717 40
36731 67
36733 78
36752 29
36765 72
36766 58
36773 33
36777 15
36778 13
36784 45
36789 19
36790 64
36794 61
36797 61
36801 63
36804 72
36808 25
36818 6
36819 24
36820 52
36824 93
36831 26
36832 53
36837 79
36840 48
36842 61
36847 74
36851 82
36852 62
36854 25
36862 31
36864 8
36871 14
36875 79
36877 56
36881 49
36894 25
36897 59
36919 74
36921 20
36927 93
36932 99
36934 1
36937 32
36941 36
36944 27
36954 18
36961 30
36965 28
36966 42
36972 63
36973 42
36979 74
36990 13
36993 16
36994 2
37003 17
37004 19
37006 76
37015 16
37028 49
37034 85
37038 44
37041 48
37045 22
37050 61
37051 36
37057 43
37061 94
37073 74
37080 14
37081 50
37083 68
37095 69
37096 65
37103 73
37117 38
37122 23
37125 72
37128 36
37134 46
37137 12
37139 65
37147 39
37149 65
37155 1
37161 74
37162 62
37163 7
37171 57
37174 36
37180 73
37183 88
37188 65
37190 47
37192 18
37197 45
37207 67
37208 15
37212 10
37218 8
37224 82
37230 70
37235 71
37239 25
37250 3
37251 45
37254 82
37259 0
37261 98
37262 68
37264 82
37277 48
37278 78
37280 64
37288 57
37290 68
37295 73
37296 48
37297 1
37298 72
37303 39
37304 41
37305 46
37316 58
37327 3
37333 60
37341 77
37343 93
37354 33
37367 19
37372 38
37377 12
37380 70
37384 40
37385 62
37389 77
37391 3
37398 9
37403 67
37406 61
37408 22
37418 86
37422 40
37427 49
37443 88
37453 67
37455 94
37456 88
37458 27
37459 61
37473 99
37479 7
37481 47
37487 70
37492 71
37494 87
37508 38
37511 60
37516 83
37519 18
37526 72
37530 31
37536 52
37538 99
37545 58
37549 54
37550 23
37551 72
37556 25
37561 44
37570 49
37575 96
37586 2
37590 1
37595 90
37598 99
37607 93
37613 49
37615 24
37622 37
37629 43
37633 5
37640 64
37644 58
37651 99
37656 37
37658 80
37660 70
37664 36
37665 94
37673 24
37685 17
37688 83
37690 96
37695 7
37697 15
37706 74
37707 5
37713 22
37716 99
37727 62
37728 97
37729 50
37732 65
37734 70
37735 43
37740 48
37749 43
37756 0
37769 79
37776 33
37778 70
37785 70
37789 98
37790 10
37797 81
37800 93
37804 68
37807 68
37809 51
37811 96
37829 55
37832 90
37837 20
37838 32
37839 64
37842 46
37853 41
37854 92
37857 68
37860 1
37868 19
37873 79
37883 44
37885 49
37893 13
37901 89
37902 12
37918 65
37921 77
37926 61
37939 31
37941 34
37946 87
37956 64
37957 19
37962 37
37964 29
37974 20
37975 32
37976 64
37979 19
37981 55
37986 21
37994 1
38003 60
38014 1
38015 85
38017 10
38018 69
38021 89
38026 87
38028 19
38036 38
38039 35
38041 0
38047 49
38048 96
38054 65
38056 40
38060 94
38079 51
38080 68
38082 80
38084 51
38086 97
38098 11
38099 64
38104 2
38106 86
38110 22
38111 66
38117 56
38146 9
38148 72
38150 68
38151 52
38152 13
38153 17
38159 44
38162 62
38164 24
38168 41
38177 6
38187 46
38189 96
38190 95
38215 35
38216 98
38219 84
38223 97
38226 85
38230 25
38243 87
38245 47
38248 34
38250 60
38254 19
38257 43
38261 32
38265 74
38266 91
38269 96
38292 90
38295 46
38303 70
38306 20
38315 34
38320 4
38321 97
38324 47
38333 66
38345 34
38347 93
38354 87
38356 17
38361 66
38367 76
38372 3
38378 43
38385 76
38390 25
38393 37
38407 89
38411 40
38418 69
38420 44
38421 25
38434 28
38435 80
38441 83
38444 26
38456 72
38461 29
38463 31
38471 91
38476 11
38478 67
38479 8
38481 31
38485 86
38499 70
38505 82
38508 61
38519 71
38520 2
38527 92
38529 3
38530 31
38537 62
38540 50
38545 31
38558 17
38562 24
38566 97
38576 99
38584 82
38591 44
38592 86
38600 75
38601 98
38608 41
38609 98
38617 37
38626 51
38629 52
38633 33
38658 24
38666 97
38668 73
38671 73
38677 95
38683 11
38687 69
38689 14
38697 35
38700 77
38701 56
38709 73
38719 59
38722 26
38726 5
38728 81
38731 1
38732 2
38748 84
38751 29
38754 80
38764 66
38765 45
38774 93
38780 87
38788 61
38793 97
38822 44
38823 56
38835 20
38842 95
38844 26
38845 35
38865 2
38868 59
38875 15
38880 49
38881 92
38884 72
38894 40
38896 73
38899 8
38904 4
38909 14
38911 87
38919 58
38920 38
38921 88
38924 15
38928 66
38934 71
38935 82
38949 39
38966 11
38975 28
38998 47
39011 18
39015 14
39016 57
39017 41
39027 80
39029 88
39045 65
39046 97
39057 81
39059 80
39064 1
39070 49
39071 80
39073 33
39079 97
39083 88
39090 89
39093 20
39094 58
39095 5
39096 23
39103 88
39105 32
39108 14
39125 68
39130 35
39131 57
39137 5
39149 36
39152 49
39159 96
39160 2
39169 35
39176 66
39177 88
39182 58
39183 29
39184 67
39190 73
39196 93
39197 53
39203 59
39204 92
39206 2
39208 87
39209 82
39210 20
39222 52
39224 1
39226 28
39228 36
39235 57
39240 51
39241 38
39242 27
39244 70
39255 57
39258 45
39261 28
39263 65
39274 40
39283 89
39291 62
39295 2
39304 74
39309 61
39313 64
39315 70
39316 60
39320 3
39325 69
39327 42
39334 63
39336 18
39353 19
39354 69
39360 65
39367 69
39368 90
39376 73
39378 42
39390 88
39392 73
39407 63
39411 48
39413 85
39416 11
39417 21
39429 90
39434 58
39435 91
39439 15
39447 51
39450 23
39455 86
39460 68
39461 52
39463 5
39464 67
39465 81
39467 92
39475 63
39486 73
39495 45
39499 95
39511 48
39522 78
39526 33
39543 65
39544 6
39554 19
39560 88
39562 30
39571 6
39573 58
39575 60
39576 34
39583 94
39586 24
39591 70
39597 57
39606 22
39616 40
39621 42
39624 22
39634 16
39639 49
39641 62
39657 22
39665 2
39668 32
39685 83
39686 35
39688 81
39690 21
39692 2
39694 55
39703 50
39704 1
39713 60
39714 83
39715 17
39716 53
39721 17
39723 11
39728 1
39741 6
39753 57
39756 72
39757 4
39759 24
39762 55
39765 91
39770 27
39774 62
39782 69
39785 16
39787 77
39789 79
39793 79
39795 25
39804 97
39814 44
39815 63
39828 17
39839 93
39847 95
39850 75
39858 62
39862 43
39873 66
39876 3
39879 17
39880 50
39883 87
39887 75
39893 64
39895 48
39906 46
39912 11
39931 88
39934 67
39947 63
39959 95
39962 97
39974 30
39984 28
39987 89
39990 18
39997 29
40012 81
40014 50
40027 89
40029 87
40033 36
40036 58
40041 99
40048 19
40051 82
40057 10
40063 48
40067 33
40076 52
40089 89
40090 93
40091 9
40092 69
40100 52
40103 88
40106 57
40117 20
40120 23
40125 83
40127 70
40138 80
40139 82
40141 69
40145 10
40146 70
40155 60
40162 62
40163 43
40164 30
40175 74
40191 68
40203 60
40205 22
40209 34
40212 61
40216 98
40221 81
40228 12
40240 69
40244 97
40247 30
40248 88
40250 75
40251 65
40252 51
40256 13
40257 90
40266 32
40270 91
40273 15
40275 43
40278 55
40280 25
40283 81
40286 98
40290 11
40300 92
40303 54
40304 14
40306 94
40309 84
40315 82
40324 57
40332 70
40336 65
40338 81
40340 26
40341 1
40349 52
40350 43
40356 92
40358 18
40362 73
40372 32
40373 91
40375 45
40379 94
40381 54
40385 43
40396 71
40398 51
40399 29
40409 99
40421 4
40430 54
40433 96
40434 86
40439 44
40462 19
40465 0
40469 20
40474 29
40476 76
40477 53
40478 85
40486 10
40489 46
40491 1
40496 85
40497 78
40499 94
40505 13
40509 14
40519 38
40535 4
40545 46
40550 36
40557 15
40560 16
40561 86
40562 35
40563 17
40566 28
40574 58
40578 32
40580 20
40582 50
40591 13
40615 98
40627 48
40640 35
40646 74
40648 91
40653 71
40655 52
40656 99
40672 2
40674 97
40692 63
40696 90
40701 42
40704 51
40714 31
40717 32
40730 20
40731 75
40739 62
40743 74
40755 83
40757 4
40765 48
40769 23
40774 71
40775 94
40776 96
40777 58
40779 13
40785 94
40791 31
40795 88
40799 22
40801 33
40803 42
40808 99
40809 81
40812 22
40814 41
40816 67
40819 53
40821 41
40827 43
40850 17
40851 0
40852 95
40856 48
40857 24
40858 61
40864 61
40879 21
40880 40
40883 74
40888 22
40890 2
40903 57
40908 35
40911 16
40912 39
40918 11
40919 43
40921 58
40924 21
40925 82
40930 58
40932 23
40940 22
40941 4
40953 37
40959 45
40962 97
40966 68
40979 79
40982 11
40987 34
40995 27
40996 74
41004 45
41011 97
41015 29
41016 68
41019 15
41027 83
41033 85
41043 3
41045 66
41049 31
41053 27
41055 48
41056 80
41065 1
41072 73
41084 75
41092 29
41097 24
41099 85
41101 78
41102 94
41109 61
41115 62
41125 5
41127 91
41129 15
41137 42
41148 15
41151 7
41157 90
41158 7
41160 4
41162 10
41165 96
41169 12
41172 45
41175 40
41176 54
41184 52
41186 89
41188 42
41193 36
41196 43
41197 30
41205 75
41209 42
41211 33
41213 95
41218 63
41220 26
41226 66
41230 53
41233 49
41234 35
41236 95
41238 13
41242 15
41247 39
41249 3
41258 25
41263 57
41272 51
41283 58
41289 49
41290 79
41298 9
41319 98
41344 38
41345 13
41348 96
41350 68
41351 85
41354 17
41356 55
41364 12
41367 7
41370 95
41374 65
41378 15
41383 66
41386 30
41389 83
41413 53
41424 35
41431 12
41440 13
41449 39
41453 46
41464 72
41474 73
41476 81
41483 37
41484 27
41506 94
41512 58
41522 1
41526 97
41529 48
41530 15
41533 97
41534 9
41538 61
41542 40
41545 42
41546 34
41553 54
41556 37
41557 20
41559 22
41560 35
41564 6
41566 41
41575 81
41577 60
41586 11
41587 72
41598 88
41605 12
41608 36
41611 79
41612 64
41621 95
41627 81
41629 28
41631 52
41632 1
41634 0
41642 61
41649 35
41654 38
41655 7
41661 62
41663 19
41666 91
41667 2
41673 19
41675 61
41677 11
41681 31
41687 38
41695 12
41697 37
41701 6
41706 7
41707 37
41708 39
41719 33
41725 84
41728 63
41729 11
41737 20
41738 90
41744 40
41746 13
41749 52
41753 77
41771 60
41778 12
41782 45
41796 95
41798 24
41805 20
41806 47
41807 58
41817 10
41827 41
41832 82
41857 20
41860 30
41861 58
41864 65
41877 56
41881 70
41885 96
41908 4
41920 99
41928 77
41931 48
41932 4
41935 98
41937 87
41939 73
41945 3
41967 38
41968 40
41969 3
41972 28
41976 50
41977 88
41978 48
41987 65
42004 22
42007 48
42014 76
42016 58
42018 2
42024 69
42030 95
42032 85
42039 72
42042 80
42065 13
42067 76
42069 38
42080 6
42086 16
42093 66
42094 60
42096 10
42106 3
42108 23
42118 98
42120 60
42150 63
42153 27
42161 39
42165 73
42168 27
42169 3
42170 54
42200 46
42210 24
42221 72
42224 99
42227 36
42229 66
42236 70
42237 70
42240 2
42244 21
42246 38
42253 11
42255 80
42261 14
42274 63
42277 3
42278 11
42281 31
42286 77
42288 13
42292 71
42299 43
42303 8
42304 91
42327 16
42331 8
42340 98
42356 34
42358 41
42368 40
42370 43
42372 58
42381 87
42387 40
42392 76
42395 10
42400 61
42407 5
42409 79
42411 70
42412 39
42418 0
42456 1
42457 85
42458 8
42461 27
42462 88
42464 30
42470 27
42471 75
42473 57
42474 4
42480 63
42485 75
42493 67
42495 45
42496 94
42498 53
42507 24
42513 46
42519 17
42520 36
42525 88
42529 54
42530 85
42538 94
42540 47
42543 55
42545 66
42546 70
42548 45
42568 62
42573 34
42577 13
42578 81
42580 8
42581 73
42589 27
42590 93
42598 27
42604 56
42626 51
42632 36
42634 6
42638 40
42641 18
42647 27
42648 93
42653 23
42655 9
42660 38
42661 18
42663 25
42678 50
42679 15
42680 0
42682 77
42686 55
42691 84
42692 1
42696 2
42697 6
42702 1
42705 94
42709 15
42712 56
42713 70
42726 4
42731 17
42732 75
42733 94
42734 97
42736 96
42740 88
42745 25
42756 38
42759 11
42767 72
42768 50
42771 10
42782 17
42787 57
42800 9
42802 28
42804 92
42809 46
42815 28
42818 55
42824 14
42829 17
42830 58
42831 9
42835 60
42847 22
42850 89
42854 93
42857 95
42860 8
42872 52
42881 57
42883 1
42884 61
42885 3
42895 24
42896 66
42902 89
42903 46
42904 21
42905 78
42909 48
42925 73
42934 86
42938 42
42948 43
42960 88
42963 54
42974 79
42978 73
42980 72
42982 56
42987 62
42998 75
43019 28
43042 74
43045 68
43048 35
43053 11
43054 83
43072 28
43073 8
43074 85
43076 6
43077 23
43079 85
43089 8
43103 53
43104 26
43114 99
43118 79
43124 55
43127 34
43137 81
43143 50
43150 25
43151 89
43154 0
43158 73
43164 18
43165 90
43170 19
43174 4
43175 33
43177 3
43185 7
43186 82
43187 8
43190 70
43205 0
43211 36
43220 6
43224 91
43226 0
43227 19
43232 50
43233 88
43236 2
43238 14
43246 94
43249 83
43252 36
43258 62
43262 84
43267 86
43271 45
43281 89
43286 75
43288 93
43297 8
43307 47
43325 34
43330 86
43332 26
43340 73
43350 24
43357 10
43367 72
43374 8
43378 96
43382 17
43383 15
43389 16
43392 53
43393 15
43400 27
43401 23
43402 80
43408 44
43409 1
43412 97
43413 75
43417 35
43421 61
43424 26
43430 78
43431 76
43433 51
43436 60
43439 33
43448 53
43471 76
43475 64
43476 90
43479 94
43493 93
43497 13
43501 96
43502 25
43521 52
43524 1
43528 46
43529 44
43531 38
43533 84
43535 8
43540 17
43556 10
43569 14
43578 59
43584 25
43587 28
43589 30
43592 26
43593 62
43595 99
43605 47
43609 55
43614 97
43618 12
43622 35
43626 38
43627 23
43628 36
43633 3
43637 99
43641 35
43644 36
43647 77
43648 25
43649 35
43651 85
43657 6
43659 19
43661 41
43676 58
43680 84
43681 84
43682 76
43683 2
43691 42
43704 56
43707 91
43708 59
43725 20
43731 0
43742 15
43752 84
43754 26
43759 34
43767 15
43771 16
43780 48
43782 20
43784 13
43788 76
43794 68
43832 49
43839 60
43845 49
43871 19
43877 14
43882 49
43899 61
43903 56
43905 47
43911 15
43913 52
43916 4
43917 82
43940 83
43947 37
43953 10
43954 8
43957 69
43963 29
43969 53
43983 63
43986 72
43987 4
43988 51
43989 50
43990 63
43998 60
44017 26
44023 6
44029 64
44030 2
44045 73
44048 58
44057 21
44058 53
44060 96
44062 88
44063 62
44064 99
44066 20
44067 5
44071 45
44077 87
44078 73
44088 77
44109 1
44111 65
44114 15
44115 43
44123 33
44132 28
44136 31
44150 34
44151 82
44155 46
44158 37
44160 81
44190 78
44191 86
44193 94
44204 36
44214 57
44218 9
44223 98
44228 97
44233 66
44236 78
44239 67
44240 38
44249 86
44253 47
44254 98
44259 95
44261 71
44265 93
44268 38
44287 81
44299 45
44300 20
44302 73
44317 82
44320 77
44323 24
44331 46
44334 73
44335 60
44348 60
44351 14
44355 81
44356 13
44360 72
44364 98
44369 51
44386 26
44390 31
44391 36
44393 36
44411 70
44416 81
44418 26
44423 20
44427 44
44428 40
44441 29
44444 91
44450 32
44454 56
44464 65
44475 96
44478 26
44479 99
44482 3
44485 1
44494 5
44496 48
44502 48
44503 1
44526 32
44527 53
44530 43
44532 92
44536 38
44539 6
44541 77
44545 70
44547 66
44549 15
44554 50
44558 26
44566 71
44567 70
44572 40
44574 53
44583 54
44585 90
44599 49
44610 39
44614 51
44616 30
44622 65
44624 44
44628 65
44635 25
44638 48
44647 37
44650 32
44654 10
44660 32
44661 93
44663 67
44669 55
44670 48
44681 18
44683 86
44685 8
44696 18
44698 86
44699 18
44706 11
44709 75
44711 75
44715 35
44717 26
44719 67
44722 68
44729 50
44734 98
44739 42
44745 25
44748 67
44759 26
44764 17
44767 22
44768 14
44769 53
44770 94
44774 26
44777 61
44783 74
44787 24
44788 92
44789 71
44792 81
44794 77
44799 77
44800 36
44802 78
44813 42
44819 81
44820 66
44825 80
44827 2
44834 40
44835 32
44842 8
44858 62
44859 2
44860 21
44861 58
44870 10
44872 26
44877 4
44879 20
44882 86
44884 59
44887 50
44889 59
44898 15
44900 56
44926 50
44932 15
44933 25
44934 7
44943 11
44945 46
44952 76
44957 34
44965 49
44968 41
44972 75
44978 99
44981 32
45001 25
45010 99
45013 25
45015 9
45016 50
45020 45
45024 97
45026 88
45029 94
45035 75
45038 81
45042 43
45044 39
45052 15
45054 86
45058 96
45060 28
45069 3
45072 51
45073 27
45088 19
45104 34
45107 2
45109 56
45118 15
45126 7
45127 61
45131 93
45136 67
45137 48
45142 4
45144 4
45146 80
45148 17
45152 40
45153 8
45156 67
45158 94
45164 29
45183 21
45184 68
45188 25
45190 82
45195 3
45199 17
45203 29
45206 0
45211 28
45215 91
45216 12
45217 36
45224 14
45230 11
45246 32
45252 5
45256 77
45263 9
45268 67
45269 6
45277 89
45280 59
45286 12
45287 42
45293 89
45295 19
45307 59
45313 17
45314 90
45318 79
45320 16
45322 54
45325 27
45332 45
45333 74
45335 35
45348 89
45353 4
45374 2
45383 53
45384 31
45385 28
45387 91
45393 51
45399 23
45401 96
45406 31
45411 46
45420 82
45422 37
45428 10
45431 84
45435 74
45439 56
45443 19
45446 39
45451 84
45455 41
45457 35
45463 13
45470 66
45478 96
45486 5
45490 6
45499 39
45503 54
45504 7
45505 35
45506 69
45507 84
45508 32
45511 85
45520 48
45527 51
45530 35
45533 27
45534 97
45544 85
45546 29
45547 41
45551 37
45552 65
45553 70
45556 61
45561 64
45568 98
45577 49
45579 1
45589 78
45590 1
45607 48
45624 29
45629 11
45633 51
45636 71
45642 39
45648 84
45650 12
45653 29
45655 71
45657 21
45665 39
45676 16
45682 3
45683 97
45691 48
45695 74
45696 41
45697 57
45699 98
45701 59
45706 58
45713 71
45720 83
45722 57
45725 46
45738 52
45743 4
45747 2
45751 45
45754 30
45757 40
45763 78
45765 65
45769 34
45775 9
45782 55
45787 65
45807 62
45817 9
45820 76
45823 46
45825 50
45831 45
45837 48
45838 64
45842 69
45845 76
45848 50
45858 2
45860 92
45862 95
45880 1
45887 7
45890 79
45895 24
45905 88
45906 25
45907 27
45917 44
45918 42
45924 67
45935 89
45940 75
45941 77
45942 44
45946 41
45947 41
45957 43
45961 58
45964 15
45966 72
45968 60
45972 75
45977 44
45985 90
45991 28
45993 27
45994 30
45996 11
45997 65
45998 70
45999 79
46000 41
46002 69
46005 2
46006 51
46012 32
46013 20
46020 91
46026 7
46037 83
46038 4
46039 59
46041 28
46042 30
46046 89
46047 61
46055 73
46060 37
46064 7
46066 85
46069 92
46071 53
46073 9
46074 45
46075 29
46077 95
46085 73
46092 13
46101 88
46104 67
46115 36
46116 68
46124 54
46127 66
46130 34
46147 7
46150 50
46151 29
46157 57
46161 63
46167 40
46172 58
46188 81
46194 17
46198 80
46199 75
46203 60
46205 80
46206 45
46213 5
46215 65
46216 79
46217 83
46220 85
46222 5
46223 50
46224 34
46231 82
46234 75
46239 82
46241 26
46251 65
46262 93
46271 65
46281 79
46284 38
46285 96
46290 89
46292 38
46298 11
46302 39
46303 65
46306 43
46308 19
46315 18
46316 64
46325 38
46330 63
46331 59
46334 19
46335 46
46337 60
46354 34
46360 54
46361 57
46368 94
46373 77
46374 77
46392 56
46394 17
46396 26
46401 41
46403 55
46408 17
46409 69
46419 88
46426 30
46428 56
46435 14
46436 51
46442 62
46443 12
46447 4
46449 25
46450 59
46451 78
46456 53
46462 52
46464 13
46466 29
46468 87
46474 20
46477 84
46478 94
46482 25
46483 32
46486 12
46489 49
46490 52
46493 56
46494 44
46510 78
46514 30
46515 18
46520 48
46525 7
46526 26
46528 77
46537 38
46542 35
46546 7
46552 21
46561 30
46571 64
46574 63
46578 20
46586 73
46588 57
46590 26
46591 39
46596 45
46599 67
46600 1
46601 30
46602 53
46609 64
46611 59
46617 51
46622 42
46623 57
46624 24
46625 74
46631 73
46638 38
46639 59
46641 10
46642 2
46645 49
46649 62
46650 90
46654 38
46655 70
46664 74
46666 34
46667 45
46671 88
46672 78
46686 7
46687 42
46689 86
46709 25
46726 63
46730 58
46733 86
46743 81
46744 3
46750 64
46753 40
46757 54
46759 36
46761 51
46762 26
46767 18
46779 78
46788 97
46792 55
46797 18
46801 72
46803 58
46806 80
46807 49
46808 20
46817 56
46818 42
46820 48
46821 12
46822 87
46824 18
46829 57
46836 53
46837 9
46839 94
46843 55
46846 1
46847 33
46851 4
46852 86
46854 78
46858 22
46864 59
46883 42
46886 92
46896 98
46901 0
46904 17
46906 60
46912 79
46922 84
46928 76
46930 57
46936 36
46940 34
46941 63
46942 28
46947 21
46953 2
46957 36
46963 6
46966 33
46968 73
46970 14
46971 62
46980 3
46987 7
46996 20
47007 57
47008 11
47018 73
47020 32
47024 43
47028 5
47029 52
47034 69
47038 82
47044 8
47049 41
47054 7
47069 74
47071 3
47083 61
47084 55
47090 84
47095 19
47112 47
47113 69
47114 62
47121 62
47128 69
47129 75
47131 83
47134 54
47143 59
47152 4
47161 10
47162 35
47167 34
47182 96
47184 49
47193 82
47211 15
47217 6
47218 77
47221 66
47222 90
47225 99
47241 57
47243 28
47252 36
47259 58
47267 74
47274 14
47285 44
47288 97
47289 71
47291 90
47293 26
47297 47
47298 89
47299 5
47302 33
47303 64
47309 11
47321 26
47322 92
47323 40
47329 74
47332 77
47338 72
47339 92
47342 93
47343 77
47352 28
47353 41
47361 76
47366 48
47369 46
47372 78
47373 64
47383 86
47385 52
47386 50
47388 67
47394 51
47399 87
47402 10
47410 16
47416 70
47421 45
47426 57
47429 54
47438 30
47446 27
47451 99
47456 34
47464 58
47482 38
47485 5
47491 87
47498 23
47514 79
47516 42
47518 82
47519 82
47523 0
47525 22
47528 97
47530 71
47549 80
47552 54
47553 39
47561 2
47562 19
47568 60
47577 63
47582 77
47583 30
47590 60
47591 20
47605 48
47613 63
47629 78
47631 24
47634 68
47642 91
47644 20
47646 61
47647 83
47649 8
47659 85
47666 41
47667 98
47670 22
47671 62
47672 64
47674 86
47676 26
47677 76
47679 83
47684 14
47687 79
47705 26
47710 56
47711 50
47713 83
47714 62
47716 9
47719 63
47723 17
47726 95
47736 73
47739 27
47746 49
47748 8
47749 51
47750 30
47754 13
47755 5
47760 26
47761 37
47762 75
47765 32
47772 88
47773 0
47775 90
47776 5
47778 34
47783 10
47786 42
47796 75
47798 71
47803 63
47806 46
47815 3
47829 57
47831 97
47836 23
47842 90
47846 26
47847 36
47854 49
47858 4
47861 93
47862 96
47865 96
47876 43
47877 24
47883 72
47884 60
47888 42
47903 9
47904 26
47909 84
47915 63
47917 43
47920 76
47928 3
47940 57
47944 4
47946 74
47955 55
47966 90
47967 2
47973 8
47975 31
47983 60
47992 46
47998 66
48000 82
48011 76
48012 73
48017 69
48020 86
48034 2
48039 69
48040 76
48049 82
48050 2
48054 77
48062 11
48075 20
48077 63
48088 59
48089 66
48090 22
48092 80
48098 63
48106 49
48107 8
48116 48
48117 48
48123 11
48125 53
48130 5
48134 2
48135 84
48138 70
48141 34
48145 11
48146 43
48151 98
48158 68
48162 33
48165 59
48169 5
48170 17
48176 32
48184 23
48189 71
48190 25
48195 71
48199 94
48203 31
48205 79
48208 97
48211 75
48214 72
48216 82
48221 77
48226 18
48227 81
48234 11
48235 77
48238 66
48239 81
48241 46
48250 81
48253 70
48258 54
48264 13
48270 24
48282 29
48288 69
48292 42
48293 44
48302 19
48305 32
48307 3
48309 92
48310 84
48314 79
48321 18
48333 28
48337 98
48345 46
48347 7
48349 81
48353 73
48369 77
48370 32
48374 41
48378 33
48385 18
48386 52
48387 38
48388 84
48395 25
48397 0
48400 85
48402 50
48407 85
48410 92
48411 72
48414 75
48415 9
48419 64
48435 76
48439 59
48441 46
48443 2
48444 94
48464 39
48466 79
48469 67
48488 6
48491 34
48497 48
48502 56
48509 58
48512 54
48519 36
48525 89
48526 76
48531 38
48536 94
48537 95
48538 57
48546 50
48549 51
48556 29
48562 86
48570 29
48573 8
48581 48
48583 46
48584 77
48590 59
48594 27
48598 84
48599 43
48603 97
48606 55
48609 78
48614 0
48619 40
48622 92
48625 25
48629 42
48638 38
48639 50
48642 63
48646 56
48648 58
48650 91
48653 70
48654 61
48661 37
48667 45
48669 94
48674 55
48675 47
48677 90
48682 10
48683 58
48697 82
48698 77
48707 17
48710 83
48721 28
48723 15
48727 12
48730 97
48736 43
48739 10
48741 91
48744 55
48746 66
48747 71
48756 95
48757 22
48758 95
48759 75
48763 97
48770 39
48776 96
48779 72
48787 24
48789 31
48791 61
48802 29
48807 60
48817 38
48826 70
48827 25
48833 6
48835 55
48841 30
48842 96
48849 11
48850 97
48853 89
48871 78
48876 36
48879 13
48884 23
48889 89
48892 79
48893 38
48897 86
48898 43
48907 0
48909 91
48917 68
48921 27
48922 79
48925 19
48934 0
48938 27
48946 51
48955 84
48958 13
48961 14
48965 24
48967 3
48970 90
48974 39
48977 15
48986 22
48988 78
48999 51
49002 26
49004 49
49005 13
49007 94
49008 98
49016 86
49019 24
49022 79
49025 83
49027 48
49039 26
49045 21
49049 44
49051 83
49066 22
49069 75
49077 56
49078 21
49080 25
49081 27
49098 7
49099 71
49101 48
49104 77
49109 16
49121 60
49131 19
49136 75
49137 52
49144 27
49145 85
49147 27
49153 34
49155 52
49159 92
49160 25
49184 9
49189 73
49193 87
49194 14
49196 21
49197 54
49202 99
49204 39
49212 88
49217 55
49220 9
49221 80
49222 78
49225 49
49226 91
49228 16
49234 71
49235 62
49240 15
49243 35
49244 78
49254 25
49258 66
49265 89
49266 70
49271 77
49283 64
49295 56
49296 75
49312 38
49321 55
49324 71
49327 16
49330 43
49331 69
49334 22
49336 14
49343 59
49344 97
49352 35
49356 18
49360 61
49371 66
49376 20
49382 22
49383 82
49384 41
49386 26
49394 25
49410 64
49413 77
49414 3
49421 52
49429 23
49433 84
49439 71
49447 2
49452 17
49454 97
49462 35
49463 55
49467 13
49470 40
49471 95
49490 3
49498 99
49501 77
49502 40
49512 66
49516 86
49520 55
49523 33
49533 64
49542 76
49543 15
49545 9
49549 82
49554 54
49561 9
49579 55
49582 35
49586 14
49596 51
49612 50
49614 31
49617 74
49619 14
49627 20
49638 21
49645 89
49647 13
49649 37
49650 25
49651 60
49660 1
49673 53
49683 5
49691 87
49696 25
49699 86
49700 38
49703 2
49714 27
49721 76
49722 83
49728 64
49729 73
49745 34
49748 18
49750 6
49751 67
49758 90
49764 64
49772 18
49784 23
49786 91
49787 83
49812 83
49814 27
49820 60
49825 87
49828 69
49859 2
49860 30
49871 18
49880 18
49883 58
49887 42
49893 6
49900 80
49909 29
49929 24
49950 84
49975 33
49976 22
49988 4
49990 18
49995 66
49999 15
