4 56
8 43
15 30
17 66
34 84
43 22
48 53
69 17
72 21
77 97
83 94
85 80
87 35
88 85
93 46
99 52
104 51
106 75
107 3
110 26
113 66
121 40
129 21
130 67
132 17
134 17
144 70
145 87
156 58
157 99
159 44
163 93
165 6
167 91
168 90
170 88
172 25
180 73
185 73
190 55
196 55
203 44
204 34
207 96
209 2
211 36
212 24
220 63
222 80
232 20
238 76
239 20
240 45
243 7
252 57
255 74
267 74
274 6
275 54
277 7
278 0
279 11
288 52
299 33
303 74
307 87
308 29
310 0
319 65
324 19
328 0
334 19
338 32
339 43
340 15
341 14
342 73
350 33
360 93
367 14
368 42
381 3
389 21
395 5
396 28
404 16
405 32
406 72
421 66
426 8
427 57
432 96
435 99
437 90
444 12
446 95
449 92
450 2
453 39
454 36
455 41
458 19
459 39
463 80
465 7
477 68
479 40
480 44
482 94
488 30
492 28
502 93
504 85
516 70
521 55
523 29
535 60
536 12
537 54
538 19
540 88
544 88
552 54
553 97
556 94
565 28
571 91
580 93
587 23
588 18
590 39
592 42
595 71
596 2
597 99
609 59
611 10
612 17
613 49
619 56
621 37
626 61
640 1
642 0
647 88
657 51
661 27
664 55
680 95
681 93
683 75
686 92
693 36
694 42
699 83
702 91
705 9
708 51
714 86
716 15
722 37
724 77
732 44
734 29
735 58
740 76
741 17
745 63
756 49
766 38
768 84
771 4
776 15
781 7
784 95
786 73
788 98
799 29
808 49
822 52
825 27
830 74
834 42
835 96
838 97
840 13
842 31
848 94
853 73
865 25
867 67
875 42
878 16
879 81
880 1
882 79
884 90
885 7
891 38
896 27
898 31
905 24
910 70
920 30
923 96
928 4
936 43
947 79
949 9
954 6
964 7
975 7
977 63
979 58
984 93
987 34
1005 28
1010 72
1014 47
1023 4
1025 47
1026 83
1034 80
1039 71
1042 97
1050 54
1052 79
1062 23
1070 6
1071 21
1084 98
1086 2
1089 33
1098 83
1099 14
1107 81
1108 58
1119 47
1124 53
1128 72
1137 89
1142 44
1146 47
1147 26
1155 39
1159 19
1166 64
1167 65
1183 38
1187 20
1192 42
1193 92
1195 87
1197 88
1204 19
1217 36
1224 7
1228 94
1230 44
1239 45
1242 59
1243 31
1245 95
1249 99
1269 26
1276 64
1284 85
1287 5
1290 90
1296 31
1316 32
1320 59
1321 20
1323 76
1324 98
1325 90
1329 52
1331 33
1337 12
1338 79
1345 37
1346 95
1347 14
1348 67
1357 40
1358 74
1359 98
1365 84
1371 83
1375 70
1378 35
1379 13
1380 6
1387 19
1388 25
1390 14
1392 45
1413 13
1415 41
1425 24
1430 23
1433 94
1442 93
1445 54
1446 92
1447 92
1449 0
1450 9
1460 74
1470 54
1475 85
1476 19
1482 63
1487 11
1507 75
1511 70
1513 95
1516 1
1521 27
1523 62
1524 57
1532 92
1537 70
1571 86
1576 28
1578 50
1582 27
1583 48
1585 52
1588 46
1589 31
1599 78
1600 21
1605 17
1627 89
1628 5
1631 41
1635 70
1642 92
1644 19
1645 15
1646 85
1657 52
1660 34
1662 39
1666 78
1668 50
1669 3
1670 83
1676 27
1679 86
1687 7
1694 98
1697 12
1699 68
1701 1
1709 39
1712 64
1720 63
1736 40
1737 39
1740 37
1746 41
1747 46
1748 50
1750 35
1752 96
1759 51
1768 6
1775 66
1777 40
1779 40
1781 77
1783 83
1788 19
1789 21
1794 50
1802 54
1805 15
1810 70
1811 88
1812 21
1815 57
1820 14
1828 71
1829 74
1831 17
1841 17
1850 62
1858 57
1859 34
1861 4
1863 54
1871 47
1873 27
1874 18
1876 93
1880 89
1881 21
1883 4
1887 68
1902 12
1911 63
1913 58
1914 54
1915 29
1916 2
1920 91
1927 84
1928 35
1940 48
1943 15
1949 44
1953 31
1962 84
1966 64
1971 21
1982 81
1984 28
1989 97
1990 28
1992 30
2001 1
2014 27
2017 46
2018 40
2022 92
2023 7
2030 0
2035 49
2043 2
2044 83
2050 45
2057 41
2061 45
2063 69
2072 63
2080 0
2090 43
2092 85
2097 99
2105 37
2117 23
2123 91
2124 85
2133 56
2139 55
2161 97
2164 45
2165 98
2170 47
2172 63
2178 2
2179 16
2184 60
2186 28
2195 15
2199 68
2202 90
2207 52
2214 86
2219 7
2224 99
2230 65
2232 67
2242 66
2255 45
2256 0
2261 65
2263 74
2265 25
2271 60
2273 45
2275 15
2279 93
2281 16
2291 12
2295 67
2302 16
2303 78
2306 8
2317 73
2339 93
2347 59
2359 10
2363 58
2377 41
2380 97
2382 33
2388 44
2393 25
2422 55
2423 26
2424 50
2435 10
2442 46
2447 58
2448 56
2450 67
2452 43
2455 62
2461 0
2465 21
2468 11
2469 89
2473 24
2482 92
2485 6
2488 45
2489 2
2491 93
2493 32
2498 28
2500 19
2503 46
2504 5
2515 61
2525 14
2532 76
2537 43
2542 1
2550 38
2557 42
2559 68
2561 46
2564 11
2570 50
2573 52
2582 86
2591 83
2593 5
2595 21
2601 92
2603 57
2607 13
2612 68
2614 43
2619 23
2624 38
2637 14
2644 69
2660 29
2663 19
2674 31
2676 43
2683 70
2684 63
2685 31
2688 71
2693 74
2697 46
2702 83
2708 42
2710 57
2716 64
2718 34
2720 17
2721 7
2730 34
2734 87
2739 63
2746 49
2754 45
2756 76
2765 89
2781 30
2784 78
2785 64
2795 7
2798 36
2808 2
2810 45
2811 7
2814 54
2817 73
2821 57
2825 20
2827 56
2832 32
2839 85
2844 0
2856 36
2862 12
2863 87
2864 42
2865 55
2866 41
2867 92
2869 21
2872 79
2880 42
2884 12
2897 47
2902 70
2915 55
2920 5
2925 92
2926 58
2932 52
2934 99
2937 44
2939 97
2940 15
2942 64
2946 35
2947 81
2950 45
2953 92
2964 20
2968 20
2974 58
2978 66
2996 42
2997 72
3003 73
3007 1
3008 16
3014 64
3015 11
3018 0
3022 30
3023 77
3031 82
3036 63
3047 46
3051 71
3054 63
3062 86
3066 69
3070 35
3071 61
3075 58
3080 97
3085 30
3095 67
3096 72
3098 87
3101 84
3113 10
3114 56
3115 1
3120 94
3121 70
3124 75
3125 4
3128 47
3131 67
3132 64
3134 6
3136 77
3138 56
3141 16
3148 76
3153 97
3155 4
3166 80
3182 49
3184 29
3185 29
3190 68
3195 76
3197 34
3204 4
3205 24
3206 48
3212 34
3213 54
3223 80
3226 79
3228 93
3229 75
3239 8
3242 13
3248 19
3249 6
3254 31
3258 27
3259 51
3265 9
3270 56
3271 1
3272 76
3279 78
3286 46
3287 56
3290 54
3299 59
3300 65
3301 46
3303 14
3306 32
3307 19
3314 51
3318 48
3320 42
3325 22
3336 42
3338 35
3344 34
3351 61
3353 98
3359 43
3377 0
3380 57
3384 52
3387 61
3388 19
3395 88
3402 99
3407 8
3409 9
3413 38
3414 37
3419 53
3421 26
3427 56
3434 37
3435 88
3439 16
3445 32
3447 13
3458 63
3461 8
3463 47
3472 32
3479 24
3482 44
3500 84
3501 68
3507 49
3510 38
3527 8
3528 80
3542 13
3551 68
3556 52
3564 52
3568 9
3577 95
3585 34
3617 21
3619 20
3620 76
3627 13
3632 21
3635 48
3636 94
3637 39
3638 7
3645 5
3655 58
3658 83
3661 36
3663 56
3668 93
3676 29
3677 55
3679 85
3704 65
3706 25
3707 49
3708 84
3715 99
3718 6
3726 91
3727 11
3731 76
3734 52
3741 68
3749 76
3752 8
3755 96
3765 31
3777 25
3778 63
3787 97
3795 54
3803 47
3818 69
3821 67
3829 77
3840 34
3842 20
3843 39
3850 3
3853 46
3856 41
3857 87
3862 66
3866 84
3870 20
3872 95
3878 78
3882 24
3885 1
3894 55
3899 2
3905 33
3907 44
3908 58
3911 80
3913 46
3914 29
3915 15
3916 67
3919 1
3925 43
3930 70
3934 69
3937 2
3944 44
3961 91
3962 8
3963 4
3970 35
3971 4
3976 92
3993 59
3995 18
3996 34
4000 46
4002 42
4003 4
4011 90
4014 75
4027 83
4028 12
4035 90
4036 80
4041 82
4049 57
4052 60
4068 64
4070 50
4071 18
4072 10
4076 45
4080 72
4085 64
4088 77
4093 86
4096 36
4097 89
4098 29
4103 86
4106 46
4110 48
4117 5
4118 48
4123 79
4131 34
4136 40
4139 76
4140 39
4142 32
4143 60
4145 71
4151 20
4155 66
4156 32
4157 18
4158 45
4164 75
4170 15
4175 70
4177 8
4178 89
4181 7
4186 75
4190 52
4212 33
4213 84
4229 73
4235 59
4238 91
4240 62
4242 63
4243 90
4246 99
4247 64
4249 19
4262 91
4264 26
4269 1
4276 56
4282 98
4287 63
4305 67
4310 30
4315 18
4316 13
4325 81
4329 67
4331 57
4342 98
4348 28
4356 63
4359 84
4360 37
4361 91
4363 31
4365 75
4366 98
4378 86
4379 23
4381 42
4384 5
4386 40
4387 24
4396 38
4422 55
4425 90
4430 6
4432 54
4437 57
4441 44
4458 55
4461 73
4464 72
4466 9
4469 50
4472 76
4476 26
4484 0
4494 16
4497 57
4503 62
4514 27
4528 85
4529 58
4531 35
4535 82
4537 75
4546 64
4548 80
4552 47
4559 17
4569 16
4577 54
4578 97
4582 79
4583 35
4586 50
4590 39
4592 57
4594 16
4604 28
4607 12
4622 82
4630 9
4633 17
4637 76
4638 51
4639 44
4640 49
4646 10
4649 81
4655 94
4662 85
4667 0
4674 47
4679 86
4680 12
4687 58
4689 26
4698 38
4715 16
4720 28
4726 77
4732 36
4733 90
4741 29
4749 67
4753 69
4755 69
4761 16
4763 48
4765 28
4767 4
4771 97
4777 34
4780 7
4787 14
4794 93
4796 93
4797 32
4807 12
4812 60
4816 41
4823 18
4824 76
4826 73
4831 1
4833 78
4837 56
4842 20
4844 90
4846 32
4850 9
4862 45
4880 56
4888 14
4889 17
4891 88
4892 8
4893 77
4894 3
4902 14
4904 10
4922 60
4924 9
4927 29
4940 2
4951 55
4952 24
4959 27
4972 68
4988 31
4995 53
5002 27
5009 10
5010 14
5017 67
5021 79
5025 67
5030 30
5031 84
5043 4
5049 13
5055 30
5063 37
5068 15
5076 83
5078 27
5084 39
5087 71
5092 42
5094 0
5101 33
5105 32
5110 31
5115 51
5125 80
5126 83
5131 93
5145 97
5148 90
5149 75
5151 92
5154 84
5160 91
5161 87
5162 81
5163 95
5168 8
5176 2
5180 53
5182 12
5185 82
5197 13
5204 19
5205 12
5206 98
5216 29
5225 57
5237 90
5239 36
5244 22
5253 61
5256 50
5257 10
5259 27
5262 20
5266 71
5271 36
5272 36
5274 51
5275 63
5276 37
5279 90
5283 34
5285 47
5288 27
5292 25
5298 48
5299 24
5302 63
5316 85
5317 42
5331 32
5336 59
5338 83
5339 67
5341 48
5347 42
5352 56
5387 91
5388 47
5391 4
5392 88
5395 77
5396 92
5401 77
5411 45
5412 50
5420 24
5425 78
5426 22
5432 60
5437 6
5443 88
5444 96
5445 29
5446 40
5452 35
5453 15
5471 2
5476 33
5487 47
5499 6
5509 3
5513 79
5515 35
5516 99
5526 90
5527 33
5528 77
5529 12
5534 32
5550 88
5558 98
5559 9
5572 1
5573 75
5574 48
5577 47
5579 40
5582 95
5590 18
5595 77
5601 15
5611 35
5617 45
5625 2
5630 19
5635 21
5643 19
5644 46
5648 90
5650 62
5653 52
5660 68
5663 61
5664 65
5667 15
5675 86
5695 24
5697 98
5701 94
5704 40
5707 74
5716 89
5717 36
5720 11
5723 85
5724 95
5729 27
5740 51
5750 42
5752 60
5755 35
5763 56
5765 21
5766 10
5769 32
5773 84
5775 61
5787 63
5800 38
5801 9
5804 72
5814 49
5815 48
5827 42
5830 29
5831 28
5833 36
5834 8
5836 66
5837 29
5838 68
5839 49
5841 25
5847 90
5851 96
5860 5
5862 84
5868 16
5870 92
5872 36
5877 4
5880 97
5882 51
5904 23
5916 91
5924 61
5928 66
5934 70
5935 46
5936 87
5937 50
5940 58
5955 82
5958 57
5965 44
5969 68
5975 80
5980 97
5990 78
5995 74
5998 16
6001 81
6002 36
6007 29
6012 80
6015 25
6034 0
6036 12
6043 43
6051 45
6054 81
6060 7
6080 89
6083 38
6084 58
6085 64
6086 18
6091 17
6097 77
6100 18
6101 48
6107 49
6108 48
6127 42
6135 87
6140 53
6143 8
6147 54
6163 5
6167 20
6175 38
6179 51
6186 96
6188 49
6206 91
6214 78
6220 75
6223 66
6228 34
6235 97
6236 71
6247 85
6249 14
6258 32
6265 33
6267 47
6272 63
6286 65
6295 58
6303 96
6307 76
6311 84
6312 16
6315 3
6320 41
6327 10
6331 83
6343 40
6348 4
6349 29
6362 43
6363 20
6373 48
6374 90
6375 82
6376 89
6394 65
6401 13
6410 31
6414 60
6429 49
6430 47
6450 32
6452 4
6456 44
6459 41
6475 9
6490 75
6493 75
6495 53
6500 52
6505 50
6509 9
6510 31
6511 40
6514 70
6518 58
6526 12
6527 4
6529 69
6537 51
6540 3
6547 95
6571 68
6572 53
6576 82
6592 73
6596 33
6597 80
6598 5
6619 94
6628 68
6630 43
6632 85
6634 85
6647 30
6652 9
6656 95
6663 30
6664 83
6666 30
6669 89
6678 92
6679 71
6681 11
6693 44
6699 81
6707 52
6708 49
6716 64
6729 2
6733 30
6740 94
6741 65
6745 33
6746 36
6757 24
6759 47
6760 60
6776 74
6778 77
6780 52
6784 61
6786 84
6788 54
6795 34
6810 86
6820 41
6822 42
6824 22
6825 49
6826 96
6828 34
6831 22
6835 25
6850 35
6854 79
6868 33
6872 17
6875 60
6886 70
6887 24
6890 67
6908 30
6911 54
6913 57
6918 1
6926 44
6930 58
6932 12
6937 97
6941 40
6942 42
6943 83
6946 62
6954 92
6960 25
6979 78
6981 62
6987 44
6994 97
7002 54
7007 9
7008 19
7012 68
7015 40
7017 37
7019 0
7026 44
7027 66
7033 7
7037 17
7042 22
7050 37
7056 17
7058 13
7063 64
7064 45
7065 55
7076 16
7079 86
7094 64
7101 94
7106 74
7110 5
7113 62
7114 7
7118 15
7123 70
7128 9
7143 67
7144 91
7146 43
7169 82
7180 31
7191 71
7192 37
7199 25
7201 32
7204 53
7207 66
7215 44
7216 50
7218 26
7220 96
7223 82
7236 69
7243 58
7252 56
7259 43
7262 92
7264 69
7268 70
7269 96
7271 26
7272 73
7279 17
7285 71
7289 78
7291 6
7293 69
7294 10
7295 56
7309 61
7318 20
7319 99
7320 8
7327 50
7330 67
7331 54
7333 7
7337 14
7342 56
7348 44
7362 4
7365 68
7366 93
7380 36
7381 36
7383 43
7388 26
7400 6
7413 34
7425 54
7432 82
7433 22
7435 66
7437 47
7444 26
7446 44
7459 81
7460 48
7465 75
7466 82
7468 90
7471 30
7473 41
7481 40
7483 57
7488 97
7493 44
7496 46
7499 95
7500 63
7503 78
7504 83
7509 95
7520 37
7526 14
7533 39
7547 37
7548 96
7556 26
7560 22
7562 5
7568 93
7575 13
7577 31
7578 2
7584 63
7586 72
7588 50
7589 85
7592 70
7593 98
7596 69
7602 82
7608 82
7623 72
7624 96
7634 23
7637 17
7640 25
7651 7
7654 34
7666 64
7668 86
7674 0
7678 25
7682 89
7687 81
7689 93
7690 84
7691 92
7695 30
7697 4
7706 70
7713 35
7715 36
7716 12
7718 0
7730 82
7741 22
7755 34
7764 71
7776 87
7777 21
7779 66
7787 54
7802 34
7804 45
7814 20
7816 38
7820 92
7835 59
7843 44
7844 71
7845 52
7848 13
7857 66
7860 7
7863 12
7865 8
7871 45
7879 88
7893 24
7895 18
7896 87
7898 13
7901 19
7905 48
7906 91
7910 87
7915 36
7919 98
7922 82
7936 50
7938 87
7953 93
7958 16
7960 42
7963 40
7983 16
7984 0
7985 49
7995 2
8000 89
8007 64
8010 19
8012 39
8016 88
8019 77
8023 82
8024 23
8030 69
8033 38
8043 51
8051 13
8052 19
8053 94
8065 17
8066 87
8083 33
8087 21
8101 70
8110 63
8113 88
8115 27
8117 89
8119 95
8120 11
8125 17
8128 31
8144 13
8149 49
8161 97
8162 5
8168 74
8169 22
8172 13
8177 1
8179 51
8182 92
8184 0
8198 49
8201 24
8203 26
8207 83
8211 52
8212 50
8231 25
8232 79
8233 60
8235 72
8242 26
8256 72
8257 9
8262 36
8263 30
8267 23
8274 30
8282 9
8283 88
8285 0
8288 0
8289 50
8295 67
8301 90
8306 60
8311 60
8312 95
8315 25
8322 91
8323 23
8325 53
8333 75
8342 19
8344 70
8355 26
8358 70
8366 0
8370 11
8375 24
8380 74
8384 29
8390 80
8393 58
8396 3
8404 95
8410 15
8412 19
8422 65
8424 87
8427 31
8432 18
8438 59
8440 81
8441 0
8449 85
8471 63
8485 28
8494 72
8496 14
8498 88
8502 97
8515 14
8521 72
8527 46
8535 15
8536 40
8545 16
8546 19
8549 1
8551 48
8557 44
8568 55
8569 76
8583 57
8592 57
8594 51
8603 83
8605 85
8608 41
8615 18
8617 80
8618 91
8626 40
8631 97
8632 40
8634 90
8637 43
8639 53
8649 11
8654 76
8667 95
8670 21
8672 75
8677 42
8678 58
8684 85
8688 12
8692 60
8695 42
8700 85
8712 11
8713 72
8718 19
8719 1
8720 7
8721 10
8725 39
8736 87
8742 98
8750 93
8754 35
8757 4
8761 57
8763 9
8774 88
8778 57
8780 44
8785 6
8791 26
8801 26
8802 67
8804 92
8805 65
8806 39
8808 85
8814 93
8816 75
8822 34
8827 95
8838 57
8840 59
8843 18
8844 40
8851 66
8857 23
8858 27
8862 88
8869 99
8871 99
8872 31
8890 92
8891 46
8899 97
8900 10
8902 6
8903 45
8908 58
8912 90
8916 56
8917 96
8918 15
8924 95
8930 8
8936 99
8940 79
8944 21
8948 39
8949 92
8956 54
8958 63
8963 77
8973 31
8974 40
8982 95
8984 43
8985 57
8992 82
8995 34
8998 23
9003 76
9004 38
9006 50
9016 73
9017 50
9018 12
9020 50
9023 81
9024 58
9027 17
9034 27
9040 82
9041 93
9042 51
9043 17
9046 40
9047 46
9050 62
9055 28
9065 92
9067 73
9070 7
9087 28
9096 64
9104 5
9111 99
9116 24
9119 84
9123 50
9126 80
9129 3
9130 51
9138 51
9139 27
9150 58
9151 83
9156 27
9162 17
9164 27
9171 25
9172 76
9174 82
9178 67
9186 62
9188 51
9191 25
9193 79
9195 77
9197 3
9198 69
9199 79
9210 60
9220 44
9223 6
9230 54
9234 2
9235 58
9236 7
9238 65
9242 26
9246 25
9250 4
9254 40
9256 88
9261 0
9262 24
9264 2
9269 20
9274 97
9280 61
9295 38
9303 94
9310 69
9312 22
9317 26
9323 34
9328 91
9337 32
9353 1
9356 61
9358 43
9361 78
9364 96
9365 45
9369 22
9372 39
9374 96
9380 75
9382 61
9383 23
9384 44
9387 25
9395 60
9397 99
9402 8
9404 36
9408 27
9409 2
9415 34
9416 43
9425 11
9427 81
9430 62
9435 6
9438 81
9453 89
9459 11
9468 7
9495 57
9497 42
9505 87
9506 42
9509 40
9511 89
9512 73
9518 96
9519 99
9526 38
9527 17
9530 69
9545 67
9546 23
9552 57
9553 28
9557 92
9558 21
9568 84
9571 88
9574 18
9579 36
9584 88
9586 21
9587 21
9588 72
9596 84
9604 99
9613 32
9624 50
9626 34
9631 98
9639 30
9642 19
9643 34
9646 62
9651 50
9658 90
9663 88
9664 50
9671 90
9675 77
9676 75
9678 98
9680 21
9682 82
9687 24
9688 66
9698 0
9699 92
9703 11
9716 44
9717 48
9718 47
9725 7
9728 77
9733 65
9734 32
9737 93
9745 11
9763 14
9770 72
9772 30
9774 85
9776 68
9778 1
9783 95
9785 34
9787 21
9793 75
9798 9
9829 93
9834 42
9850 62
9855 14
9863 3
9864 35
9867 77
9874 47
9885 22
9887 36
9895 98
9896 86
9897 36
9910 26
9911 43
9915 80
9918 50
9932 17
9933 28
9936 44
9938 92
9943 8
9945 30
9949 13
9959 65
9961 66
9965 58
9969 35
9976 50
9983 67
9988 77
9989 89
9997 98
9998 37
10004 68
10022 23
10024 63
10028 97
10031 43
10032 28
10034 28
10040 21
10046 61
10048 87
10068 82
10071 81
10073 7
10075 49
10076 14
10091 67
10094 99
10097 89
10098 79
10101 98
10106 25
10109 24
10135 12
10136 59
10141 23
10148 72
10155 26
10172 14
10174 31
10183 77
10201 93
10206 83
10208 70
10210 36
10219 90
10221 63
10226 41
10239 80
10241 86
10242 1
10256 60
10259 32
10265 25
10275 73
10276 80
10278 29
10280 91
10294 30
10300 15
10302 89
10304 90
10308 60
10309 62
10318 92
10330 88
10348 18
10355 37
10365 49
10370 16
10373 9
10386 64
10397 89
10412 81
10429 86
10449 58
10455 25
10458 91
10480 39
10486 87
10493 91
10495 60
10496 54
10504 85
10505 46
10508 93
10509 77
10510 4
10514 27
10521 93
10529 9
10541 88
10553 18
10555 41
10558 87
10567 85
10570 98
10571 18
10574 20
10577 35
10607 10
10611 51
10618 19
10627 13
10630 5
10632 47
10635 76
10643 12
10658 25
10659 44
10667 59
10668 62
10669 84
10673 0
10675 9
10678 68
10688 92
10692 26
10693 58
10696 30
10697 66
10703 66
10707 97
10709 63
10718 53
10719 62
10721 42
10722 30
10729 69
10730 87
10737 17
10738 13
10741 61
10742 12
10745 14
10746 6
10752 14
10757 28
10762 23
10769 70
10774 70
10776 2
10777 78
10778 98
10780 1
10784 15
10787 93
10790 81
10795 33
10804 21
10805 84
10809 4
10817 96
10824 10
10825 64
10828 61
10853 72
10862 71
10875 61
10887 92
10897 23
10898 14
10903 34
10908 44
10909 10
10914 0
10918 63
10919 79
10939 77
10950 40
10956 57
10967 44
10971 44
10983 11
10988 47
10994 19
11002 70
11004 15
11006 98
11008 62
11014 13
11019 21
11020 38
11023 48
11025 46
11031 71
11034 40
11035 23
11042 29
11054 94
11055 72
11059 48
11060 75
11063 50
11068 30
11070 80
11077 79
11094 37
11097 21
11104 31
11108 18
11110 3
11117 46
11118 94
11122 65
11130 65
11133 71
11147 12
11149 78
11152 39
11155 62
11156 45
11161 21
11164 16
11171 97
11172 9
11177 18
11186 75
11188 8
11193 50
11197 15
11198 16
11199 47
11200 45
11225 44
11226 59
11234 20
11236 77
11245 99
11250 16
11264 37
11266 47
11268 41
11269 63
11270 90
11273 73
11276 99
11282 50
11284 29
11285 58
11286 66
11291 35
11308 33
11318 41
11320 46
11322 17
11344 4
11360 44
11365 62
11367 35
11369 33
11376 86
11386 64
11387 75
11388 60
11389 1
11390 38
11398 98
11403 48
11417 18
11419 84
11422 83
11437 82
11438 20
11443 72
11445 9
11447 41
11448 53
11452 35
11454 81
11463 85
11465 15
11467 12
11471 41
11475 32
11477 59
11485 33
11490 37
11493 42
11497 67
11507 62
11510 73
11513 12
11515 19
11530 48
11532 5
11537 42
11541 28
11543 82
11548 23
11556 23
11563 8
11564 56
11572 49
11575 19
11576 11
11578 39
11580 16
11589 18
11591 43
11592 64
11593 68
11598 10
11600 36
11604 4
11605 22
11606 13
11622 56
11624 63
11625 57
11628 3
11629 32
11632 0
11637 94
11642 8
11656 16
11658 56
11659 80
11664 67
11665 27
11670 24
11672 54
11673 22
11682 37
11690 8
11698 0
11703 35
11704 68
11714 43
11716 18
11735 78
11742 84
11745 32
11747 29
11749 90
11752 93
11753 17
11754 89
11756 65
11768 86
11776 68
11777 26
11778 62
11795 58
11799 91
11801 32
11807 8
11821 15
11825 17
11828 75
11834 79
11835 23
11836 55
11849 72
11850 78
11851 78
11856 12
11867 22
11873 77
11876 78
11887 29
11899 84
11901 14
11903 1
11909 91
11921 59
11923 28
11928 70
11933 37
11937 96
11943 30
11944 75
11946 79
11949 74
11954 28
11961 26
11967 25
11969 42
11972 99
11977 10
11983 25
11987 33
11996 39
12002 76
12005 51
12009 50
12011 91
12020 38
12026 33
12027 77
12035 74
12036 27
12046 47
12056 58
12070 11
12077 0
12078 84
12079 6
12080 52
12085 60
12095 9
12096 33
12102 78
12104 40
12105 44
12108 27
12124 61
12131 82
12139 67
12145 68
12152 74
12156 34
12171 1
12172 6
12174 26
12178 18
12185 11
12186 99
12187 25
12188 23
12190 32
12192 12
12195 50
12200 74
12208 15
12212 31
12215 17
12218 23
12222 24
12225 20
12227 63
12234 70
12235 8
12241 90
12246 7
12252 25
12282 9
12283 89
12285 3
12288 34
12290 1
12294 77
12297 82
12298 93
12310 63
12312 85
12315 21
12316 87
12320 92
12321 22
12340 97
12342 37
12347 24
12349 46
12360 21
12375 20
12394 45
12400 40
12403 5
12406 83
12407 89
12411 90
12415 82
12418 23
12420 35
12428 33
12429 63
12448 95
12450 72
12453 22
12460 31
12473 73
12498 74
12501 17
12518 49
12520 62
12521 65
12525 11
12538 66
12543 99
12546 17
12549 13
12560 29
12561 73
12562 55
12564 51
12567 15
12585 16
12586 92
12591 87
12595 28
12603 38
12607 56
12614 87
12616 61
12620 13
12623 73
12624 4
12625 46
12631 11
12632 1
12637 66
12639 22
12640 5
12641 86
12642 40
12643 77
12645 13
12646 0
12649 18
12654 92
12655 63
12660 81
12664 25
12673 47
12681 96
12690 76
12691 83
12698 32
12712 96
12715 7
12717 58
12723 23
12730 50
12734 79
12736 6
12746 3
12759 88
12760 51
12763 62
12769 26
12775 91
12776 10
12777 16
12779 24
12780 13
12783 89
12793 26
12796 50
12804 56
12811 7
12820 33
12821 85
12830 50
12832 83
12836 23
12837 79
12850 2
12854 36
12865 38
12870 17
12871 31
12873 52
12893 30
12894 36
12896 42
12899 42
12906 90
12910 4
12917 68
12922 81
12928 72
12931 50
12933 15
12937 47
12953 43
12962 11
12967 71
12980 29
12986 93
12989 26
12994 92
12995 57
13002 18
13005 12
13006 96
13009 64
13020 86
13022 49
13025 54
13042 79
13044 35
13049 67
13050 35
13052 20
13056 74
13057 9
13058 31
13059 2
13063 65
13069 94
13076 69
13077 16
13078 12
13082 14
13083 18
13084 94
13088 10
13103 53
13112 50
13130 34
13131 77
13132 23
13134 67
13137 90
13141 12
13142 96
13153 98
13154 84
13159 20
13160 5
13163 38
13171 89
13173 98
13177 77
13183 87
13186 48
13188 97
13202 85
13210 91
13211 3
13218 60
13220 24
13223 54
13224 56
13229 86
13233 69
13239 82
13240 12
13242 75
13244 3
13246 64
13247 7
13249 0
13256 73
13259 65
13264 49
13290 82
13296 5
13298 85
13299 83
13303 5
13309 87
13311 48
13320 41
13321 32
13337 86
13351 21
13353 87
13355 85
13366 88
13379 39
13392 81
13399 92
13408 1
13425 93
13426 73
13436 43
13441 83
13461 62
13464 18
13467 65
13473 24
13483 79
13485 35
13486 26
13487 15
13489 87
13491 29
13495 35
13498 87
13499 12
13505 42
13508 38
13509 41
13516 47
13517 3
13519 67
13520 78
13538 11
13546 13
13554 58
13558 45
13562 31
13565 29
13573 78
13575 39
13583 11
13586 0
13587 68
13591 7
13593 66
13594 72
13610 8
13617 94
13619 81
13620 70
13636 12
13639 6
13648 83
13649 42
13653 8
13671 36
13686 79
13697 52
13701 15
13704 86
13706 23
13708 8
13723 50
13730 22
13732 45
13736 22
13739 7
13742 86
13746 62
13748 60
13758 26
13759 88
13761 64
13763 36
13768 31
13771 45
13789 10
13793 39
13797 72
13798 74
13801 65
13815 52
13819 16
13833 28
13834 59
13838 70
13840 89
13841 6
13846 75
13854 65
13856 95
13873 87
13880 73
13884 46
13891 17
13904 35
13905 68
13908 50
13909 34
13910 74
13913 70
13915 32
13928 86
13929 32
13931 24
13932 47
13933 75
13934 76
13938 83
13939 90
13941 94
13945 92
13949 52
13950 23
13965 64
13969 8
13970 90
13976 9
13983 42
14001 64
14002 87
14012 29
14034 99
14036 35
14037 96
14042 83
14043 59
14048 7
14052 45
14054 63
14059 9
14064 43
14065 7
14071 2
14081 59
14082 83
14086 15
14088 97
14092 35
14100 44
14105 13
14117 38
14120 85
14125 27
14130 71
14136 77
14137 12
14139 25
14141 22
14145 88
14146 20
14148 20
14155 2
14157 99
14158 85
14159 82
14163 57
14166 15
14167 61
14168 34
14172 10
14174 7
14176 9
14185 12
14186 75
14193 33
14195 72
14204 74
14212 48
14223 38
14225 26
14228 91
14229 94
14230 89
14240 21
14244 85
14245 73
14248 12
14253 36
14258 71
14261 54
14266 52
14273 18
14274 45
14275 71
14277 18
14284 81
14286 18
14289 78
14295 56
14298 86
14304 93
14311 43
14312 77
14315 50
14319 73
14320 67
14321 3
14329 98
14338 76
14348 5
14349 88
14357 31
14358 26
14373 12
14374 66
14379 90
14382 33
14386 38
14388 2
14395 42
14402 55
14410 61
14411 86
14415 99
14419 65
14422 16
14432 39
14439 49
14440 46
14444 25
14447 62
14449 46
14451 93
14452 89
14456 55
14465 5
14466 25
14485 28
14490 23
14494 13
14497 2
14500 83
14502 49
14503 26
14513 98
14515 85
14518 51
14525 8
14527 72
14530 57
14533 98
14534 2
14536 53
14539 67
14553 44
14555 86
14557 77
14559 77
14562 91
14572 12
14573 44
14579 25
14585 75
14586 76
14593 67
14602 84
14606 35
14609 82
14615 37
14618 26
14622 64
14624 7
14627 93
14638 87
14640 82
14642 76
14645 96
14648 31
14650 91
14657 23
14659 40
14665 90
14667 87
14671 33
14672 26
14683 45
14696 23
14706 17
14709 81
14718 75
14720 38
14728 20
14730 8
14734 28
14741 74
14743 33
14751 31
14754 45
14759 59
14763 67
14770 13
14771 32
14777 87
14781 46
14782 47
14791 32
14796 67
14818 0
14819 68
14821 82
14822 41
14824 43
14830 33
14841 65
14846 54
14858 34
14859 90
14860 70
14861 57
14863 9
14874 69
14879 98
14880 49
14884 36
14885 71
14894 70
14895 39
14902 10
14903 9
14905 62
14912 59
14922 32
14924 68
14925 82
14927 26
14931 76
14934 30
14938 95
14940 48
14948 22
14955 73
14956 76
14957 14
14958 40
14963 8
14989 62
15002 63
15004 76
15006 9
15013 32
15016 29
15018 20
15024 81
15025 30
15035 84
15036 68
15046 27
15051 39
15059 84
15060 5
15080 67
15083 30
15090 69
15095 29
15098 17
15101 25
15107 84
15112 24
15124 58
15125 91
15128 85
15130 36
15138 45
15147 62
15148 97
15154 7
15158 4
15159 78
15161 48
15163 11
15164 26
15166 45
15175 43
15180 55
15199 29
15215 94
15216 55
15220 98
15234 80
15236 81
15238 28
15246 7
15248 74
15249 39
15274 57
15293 97
15304 88
15313 25
15316 18
15317 47
15321 79
15322 96
15325 9
15331 94
15344 26
15346 5
15351 26
15365 47
15366 2
15368 58
15371 12
15374 3
15394 15
15397 22
15404 95
15406 22
15409 65
15412 55
15413 83
15415 68
15419 71
15428 65
15438 39
15442 89
15443 48
15463 78
15473 86
15474 98
15475 78
15484 49
15488 16
15497 99
15501 87
15506 24
15511 47
15514 15
15517 4
15519 80
15521 29
15526 65
15535 3
15537 59
15551 55
15557 81
15558 76
15561 91
15562 91
15564 78
15566 80
15571 24
15574 24
15576 37
15578 0
15600 33
15613 34
15616 58
15626 24
15645 3
15651 74
15654 10
15659 69
15660 47
15662 6
15664 36
15677 44
15678 89
15683 18
15688 40
15689 53
15692 8
15694 33
15701 22
15702 55
15705 19
15706 84
15709 83
15712 46
15713 58
15714 90
15718 29
15722 76
15725 73
15730 28
15738 94
15740 34
15752 1
15758 33
15764 88
15765 75
15769 77
15780 70
15782 36
15784 12
15800 18
15802 44
15806 99
15822 45
15823 71
15828 80
15836 8
15841 50
15852 83
15854 59
15866 45
15869 83
15872 47
15875 75
15896 74
15900 23
15903 10
15906 69
15907 96
15913 61
15916 4
15919 36
15932 16
15943 27
15951 49
15955 6
15959 67
15960 50
15961 49
15963 20
15967 31
15973 85
15976 89
15977 58
15983 68
16002 5
16004 26
16009 85
16011 13
16013 2
16016 67
16019 74
16020 23
16023 8
16025 6
16026 55
16029 36
16033 18
16037 78
16038 85
16039 34
16041 39
16042 92
16045 81
16046 9
16055 74
16060 35
16061 23
16062 58
16089 80
16098 12
16099 3
16105 18
16108 66
16112 48
16113 66
16125 81
16126 83
16127 19
16130 82
16131 35
16132 13
16138 83
16141 42
16162 65
16168 54
16170 7
16175 98
16176 21
16183 50
16185 48
16186 48
16192 77
16200 22
16210 12
16211 58
16218 13
16220 41
16227 96
16229 99
16240 62
16241 94
16246 92
16250 57
16259 9
16267 51
16270 74
16277 89
16281 54
16284 57
16285 40
16286 89
16288 38
16289 81
16299 54
16301 26
16324 47
16331 20
16335 48
16342 48
16345 52
16352 28
16353 59
16354 44
16358 38
16368 9
16373 59
16375 10
16392 66
16415 60
16419 14
16439 10
16440 62
16447 76
16451 73
16456 12
16457 21
16465 74
16471 35
16477 64
16483 68
16485 6
16493 75
16500 42
16504 27
16505 61
16508 7
16515 93
16521 29
16525 51
16533 1
16538 35
16544 68
16547 14
16557 44
16560 50
16574 63
16583 42
16586 17
16592 35
16597 19
16599 14
16605 39
16607 34
16614 51
16618 62
16619 43
16621 47
16622 19
16627 46
16638 63
16649 17
16651 9
16657 78
16659 33
16661 28
16679 48
16680 99
16685 28
16693 77
16694 38
16704 29
16707 96
16710 74
16715 49
16719 71
16722 97
16726 79
16733 52
16744 86
16745 81
16757 64
16762 32
16763 25
16771 19
16780 91
16785 86
16800 76
16806 27
16810 47
16811 7
16814 24
16816 75
16821 74
16823 34
16832 19
16839 61
16848 39
16854 14
16861 43
16865 29
16882 57
16884 76
16896 31
16899 98
16913 67
16919 24
16920 24
16925 51
16926 90
16932 60
16937 71
16943 1
16948 84
16949 2
16952 60
16962 5
16968 19
16973 19
16979 75
16982 13
16986 43
16991 33
16992 27
16995 28
17002 96
17029 25
17030 25
17032 43
17035 75
17036 59
17048 29
17052 67
17053 16
17057 16
17058 26
17068 30
17075 90
17082 69
17088 75
17098 8
17102 59
17105 66
17122 92
17127 57
17128 65
17139 21
17155 60
17162 20
17166 11
17168 5
17170 78
17171 30
17180 58
17186 73
17188 12
17195 95
17197 83
17202 0
17205 7
17208 89
17215 17
17221 73
17230 98
17238 63
17240 61
17241 22
17248 65
17250 93
17256 71
17257 21
17265 65
17271 53
17275 82
17287 4
17292 53
17293 66
17295 53
17303 10
17305 80
17307 61
17313 38
17316 79
17320 90
17323 67
17326 50
17328 97
17339 41
17341 27
17348 18
17349 0
17350 78
17352 81
17354 98
17358 83
17365 61
17367 52
17369 59
17373 81
17376 81
17382 57
17384 65
17385 86
17386 35
17387 39
17388 72
17392 27
17394 34
17396 77
17402 23
17412 41
17413 21
17414 67
17418 45
17422 98
17423 69
17426 99
17427 47
17445 89
17454 0
17463 68
17475 51
17479 97
17486 3
17487 2
17488 15
17500 21
17511 9
17516 35
17519 56
17520 82
17525 19
17535 36
17540 51
17549 27
17552 92
17557 73
17558 36
17563 31
17565 51
17572 26
17573 65
17585 51
17590 46
17612 50
17618 39
17620 28
17624 9
17627 85
17644 52
17650 48
17661 60
17670 46
17675 51
17678 74
17683 52
17689 12
17693 26
17694 37
17699 94
17700 27
17704 39
17718 37
17719 70
17742 58
17744 86
17754 4
17758 52
17760 60
17765 88
17767 62
17776 25
17780 56
17782 61
17789 90
17790 48
17792 17
17802 22
17808 8
17812 10
17816 7
17826 40
17831 51
17834 45
17837 54
17838 38
17843 18
17845 95
17846 7
17851 90
17855 85
17861 44
17871 48
17890 89
17891 29
17901 27
17903 83
17905 82
17908 57
17914 0
17915 15
17916 30
17929 72
17931 14
17933 67
17934 51
17940 62
17946 55
17950 27
17954 41
17956 54
17962 8
17965 10
17967 18
17972 99
17973 32
17975 32
17980 70
17981 72
17985 9
17987 68
17994 94
17996 83
18006 8
18009 78
18018 25
18020 24
18022 80
18026 59
18029 55
18034 92
18039 79
18041 5
18049 66
18055 53
18060 60
18069 59
18074 88
18075 41
18079 90
18082 66
18088 30
18090 39
18092 30
18095 10
18097 90
18104 27
18117 5
18122 43
18133 16
18135 88
18139 13
18155 88
18177 35
18190 31
18191 62
18195 67
18199 41
18205 38
18208 11
18213 7
18224 57
18225 83
18226 86
18229 44
18232 12
18250 44
18258 43
18262 19
18268 63
18274 6
18279 71
18283 31
18286 39
18301 19
18314 12
18317 60
18320 69
18322 6
18325 24
18327 40
18328 36
18336 71
18339 76
18340 94
18347 31
18356 30
18357 22
18361 68
18378 52
18398 82
18400 30
18407 33
18414 49
18417 44
18423 85
18425 80
18426 88
18432 29
18437 47
18441 45
18443 68
18449 23
18450 21
18472 79
18473 89
18476 29
18488 2
18493 85
18500 6
18503 92
18504 43
18506 64
18507 49
18519 82
18531 5
18538 43
18549 80
18554 64
18556 36
18566 81
18572 0
18581 99
18584 79
18595 2
18605 76
18606 32
18610 25
18615 37
18621 54
18622 15
18623 99
18633 57
18638 10
18644 7
18646 86
18657 10
18671 94
18675 83
18680 86
18687 40
18694 22
18695 52
18697 3
18699 74
18706 72
18715 98
18728 53
18729 57
18738 53
18755 43
18756 34
18758 14
18762 18
18764 91
18771 76
18784 29
18789 45
18793 25
18794 50
18796 30
18799 62
18801 26
18808 90
18810 59
18813 85
18816 59
18828 76
18847 86
18849 98
18850 83
18853 36
18854 27
18855 39
18861 62
18862 39
18872 29
18876 73
18881 87
18882 41
18890 4
18891 27
18896 43
18898 48
18900 60
18901 96
18909 36
18915 57
18918 32
18925 60
18942 50
18946 59
18953 5
18954 89
18964 73
18968 97
18969 16
18971 28
18980 82
18983 16
18986 14
18988 40
18997 39
19005 63
19006 74
19010 53
19014 68
19018 87
19022 87
19028 63
19038 81
19040 88
19049 75
19059 25
19060 55
19064 2
19068 74
19069 78
19070 53
19073 51
19074 39
19076 13
19088 46
19094 30
19100 90
19106 76
19111 61
19121 15
19123 45
19128 83
19137 58
19138 50
19144 62
19149 30
19157 87
19160 52
19174 29
19184 63
19186 69
19188 3
19226 21
19230 40
19236 15
19251 25
19274 43
19278 45
19289 68
19290 24
19292 0
19301 63
19302 75
19310 60
19327 53
19332 23
19336 9
19337 8
19339 84
19344 66
19345 70
19352 20
19356 68
19368 36
19372 8
19376 88
19377 63
19382 71
19385 16
19387 56
19389 74
19391 69
19399 57
19400 46
19404 63
19412 6
19413 85
19420 33
19424 95
19425 11
19426 71
19433 17
19436 73
19450 69
19453 90
19454 67
19465 57
19476 4
19478 38
19483 45
19490 68
19492 83
19498 78
19502 81
19504 72
19510 70
19511 45
19512 98
19520 92
19524 54
19548 66
19549 17
19550 62
19554 65
19556 81
19559 44
19565 30
19566 62
19570 75
19579 56
19582 19
19583 29
19590 63
19597 68
19602 73
19609 94
19610 48
19613 37
19617 27
19621 40
19623 69
19638 79
19650 81
19656 0
19657 25
19672 16
19673 89
19676 25
19687 67
19693 91
19694 53
19698 42
19699 27
19702 38
19707 89
19709 4
19714 64
19720 6
19721 41
19722 35
19723 60
19728 31
19729 23
19738 90
19741 18
19744 61
19745 10
19747 43
19748 85
19753 81
19754 4
19755 82
19761 91
19763 54
19766 24
19767 73
19780 37
19783 57
19798 5
19800 1
19807 44
19810 32
19811 7
19822 64
19827 31
19829 30
19833 13
19837 42
19839 68
19841 35
19845 40
19850 84
19859 81
19863 26
19871 0
19890 83
19893 17
19898 5
19901 8
19912 61
19919 98
19953 94
19955 72
19957 24
19959 96
19967 24
19970 42
19972 47
19973 92
19976 46
19979 95
19980 79
19985 31
19988 5
20002 2
20005 60
20009 46
20019 8
20026 92
20030 99
20035 12
20050 23
20054 70
20057 49
20063 0
20066 58
20067 39
20069 45
20072 3
20073 2
20080 9
20085 67
20086 11
20089 12
20091 64
20100 31
20101 10
20107 52
20112 64
20113 36
20114 47
20124 66
20128 30
20133 99
20134 3
20147 10
20156 91
20162 65
20166 16
20169 90
20171 32
20180 54
20185 29
20200 59
20212 88
20216 84
20221 90
20224 23
20231 90
20236 20
20239 93
20242 4
20245 3
20252 89
20253 68
20254 85
20263 76
20267 63
20282 93
20284 8
20306 67
20313 62
20321 40
20330 98
20332 9
20335 68
20337 11
20344 29
20346 30
20354 83
20369 26
20370 51
20371 62
20373 17
20376 13
20381 56
20382 25
20384 79
20386 62
20390 29
20396 58
20401 89
20403 85
20406 57
20412 89
20416 15
20420 29
20424 63
20434 16
20444 89
20453 43
20454 35
20455 96
20458 34
20459 98
20464 48
20472 21
20474 86
20482 72
20486 1
20489 34
20490 33
20492 52
20497 78
20502 45
20504 28
20511 24
20512 53
20520 50
20538 15
20539 72
20541 81
20542 94
20549 6
20550 8
20553 48
20555 41
20557 89
20559 51
20560 86
20562 24
20569 73
20574 13
20576 61
20579 89
20582 32
20591 36
20593 26
20594 85
20599 8
20601 10
20603 55
20604 1
20607 89
20613 71
20616 31
20618 50
20620 77
20628 60
20629 18
20632 52
20635 66
20641 54
20642 66
20643 1
20644 54
20650 9
20652 77
20657 56
20660 29
20665 52
20671 99
20673 23
20678 50
20679 39
20687 3
20690 13
20694 70
20695 97
20698 54
20700 17
20705 21
20713 72
20715 36
20716 85
20717 75
20722 42
20734 78
20741 28
20743 2
20746 45
20749 59
20752 61
20754 75
20762 32
20765 88
20773 15
20777 14
20787 41
20791 87
20793 87
20801 26
20808 15
20809 47
20811 14
20819 0
20821 90
20825 17
20827 74
20830 99
20832 18
20834 44
20842 41
20854 94
20860 49
20861 55
20867 15
20874 79
20882 60
20889 39
20893 81
20894 71
20897 73
20898 22
20926 6
20932 85
20937 48
20940 90
20942 16
20954 38
20960 64
20962 52
20964 19
20965 78
20968 16
20977 43
20985 8
20993 71
21000 75
21001 48
21005 94
21009 5
21013 8
21028 77
21030 72
21035 79
21040 27
21051 52
21056 39
21057 76
21071 74
21080 91
21081 69
21082 29
21088 73
21116 74
21136 94
21141 77
21149 94
21152 15
21157 67
21162 95
21164 91
21183 7
21187 24
21191 55
21197 83
21198 91
21200 9
21206 29
21208 84
21212 6
21213 50
21226 63
21232 12
21235 13
21238 1
21240 2
21246 67
21249 21
21262 83
21269 44
21272 28
21282 93
21285 85
21296 21
21297 46
21300 22
21303 11
21315 33
21319 23
21320 18
21322 78
21328 68
21329 65
21334 70
21335 56
21341 62
21355 57
21366 29
21372 14
21380 75
21385 55
21392 53
21393 23
21395 83
21396 70
21402 74
21410 33
21411 95
21413 53
21414 17
21424 46
21428 23
21433 28
21435 51
21439 34
21445 72
21446 66
21448 24
21452 49
21456 81
21459 16
21464 7
21466 29
21467 78
21469 57
21480 28
21481 70
21485 85
21488 2
21489 1
21490 88
21524 34
21525 35
21526 68
21527 65
21528 49
21529 51
21535 99
21536 45
21537 62
21547 56
21549 22
21559 30
21573 92
21584 64
21586 86
21597 39
21607 2
21609 15
21614 72
21626 82
21628 22
21639 22
21647 40
21651 72
21655 81
21657 31
21658 84
21661 38
21667 73
21668 86
21670 14
21674 13
21678 43
21679 32
21684 52
21685 84
21686 82
21687 87
21693 17
21698 71
21701 25
21718 58
21736 38
21737 0
21738 10
21746 55
21747 42
21753 23
21757 47
21763 0
21769 28
21774 20
21789 77
21792 86
21802 36
21809 67
21811 61
21812 90
21815 95
21816 69
21817 30
21832 84
21842 37
21848 28
21849 74
21850 35
21854 65
21860 18
21867 19
21882 57
21899 3
21906 25
21908 93
21909 34
21913 74
21921 95
21924 61
21927 72
21929 51
21930 85
21935 77
21946 47
21947 82
21949 72
21958 52
21959 39
21961 6
21967 99
21970 98
21971 29
21979 77
21981 81
21985 30
21986 57
21991 49
21993 83
21997 85
22004 31
22008 93
22022 50
22024 84
22029 68
22032 38
22033 42
22039 5
22046 78
22048 69
22055 31
22056 37
22067 43
22072 83
22073 91
22082 87
22087 37
22092 29
22108 30
22109 48
22114 72
22120 24
22123 49
22124 93
22125 73
22131 50
22133 88
22136 24
22153 76
22154 83
22159 22
22160 5
22163 26
22167 87
22172 99
22176 93
22180 86
22184 11
22188 18
22196 51
22199 89
22205 31
22214 0
22215 62
22216 95
22218 43
22219 45
22221 72
22224 41
22232 38
22233 94
22248 66
22259 9
22260 7
22265 85
22266 75
22283 5
22296 68
22301 33
22312 85
22315 52
22318 86
22322 42
22323 66
22330 48
22332 60
22333 29
22338 31
22340 22
22344 28
22351 27
22354 74
22358 49
22360 64
22375 48
22378 20
22400 52
22402 26
22414 77
22415 42
22416 92
22418 83
22420 9
22423 85
22424 94
22436 92
22439 54
22440 93
22441 72
22452 90
22453 5
22454 43
22456 2
22459 86
22462 57
22463 45
22466 87
22472 18
22477 64
22483 1
22485 30
22490 99
22502 7
22509 89
22517 65
22521 94
22523 93
22533 30
22539 27
22541 65
22542 58
22551 3
22560 95
22567 35
22568 18
22572 75
22574 86
22576 52
22578 81
22579 27
22588 94
22589 87
22591 81
22602 92
22603 82
22612 39
22614 59
22630 58
22635 26
22637 0
22642 97
22647 26
22660 89
22664 35
22665 10
22666 45
22670 73
22675 14
22678 13
22683 66
22686 0
22693 25
22702 11
22705 28
22708 75
22727 62
22730 80
22732 13
22746 93
22748 83
22750 11
22751 54
22756 81
22760 21
22771 27
22772 34
22774 8
22781 79
22782 54
22784 83
22787 24
22788 30
22791 82
22797 79
22801 54
22809 84
22818 72
22820 23
22821 66
22824 84
22828 71
22832 39
22833 87
22838 14
22840 19
22854 69
22856 78
22857 78
22858 84
22868 94
22869 68
22876 87
22879 42
22880 66
22882 58
22889 57
22890 15
22897 42
22901 55
22904 4
22908 82
22910 84
22911 94
22916 37
22922 57
22924 99
22929 12
22933 99
22934 85
22946 4
22947 50
22951 14
22952 43
22964 1
22967 87
22982 61
22983 88
22985 73
22988 58
22990 48
22991 47
22993 2
22999 59
23003 11
23008 22
23017 35
23020 68
23029 53
23034 94
23038 69
23047 0
23050 15
23053 46
23067 20
23072 67
23074 15
23078 51
23092 80
23097 84
23102 68
23109 7
23116 76
23121 91
23137 63
23140 32
23142 23
23145 54
23147 43
23153 50
23157 7
23166 91
23171 68
23181 26
23188 38
23198 84
23201 82
23203 85
23212 78
23216 61
23217 67
23227 36
23229 79
23233 14
23238 8
23243 21
23245 64
23247 73
23256 30
23259 31
23264 14
23265 3
23266 6
23273 81
23278 30
23287 78
23288 37
23289 84
23293 61
23297 27
23300 82
23302 69
23303 71
23307 34
23313 51
23316 74
23318 47
23321 32
23332 89
23333 7
23335 82
23336 73
23342 54
23346 2
23347 6
23349 30
23356 97
23359 57
23360 58
23364 5
23371 58
23377 95
23379 99
23383 18
23385 75
23389 30
23391 56
23396 61
23398 55
23408 40
23416 99
23419 61
23421 36
23428 58
23436 34
23439 81
23449 52
23451 73
23455 25
23468 27
23473 76
23476 73
23477 49
23482 76
23486 40
23488 96
23494 39
23498 66
23506 39
23507 31
23508 62
23516 22
23517 65
23519 86
23521 71
23525 30
23532 13
23533 25
23537 46
23546 73
23550 27
23551 57
23557 44
23564 48
23566 15
23573 72
23576 25
23587 45
23589 75
23594 46
23599 88
23601 62
23612 11
23614 55
23624 65
23630 44
23631 72
23633 11
23635 89
23636 59
23637 2
23647 47
23655 54
23657 18
23662 22
23667 15
23669 76
23670 97
23676 97
23677 3
23684 5
23698 27
23701 89
23702 37
23705 38
23709 58
23714 17
23715 14
23716 84
23729 19
23739 14
23743 18
23749 91
23750 32
23759 29
23761 48
23771 63
23777 75
23779 46
23781 6
23782 9
23790 87
23792 96
23793 62
23801 40
23818 88
23826 12
23830 82
23833 53
23836 21
23844 81
23845 27
23849 14
23851 64
23852 11
23853 13
23854 23
23861 85
23872 10
23875 45
23877 44
23878 83
23879 14
23884 27
23888 52
23905 95
23907 55
23908 76
23914 51
23915 5
23917 58
23921 3
23926 75
23931 99
23934 85
23937 89
23942 54
23946 58
23956 35
23959 36
23968 39
23997 1
24004 11
24017 81
24018 5
24025 50
24028 66
24033 42
24035 17
24036 97
24051 85
24054 3
24057 49
24063 1
24070 95
24080 83
24085 6
24096 68
24100 45
24102 21
24106 99
24110 31
24115 31
24116 26
24120 47
24124 63
24131 7
24132 90
24140 10
24142 89
24154 72
24162 14
24173 22
24180 98
24186 92
24190 48
24195 54
24207 73
24214 65
24215 62
24220 3
24225 68
24226 86
24230 81
24233 70
24236 49
24237 89
24241 62
24245 95
24257 74
24273 45
24275 57
24278 38
24286 39
24290 54
24292 91
24300 50
24301 8
24302 38
24305 31
24307 24
24309 24
24314 7
24317 52
24323 10
24325 62
24326 44
24328 78
24333 98
24351 86
24359 25
24365 62
24370 62
24371 68
24374 74
24376 55
24383 95
24390 22
24394 69
24409 66
24416 59
24420 54
24424 8
24425 63
24426 56
24432 44
24433 11
24436 13
24445 10
24447 36
24449 5
24453 4
24455 6
24456 70
24463 68
24465 51
24468 56
24470 4
24481 89
24486 87
24487 46
24494 87
24502 1
24509 92
24514 6
24519 2
24524 15
24528 88
24530 34
24531 52
24532 88
24535 6
24537 23
24545 61
24546 38
24551 65
24555 75
24565 44
24567 11
24568 94
24570 52
24577 10
24583 22
24593 30
24603 24
24608 87
24609 46
24610 15
24616 60
24619 54
24623 14
24629 49
24630 41
24645 6
24652 5
24654 54
24667 79
24681 18
24684 81
24686 26
24688 9
24692 7
24694 15
24696 2
24701 25
24703 30
24714 21
24726 30
24727 43
24729 39
24730 95
24733 46
24742 64
24750 3
24751 33
24754 38
24762 26
24764 72
24767 47
24768 69
24769 15
24770 44
24785 10
24788 4
24791 44
24794 45
24799 7
24802 74
24805 66
24810 58
24815 20
24821 51
24825 54
24829 29
24830 25
24834 62
24843 64
24847 39
24855 66
24863 82
24873 97
24878 85
24881 95
24884 98
24885 72
24886 54
24895 29
24897 21
24898 97
24900 29
24901 49
24905 72
24906 6
24913 45
24914 39
24915 94
24919 55
24922 55
24932 50
24941 3
24957 4
24958 39
24967 79
24971 70
24973 9
24988 3
24994 56
24995 82
24999 68
25000 83
25002 95
25008 11
25009 37
25013 77
25015 19
25017 22
25018 5
25022 99
25027 79
25030 92
25039 71
25040 2
25043 97
25045 97
25047 99
25056 35
25059 18
25060 46
25061 34
25062 35
25066 31
25067 31
25068 39
25071 91
25077 72
25078 79
25080 67
25085 44
25106 61
25118 79
25122 27
25123 4
25135 52
25136 85
25143 87
25144 27
25157 71
25168 28
25178 12
25179 90
25184 69
25185 28
25192 30
25203 42
25208 74
25214 61
25234 75
25235 67
25242 93
25249 46
25251 57
25260 17
25270 70
25294 25
25295 55
25298 30
25301 70
25302 1
25306 66
25308 86
25309 94
25310 39
25311 91
25315 22
25321 35
25328 69
25330 81
25334 53
25339 92
25340 21
25344 91
25351 90
25363 88
25364 82
25365 78
25368 55
25371 99
25375 90
25376 66
25380 18
25401 60
25402 98
25404 39
25412 39
25421 32
25434 27
25441 33
25459 49
25460 8
25461 0
25464 78
25478 79
25489 34
25493 9
25498 63
25500 22
25502 42
25513 40
25515 25
25520 39
25521 1
25530 15
25531 93
25532 18
25536 99
25539 50
25546 48
25550 73
25553 32
25557 36
25562 39
25567 49
25585 3
25595 89
25600 11
25605 73
25607 90
25614 55
25618 50
25620 85
25622 20
25632 61
25633 62
25638 28
25639 61
25640 73
25645 19
25648 5
25649 19
25656 81
25658 91
25661 0
25663 25
25673 47
25678 39
25680 76
25693 89
25699 93
25708 15
25717 5
25718 11
25724 2
25727 22
25731 3
25742 33
25759 26
25766 37
25767 19
25768 95
25774 39
25775 86
25779 55
25782 24
25791 27
25793 97
25804 64
25806 43
25814 6
25820 43
25824 39
25826 49
25833 17
25841 0
25853 89
25858 36
25859 85
25860 62
25862 54
25864 49
25867 57
25868 80
25872 13
25877 47
25878 16
25880 22
25881 1
25888 4
25889 35
25890 84
25892 72
25894 72
25898 88
25901 60
25912 55
25924 99
25936 25
25939 30
25943 36
25944 92
25946 58
25949 66
25952 11
25959 55
25968 83
25970 91
25971 24
25972 5
25978 34
25980 84
25982 51
25984 87
25995 40
26005 65
26007 41
26008 9
26010 96
26013 40
26019 21
26020 82
26024 64
26028 59
26036 21
26045 97
26048 28
26057 25
26059 15
26062 63
26067 73
26072 56
26082 31
26086 84
26088 92
26093 86
26098 97
26106 36
26109 76
26112 75
26116 26
26122 54
26123 69
26127 76
26129 8
26130 10
26139 88
26141 51
26144 41
26147 35
26149 91
26150 72
26159 48
26167 14
26168 46
26171 29
26172 56
26173 84
26175 9
26176 77
26177 29
26183 52
26188 25
26193 68
26194 2
26196 23
26202 1
26204 75
26211 47
26214 0
26220 57
26221 67
26229 46
26233 86
26243 71
26248 74
26251 72
26252 57
26253 9
26261 89
26269 97
26270 48
26280 56
26281 92
26282 74
26297 61
26298 21
26306 9
26312 0
26313 47
26317 71
26325 74
26331 30
26335 34
26340 42
26351 45
26366 38
26369 57
26385 34
26387 21
26388 82
26392 15
26393 44
26399 60
26400 83
26401 13
26402 68
26403 28
26407 72
26411 7
26412 26
26414 10
26415 46
26418 19
26419 14
26421 28
26424 87
26426 94
26439 38
26440 59
26443 61
26446 97
26448 69
26454 60
26455 61
26457 48
26463 3
26464 79
26465 87
26479 24
26482 0
26483 62
26488 53
26492 37
26495 31
26499 35
26503 88
26510 69
26514 91
26517 7
26520 66
26534 19
26535 10
26545 64
26549 91
26556 48
26557 6
26559 91
26563 17
26566 18
26567 17
26568 2
26570 88
26576 53
26579 2
26581 95
26582 66
26584 85
26586 35
26588 81
26589 63
26600 20
26608 8
26615 33
26626 45
26635 45
26638 51
26643 2
26653 8
26655 2
26657 97
26667 91
26668 5
26671 0
26678 0
26683 23
26684 63
26687 17
26688 60
26690 37
26691 70
26694 79
26696 15
26703 46
26705 88
26708 57
26711 95
26712 8
26713 3
26719 38
26735 65
26737 66
26738 16
26746 66
26747 54
26755 47
26761 48
26776 51
26783 57
26794 87
26796 40
26798 99
26800 62
26802 84
26804 94
26807 31
26812 65
26818 17
26825 59
26827 64
26828 80
26830 50
26831 3
26841 57
26858 4
26860 77
26862 42
26863 87
26870 23
26878 89
26880 0
26891 29
26896 58
26897 19
26901 59
26904 7
26908 43
26909 15
26911 8
26913 57
26930 49
26932 80
26935 60
26936 58
26937 19
26948 77
26950 94
26956 10
26959 73
26960 61
26968 51
26969 17
26970 3
26978 45
26982 30
26984 59
26988 8
26997 77
27000 74
27010 62
27013 93
27018 66
27020 71
27021 6
27027 41
27028 28
27031 53
27044 51
27052 33
27063 48
27079 66
27085 22
27092 51
27093 68
27102 6
27104 81
27107 25
27121 35
27122 92
27126 69
27132 69
27134 70
27136 15
27138 4
27148 54
27160 27
27162 53
27165 17
27170 20
27173 61
27177 12
27182 19
27188 7
27196 10
27198 97
27208 20
27213 43
27215 22
27219 16
27221 54
27231 87
27234 48
27236 52
27243 87
27247 44
27254 5
27255 55
27257 5
27259 73
27264 0
27265 67
27266 57
27267 86
27271 36
27275 9
27276 76
27277 32
27278 87
27282 46
27288 31
27296 80
27301 97
27305 96
27307 27
27310 77
27311 56
27313 46
27330 72
27333 14
27344 22
27356 94
27369 66
27375 22
27389 1
27403 28
27408 58
27411 63
27412 34
27419 38
27420 25
27421 81
27424 14
27429 74
27430 17
27431 66
27432 38
27445 38
27453 7
27456 26
27457 61
27462 96
27464 92
27467 28
27495 66
27500 56
27501 78
27507 82
27512 82
27513 37
27524 73
27528 61
27534 84
27546 63
27547 3
27548 9
27551 47
27554 23
27556 4
27557 41
27558 96
27560 18
27565 9
27567 4
27569 49
27571 73
27591 15
27598 99
27601 86
27609 55
27611 72
27613 65
27616 70
27623 27
27627 0
27635 4
27636 50
27646 4
27654 20
27660 89
27663 52
27664 8
27668 8
27669 38
27670 68
27680 98
27691 91
27695 49
27698 99
27712 85
27715 99
27717 36
27741 95
27744 24
27747 31
27748 90
27750 93
27758 96
27763 16
27765 75
27770 93
27779 16
27783 90
27786 89
27792 90
27794 89
27797 40
27801 77
27802 0
27810 91
27811 92
27815 10
27818 34
27822 81
27824 97
27825 78
27833 39
27842 4
27843 92
27847 67
27852 13
27854 26
27855 96
27858 46
27860 32
27862 58
27875 31
27881 91
27882 21
27884 92
27887 22
27897 47
27902 12
27905 16
27909 97
27911 21
27912 58
27918 49
27923 34
27930 63
27942 66
27952 10
27957 91
27974 61
27979 72
27981 72
27984 30
27989 14
27997 50
27999 99
28009 12
28015 51
28019 17
28020 31
28025 62
28041 97
28043 42
28048 29
28054 79
28059 28
28068 83
28074 0
28076 47
28077 59
28079 26
28085 18
28103 4
28106 82
28109 36
28113 61
28114 19
28115 6
28120 13
28129 56
28132 0
28133 53
28147 88
28151 11
28152 93
28159 74
28161 21
28162 11
28165 69
28191 33
28203 92
28206 40
28207 18
28208 66
28215 3
28217 94
28220 90
28223 87
28228 53
28232 79
28233 25
28235 27
28239 59
28240 57
28242 75
28250 44
28259 71
28265 12
28268 57
28269 57
28283 99
28290 19
28296 14
28301 93
28302 12
28303 45
28306 75
28308 41
28309 76
28314 20
28315 8
28316 19
28319 38
28321 57
28325 33
28330 75
28334 48
28338 32
28343 83
28346 37
28348 83
28354 38
28361 21
28372 56
28373 55
28376 98
28377 2
28379 25
28380 64
28399 5
28400 89
28408 80
28412 99
28414 22
28418 40
28420 77
28425 46
28426 46
28430 15
28439 35
28443 51
28454 48
28456 60
28461 32
28463 65
28465 53
28470 24
28476 25
28477 22
28482 52
28489 39
28502 77
28520 9
28523 99
28536 33
28538 81
28545 49
28550 50
28569 86
28572 74
28576 85
28578 9
28579 21
28580 76
28585 82
28587 35
28595 55
28600 94
28603 32
28617 60
28623 76
28631 65
28639 6
28648 7
28651 90
28656 53
28664 92
28671 99
28672 0
28674 87
28675 93
28676 91
28678 90
28684 9
28692 93
28697 38
28698 53
28700 14
28704 69
28705 59
28710 17
28714 43
28726 60
28728 8
28729 58
28730 90
28745 86
28749 42
28750 93
28757 59
28764 2
28775 65
28779 50
28788 93
28789 77
28794 8
28796 39
28803 15
28807 20
28808 39
28810 21
28812 23
28822 93
28835 98
28845 36
28850 60
28868 49
28873 22
28878 95
28879 74
28883 47
28884 1
28886 47
28888 13
28889 87
28892 48
28893 2
28900 69
28909 97
28921 65
28927 6
28938 53
28941 16
28946 44
28948 99
28950 64
28953 7
28971 3
28978 8
28985 76
28986 84
28995 85
28997 34
28999 69
29000 23
29004 90
29005 59
29007 7
29011 46
29012 72
29017 84
29018 15
29023 73
29028 26
29037 67
29040 83
29041 92
29046 42
29050 22
29055 79
29057 68
29063 24
29066 40
29073 17
29075 84
29079 99
29082 13
29086 54
29090 94
29092 61
29093 54
29111 97
29126 22
29128 93
29135 13
29136 31
29137 93
29141 41
29145 4
29146 10
29148 88
29153 76
29155 27
29159 99
29160 66
29161 45
29162 80
29164 88
29186 79
29191 81
29192 61
29194 16
29201 39
29202 20
29204 53
29207 80
29208 62
29213 98
29217 88
29218 74
29224 41
29229 20
29232 48
29235 67
29240 85
29243 90
29244 26
29251 89
29252 93
29254 96
29264 83
29277 9
29278 28
29286 46
29289 46
29297 45
29298 47
29305 74
29306 57
29309 32
29324 28
29325 4
29330 4
29337 50
29339 45
29341 94
29342 48
29348 99
29370 47
29375 5
29377 19
29386 56
29393 62
29394 42
29403 29
29408 6
29416 12
29421 92
29426 97
29441 87
29443 92
29446 66
29447 71
29451 58
29456 23
29458 73
29474 44
29488 17
29510 72
29520 7
29536 85
29538 16
29542 41
29544 74
29545 22
29546 17
29554 47
29555 63
29558 23
29561 98
29564 3
29568 33
29569 34
29575 33
29581 11
29584 67
29587 10
29598 97
29604 11
29606 92
29609 30
29611 74
29612 93
29614 49
29629 84
29641 85
29661 46
29663 98
29666 93
29667 90
29673 39
29676 96
29682 80
29683 47
29684 21
29692 32
29696 94
29697 91
29702 63
29708 24
29709 75
29710 90
29715 22
29720 65
29722 47
29723 26
29727 46
29738 16
29742 44
29747 93
29757 61
29759 92
29760 88
29763 48
29766 55
29769 11
29773 86
29774 29
29778 88
29799 8
29803 40
29809 4
29821 1
29826 28
29828 26
29831 57
29836 12
29837 89
29838 31
29840 17
29843 15
29847 55
29860 50
29861 80
29864 65
29866 56
29868 95
29870 40
29877 24
29878 85
29879 48
29888 54
29892 76
29898 94
29899 81
29905 80
29907 12
29914 96
29924 68
29925 7
29933 4
29939 62
29947 75
29954 32
29961 94
29979 31
29985 24
29990 75
29993 1
30000 67
30001 76
30002 18
30008 72
30009 22
30010 55
30021 5
30023 89
30029 23
30035 58
30038 10
30040 85
30042 7
30050 43
30052 64
30058 76
30063 42
30066 82
30077 4
30083 2
30091 44
30101 93
30111 16
30117 70
30123 29
30127 93
30137 2
30138 14
30141 64
30142 87
30144 7
30145 30
30153 89
30158 20
30160 37
30164 50
30167 38
30178 14
30199 44
30208 8
30209 12
30211 77
30214 27
30219 40
30227 36
30228 63
30231 14
30236 1
30237 95
30240 66
30242 92
30244 73
30249 76
30255 41
30260 75
30261 95
30268 38
30270 7
30274 56
30275 7
30277 10
30282 20
30283 6
30284 39
30293 2
30303 85
30307 20
30314 61
30316 51
30320 72
30327 21
30334 2
30352 44
30364 6
30369 50
30371 44
30372 58
30377 82
30378 34
30384 9
30385 55
30387 34
30388 94
30391 0
30397 18
30399 18
30402 40
30408 67
30412 57
30416 52
30445 85
30448 7
30453 92
30456 29
30467 56
30472 10
30477 77
30478 72
30484 82
30489 60
30490 26
30491 73
30495 97
30505 13
30511 0
30523 89
30534 32
30542 69
30543 26
30552 81
30553 5
30562 31
30563 27
30575 20
30576 77
30583 84
30585 59
30592 70
30593 1
30601 55
30610 94
30616 62
30618 28
30621 21
30631 61
30633 74
30638 41
30639 51
30647 41
30655 35
30672 61
30676 1
30683 56
30689 91
30708 59
30711 40
30716 95
30725 13
30728 47
30732 85
30733 25
30738 59
30739 77
30741 22
30747 81
30749 47
30761 8
30765 29
30778 82
30780 68
30783 90
30790 84
30792 39
30793 8
30794 45
30801 60
30802 4
30808 19
30809 10
30812 16
30817 33
30822 93
30828 15
30834 44
30836 21
30840 43
30841 7
30849 19
30859 57
30861 76
30865 22
30868 51
30877 59
30884 63
30890 16
30891 75
30904 22
30907 33
30910 8
30915 75
30916 38
30927 73
30929 51
30940 53
30947 5
30949 31
30956 26
30959 64
30961 73
30967 67
30969 15
30974 74
30979 77
30988 41
30989 12
30993 63
30995 72
31012 73
31014 72
31015 63
31024 76
31026 14
31027 73
31035 79
31036 10
31039 5
31040 59
31048 50
31056 28
31059 15
31065 65
31069 62
31073 21
31075 61
31083 98
31110 69
31113 56
31114 5
31115 35
31121 96
31122 3
31125 53
31127 45
31136 53
31141 90
31146 16
31156 73
31180 99
31183 21
31184 38
31191 16
31195 60
31196 22
31198 61
31208 42
31217 54
31224 65
31229 62
31234 66
31251 39
31252 62
31257 31
31260 46
31261 83
31263 20
31274 63
31280 67
31282 16
31284 30
31286 74
31288 42
31292 16
31297 52
31299 41
31305 67
31313 83
31318 68
31322 98
31323 72
31341 46
31350 45
31355 75
31363 60
31366 82
31369 31
31377 80
31379 34
31382 21
31392 4
31394 62
31395 36
31407 21
31415 82
31418 95
31425 28
31426 27
31429 73
31431 17
31432 45
31433 33
31434 18
31449 47
31453 92
31459 54
31464 1
31471 58
31474 6
31490 48
31496 58
31503 89
31509 54
31512 33
31517 30
31522 0
31523 3
31538 75
31539 15
31544 82
31546 53
31548 48
31556 82
31561 41
31567 69
31569 55
31570 70
31573 57
31574 8
31576 26
31580 21
31582 72
31590 23
31598 59
31599 17
31603 42
31606 23
31625 40
31633 97
31635 16
31637 41
31653 77
31656 57
31660 72
31662 92
31678 44
31680 33
31691 96
31692 39
31706 71
31713 93
31716 46
31727 76
31730 98
31733 79
31738 63
31747 11
31750 39
31753 66
31758 80
31763 79
31770 81
31772 93
31774 10
31779 64
31786 10
31793 14
31800 58
31804 58
31811 65
31813 45
31816 45
31824 27
31832 58
31838 68
31843 43
31861 63
31883 5
31885 88
31893 70
31901 75
31911 71
31913 16
31914 76
31917 85
31918 84
31919 69
31928 63
31930 60
31935 25
31936 4
31945 60
31953 58
31968 25
31969 68
31987 92
31990 25
31995 47
31996 71
32000 82
32002 17
32009 45
32014 26
32017 76
32019 70
32026 54
32027 20
32031 34
32037 42
32044 39
32045 12
32051 9
32065 7
32073 6
32075 45
32076 83
32077 63
32078 17
32087 54
32089 62
32098 2
32108 49
32116 94
32123 85
32132 71
32134 27
32135 44
32137 0
32138 29
32151 78
32152 20
32157 61
32164 7
32165 4
32169 79
32177 3
32191 67
32196 86
32199 40
32201 32
32205 91
32206 27
32207 73
32210 53
32218 99
32219 27
32220 74
32223 49
32227 88
32231 67
32236 20
32259 72
32262 70
32267 3
32275 75
32286 89
32289 76
32291 6
32292 15
32298 17
32304 23
32313 85
32314 98
32321 86
32337 62
32338 5
32345 73
32354 65
32356 74
32358 6
32359 55
32361 61
32363 30
32369 17
32374 93
32379 51
32382 65
32383 91
32391 77
32404 52
32407 32
32409 21
32418 15
32425 55
32433 39
32434 41
32435 8
32437 32
32442 86
32444 61
32455 34
32457 76
32459 74
32461 89
32463 60
32467 49
32475 65
32480 68
32483 80
32489 10
32496 45
32498 86
32500 29
32506 5
32507 4
32514 84
32515 42
32525 91
32526 36
32532 13
32535 61
32544 49
32549 32
32557 81
32566 9
32570 4
32573 33
32580 5
32593 62
32594 46
32596 63
32597 99
32599 75
32613 15
32614 49
32617 2
32626 89
32628 82
32629 49
32640 40
32644 45
32645 50
32651 59
32652 26
32657 9
32664 95
32667 43
32672 30
32674 16
32677 75
32678 33
32688 50
32698 12
32700 85
32709 75
32716 20
32719 24
32721 55
32722 16
32726 72
32728 59
32730 77
32736 94
32737 61
32757 92
32758 69
32761 10
32772 89
32776 14
32779 9
32786 33
32796 91
32797 86
32807 13
32812 21
32817 73
32832 72
32836 63
32844 6
32846 34
32847 29
32848 73
32850 95
32851 35
32875 73
32876 50
32888 4
32889 84
32890 33
32891 24
32899 60
32907 82
32919 20
32923 75
32924 25
32926 37
32928 90
32929 71
32930 4
32943 16
32959 61
32962 25
32969 11
32973 10
32974 25
32977 5
32984 86
32988 33
32995 99
33002 90
33003 54
33004 79
33006 60
33010 86
33012 87
33013 69
33017 51
33022 90
33034 51
33042 52
33044 35
33047 95
33048 8
33050 31
33051 73
33054 87
33058 71
33060 97
33068 55
33070 41
33080 9
33083 51
33086 35
33088 37
33097 19
33102 80
33105 20
33110 25
33111 50
33116 5
33125 98
33126 1
33130 29
33131 41
33133 62
33139 10
33146 73
33149 42
33151 76
33155 61
33159 19
33162 76
33166 45
33167 85
33168 87
33180 82
33185 61
33189 3
33190 65
33192 1
33198 80
33209 15
33217 72
33229 60
33233 91
33235 48
33244 87
33249 87
33253 49
33270 58
33278 74
33279 99
33287 73
33292 65
33294 9
33313 24
33316 67
33320 53
33323 8
33329 80
33331 22
33336 36
33337 76
33342 8
33353 90
33356 67
33369 13
33372 29
33382 90
33384 62
33385 13
33386 88
33394 97
33399 15
33402 25
33404 30
33406 30
33408 73
33415 33
33418 97
33422 70
33429 68
33432 81
33442 74
33445 40
33452 87
33454 3
33457 47
33462 83
33465 93
33468 73
33470 40
33471 85
33480 63
33493 89
33495 43
33496 19
33501 96
33504 15
33512 7
33516 62
33517 91
33521 44
33530 11
33534 78
33536 18
33537 25
33549 65
33558 63
33559 49
33568 51
33574 40
33580 27
33581 47
33588 95
33590 13
33591 53
33593 66
33596 18
33602 85
33609 29
33611 94
33617 94
33622 8
33626 3
33631 55
33632 91
33650 55
33654 36
33660 40
33665 46
33667 22
33671 21
33672 77
33675 71
33682 97
33684 22
33690 8
33695 69
33696 82
33697 90
33704 93
33717 53
33718 24
33721 73
33728 88
33740 49
33744 29
33753 14
33758 70
33764 34
33765 24
33773 19
33779 23
33781 20
33790 54
33797 13
33800 97
33801 86
33802 36
33806 36
33807 49
33813 50
33814 64
33818 89
33821 18
33822 2
33828 43
33833 52
33835 17
33847 92
33851 89
33852 54
33860 38
33862 18
33885 8
33896 90
33903 79
33909 26
33918 82
33921 8
33924 44
33931 19
33933 15
33934 14
33939 97
33945 47
33954 28
33967 38
33969 49
33986 10
33993 0
33995 91
33996 34
33997 21
33998 21
33999 2
34010 40
34011 23
34026 79
34031 39
34035 64
34036 11
34041 14
34057 62
34059 70
34066 86
34076 79
34077 68
34078 12
34080 30
34086 32
34091 88
34092 13
34095 81
34097 84
34103 46
34109 23
34110 61
34112 94
34114 14
34123 75
34124 8
34129 94
34133 12
34140 42
34142 58
34146 65
34148 55
34151 32
34154 64
34168 84
34172 60
34182 64
34188 47
34193 5
34195 44
34196 57
34198 75
34200 70
34207 59
34209 20
34215 51
34218 9
34219 72
34221 50
34227 75
34236 4
34237 34
34239 94
34240 48
34241 40
34245 28
34251 88
34257 30
34262 92
34265 37
34266 76
34272 88
34276 16
34280 75
34303 29
34306 3
34310 85
34313 3
34319 40
34323 49
34325 92
34334 86
34339 21
34341 69
34345 22
34347 17
34349 83
34351 88
34360 24
34383 76
34389 43
34394 73
34402 52
34405 3
34408 12
34409 48
34412 85
34415 82
34419 46
34420 54
34430 9
34435 71
34441 19
34445 83
34448 5
34454 15
34455 51
34457 88
34464 98
34466 49
34471 9
34472 30
34483 71
34488 58
34493 68
34494 31
34498 37
34506 32
34517 37
34519 96
34522 6
34529 99
34531 57
34546 80
34549 37
34551 3
34552 94
34553 75
34564 65
34568 8
34570 8
34572 88
34579 30
34585 68
34586 85
34603 24
34604 91
34605 43
34610 42
34611 7
34619 58
34631 57
34632 53
34633 43
34638 66
34640 41
34650 11
34651 89
34652 36
34660 15
34668 80
34674 75
34677 21
34679 18
34680 55
34681 50
34685 6
34686 8
34693 96
34694 32
34700 46
34706 33
34710 37
34722 75
34724 2
34727 57
34734 54
34736 52
34740 79
34741 41
34753 77
34756 29
34765 89
34772 36
34777 8
34778 81
34783 21
34784 94
34789 76
34795 64
34804 76
34806 33
34807 28
34812 25
34813 12
34814 15
34815 44
34820 31
34824 64
34833 0
34835 79
34843 3
34845 60
34849 72
34850 12
34853 3
34859 62
34862 83
34874 58
34877 62
34878 76
34881 45
34883 79
34884 45
34899 97
34900 25
34907 87
34908 18
34909 61
34910 78
34913 6
34917 84
34930 41
34933 90
34938 43
34944 34
34948 44
34949 89
34953 24
34960 26
34962 0
34963 12
34965 3
34970 58
34974 77
34975 87
34986 39
34988 29
35002 41
35003 3
35004 58
35013 70
35019 55
35020 52
35025 68
35027 9
35029 51
35050 39
35051 69
35056 13
35058 47
35063 16
35064 72
35070 19
35071 97
35073 50
35075 13
35077 45
35082 82
35084 45
35085 13
35089 25
35091 91
35096 1
35097 9
35101 51
35109 66
35111 87
35116 74
35118 26
35120 44
35125 19
35127 80
35133 73
35137 21
35140 88
35141 57
35145 2
35152 0
35153 14
35156 35
35158 18
35165 71
35167 81
35181 13
35183 53
35187 25
35191 44
35192 17
35203 99
35208 6
35209 27
35210 17
35213 49
35222 50
35226 14
35234 38
35238 79
35240 2
35247 98
35249 89
35252 93
35257 65
35258 48
35260 77
35262 27
35270 73
35275 69
35279 35
35286 93
35289 17
35294 67
35298 52
35309 84
35318 1
35335 84
35345 52
35346 20
35348 59
35351 75
35353 54
35355 57
35356 4
35369 59
35371 94
35373 29
35377 61
35385 42
35392 11
35398 78
35399 80
35406 97
35407 30
35411 37
35416 29
35417 0
35418 50
35425 5
35426 38
35430 1
35431 29
35444 72
35452 73
35466 51
35468 69
35471 56
35477 34
35482 67
35484 79
35492 45
35494 0
35520 12
35528 9
35540 81
35541 69
35544 25
35552 9
35554 88
35555 89
35564 45
35572 1
35583 47
35587 91
35595 95
35608 3
35610 81
35611 87
35615 38
35616 76
35619 80
35621 48
35628 16
35633 86
35634 83
35635 33
35637 43
35638 27
35655 57
35671 90
35675 43
35677 39
35683 14
35692 2
35695 7
35707 53
35712 68
35713 78
35714 34
35716 11
35719 65
35722 41
35724 62
35728 70
35732 84
35734 29
35736 13
35742 39
35750 60
35760 27
35767 27
35768 12
35769 91
35773 81
35777 23
35781 66
35782 17
35805 58
35807 77
35827 66
35831 97
35832 44
35843 5
35848 45
35855 34
35859 62
35861 36
35862 7
35868 13
35869 5
35875 89
35876 42
35883 31
35885 76
35889 6
35893 1
35896 40
35899 27
35912 23
35916 46
35926 19
35932 28
35933 82
35936 9
35939 92
35943 37
35946 63
35955 25
35958 49
35961 51
35967 7
35968 41
35972 67
35973 17
35976 74
35977 19
35979 26
35981 68
35994 73
35996 68
35997 62
36003 81
36004 43
36007 42
36013 36
36015 36
36017 13
36019 59
36020 51
36029 84
36033 22
36046 95
36054 6
36055 50
36065 51
36071 81
36095 42
36097 86
36101 24
36102 6
36106 32
36109 64
36114 2
36122 18
36125 97
36126 24
36142 32
36145 78
36153 34
36158 60
36161 85
36188 60
36191 51
36192 36
36197 84
36198 94
36202 52
36209 73
36211 1
36227 85
36237 96
36241 55
36245 0
36247 94
36248 15
36267 45
36279 65
36286 84
36296 57
36297 44
36304 41
36306 22
36307 80
36308 27
36315 43
36320 86
36324 71
36325 48
36338 69
36341 22
36346 83
36348 2
36352 72
36355 11
36356 0
36372 34
36376 99
36377 8
36391 29
36400 20
36412 9
36413 50
36415 69
36420 73
36424 81
36427 72
36428 41
36429 76
36437 3
36442 86
36443 8
36446 6
36455 14
36457 73
36462 55
36473 66
36476 96
36480 56
36485 91
36491 20
36498 17
36502 52
36509 34
36510 32
36511 27
36512 50
36514 44
36520 42
36524 59
36528 84
36529 34
36538 39
36540 6
36541 6
36544 1
36545 64
36546 92
36550 45
36552 92
36576 83
36577 28
36578 88
36582 89
36586 87
36587 69
36593 36
36597 50
36599 11
36602 36
36603 27
36604 44
36607 85
36616 68
36619 60
36620 44
36631 86
36635 63
36637 32
36638 68
36641 34
36644 28
36656 48
36660 95
36661 70
36682 60
36685 34
36692 15
36698 39
36703 33
36704 64
36709 50
36713 82
36728 25
36742 88
36743 25
36745 79
36747 29
36753 85
36754 16
36756 44
36761 60
36767 14
36775 11
36782 70
36786 97
36787 50
36790 50
36799 41
36800 10
36801 66
36804 3
36805 44
36811 44
36817 57
36820 45
36825 11
36829 28
36830 22
36834 53
36836 61
36853 38
36854 27
36855 59
36866 39
36870 5
36873 19
36895 98
36896 53
36897 68
36906 77
36923 7
36924 43
36926 24
36927 88
36933 58
36945 93
36952 86
36955 92
36957 29
36965 33
36973 22
36975 88
36980 9
36988 20
36994 10
36999 78
37004 3
37008 8
37009 73
37013 9
37016 33
37023 59
37027 24
37028 40
37033 84
37042 59
37050 69
37054 17
37064 43
37067 82
37070 58
37074 45
37092 1
37097 0
37099 4
37106 14
37108 59
37110 59
37112 38
37123 94
37129 51
37131 61
37137 48
37138 89
37139 2
37140 15
37145 41
37147 94
37150 58
37158 4
37159 31
37161 28
37164 0
37166 24
37167 5
37174 22
37179 11
37181 10
37186 78
37194 96
37201 97
37204 47
37209 69
37210 2
37221 43
37222 61
37223 3
37226 10
37231 92
37237 26
37238 95
37241 88
37248 65
37250 8
37254 90
37256 37
37263 53
37267 71
37268 13
37270 76
37276 8
37289 91
37290 70
37301 26
37312 79
37318 44
37324 88
37327 59
37328 85
37337 75
37344 35
37346 92
37361 6
37368 81
37369 89
37370 92
37375 14
37381 5
37389 45
37391 27
37394 59
37396 15
37399 22
37405 31
37406 58
37410 22
37412 58
37414 69
37422 88
37423 42
37431 59
37438 92
37440 33
37447 44
37448 58
37455 33
37469 68
37471 31
37476 6
37478 25
37481 93
37487 69
37489 8
37491 74
37492 91
37498 86
37504 36
37506 96
37516 24
37517 75
37524 69
37526 66
37532 95
37543 55
37553 3
37555 87
37556 73
37559 17
37561 25
37564 17
37565 85
37576 74
37578 87
37590 3
37594 16
37598 54
37608 65
37613 56
37623 68
37630 44
37632 66
37635 61
37637 19
37650 84
37652 44
37658 10
37667 83
37671 25
37672 46
37676 40
37677 83
37679 75
37684 58
37686 0
37695 58
37701 13
37704 51
37710 85
37716 15
37718 82
37724 30
37726 8
37729 20
37730 18
37737 40
37740 55
37742 6
37751 11
37752 18
37754 4
37755 39
37757 8
37759 89
37782 21
37784 86
37786 90
37787 44
37810 82
37814 45
37816 1
37817 37
37819 21
37829 50
37830 57
37832 95
37839 20
37843 10
37844 89
37847 85
37852 27
37853 4
37864 21
37876 1
37878 31
37882 39
37884 43
37885 95
37891 47
37895 46
37901 45
37907 23
37917 14
37923 32
37924 68
37925 16
37927 97
37932 38
37933 78
37937 83
37939 72
37941 57
37942 80
37947 34
37948 81
37952 48
37955 33
37956 60
37957 4
37958 81
37960 73
37961 4
37964 37
37967 74
37969 74
37974 26
37980 56
37982 7
37985 31
37993 84
37996 37
38002 29
38010 66
38014 43
38029 95
38033 82
38042 74
38043 86
38044 31
38047 69
38048 79
38059 32
38063 15
38065 72
38067 30
38071 61
38073 64
38081 47
38088 44
38090 91
38094 92
38100 74
38101 93
38106 97
38107 61
38116 41
38123 45
38126 85
38127 11
38129 91
38147 8
38150 72
38153 49
38157 48
38170 3
38173 58
38174 4
38179 37
38180 17
38181 40
38185 37
38188 11
38197 97
38200 65
38208 21
38218 88
38221 37
38233 21
38235 34
38239 85
38241 74
38243 16
38247 92
38248 98
38251 25
38254 39
38255 11
38256 20
38258 1
38270 79
38280 28
38281 38
38285 58
38295 44
38296 21
38299 67
38300 25
38301 19
38308 59
38312 73
38315 86
38332 46
38341 89
38351 13
38356 13
38359 45
38362 35
38365 35
38369 36
38378 35
38380 74
38386 70
38391 11
38392 37
38398 48
38401 99
38424 21
38434 42
38436 99
38437 19
38445 30
38452 31
38458 73
38459 60
38463 6
38475 27
38484 47
38486 46
38488 43
38499 24
38511 25
38520 86
38521 53
38537 32
38538 30
38539 53
38544 89
38548 99
38554 1
38566 16
38580 41
38585 27
38587 79
38591 37
38595 82
38597 17
38603 21
38613 14
38614 74
38616 34
38622 56
38623 58
38636 86
38647 31
38666 91
38671 96
38678 77
38686 40
38696 99
38697 10
38699 48
38702 87
38704 59
38705 0
38707 63
38709 21
38711 42
38719 7
38726 23
38727 4
38731 70
38732 81
38737 8
38739 44
38741 4
38743 94
38744 13
38759 34
38765 42
38771 34
38781 79
38783 58
38785 9
38788 21
38792 6
38795 88
38796 51
38797 88
38803 47
38808 13
38811 91
38815 7
38818 55
38825 39
38826 23
38830 71
38831 54
38836 54
38842 42
38846 55
38847 15
38851 82
38894 39
38896 95
38908 33
38911 55
38915 55
38918 22
38919 96
38930 14
38934 86
38941 82
38945 12
38947 56
38965 2
38987 73
38988 47
38990 48
38992 61
38997 16
39016 63
39018 47
39025 96
39041 94
39048 25
39055 68
39060 95
39062 6
39063 30
39068 83
39070 15
39074 20
39075 9
39080 33
39083 97
39085 10
39086 26
39090 55
39099 79
39105 20
39112 35
39113 69
39120 79
39129 48
39132 4
39133 16
39139 80
39141 90
39143 19
39144 59
39146 29
39148 27
39151 89
39157 52
39158 6
39165 25
39176 28
39178 4
39181 6
39184 95
39186 1
39195 86
39206 25
39208 80
39210 43
39214 65
39215 14
39217 94
39226 49
39236 61
39237 39
39241 26
39246 18
39249 72
39250 55
39255 94
39258 78
39266 8
39267 29
39273 84
39278 72
39284 70
39285 60
39286 73
39298 60
39309 89
39310 51
39311 73
39314 4
39336 0
39358 75
39361 67
39366 40
39371 1
39372 18
39373 63
39374 27
39385 71
39386 29
39388 82
39398 75
39399 8
39408 47
39433 74
39443 44
39446 73
39449 6
39450 12
39472 49
39477 57
39484 25
39499 50
39512 90
39513 30
39517 84
39518 55
39540 92
39543 62
39551 36
39553 26
39555 12
39556 44
39558 79
39559 14
39560 22
39561 89
39563 99
39564 76
39568 40
39572 20
39586 27
39592 95
39595 87
39605 38
39612 93
39618 0
39631 56
39633 92
39634 10
39635 24
39644 18
39650 26
39652 53
39657 80
39661 60
39683 95
39685 60
39698 48
39712 50
39726 95
39727 37
39729 11
39734 49
39736 56
39740 38
39750 88
39751 72
39757 59
39760 17
39762 3
39767 40
39768 77
39771 48
39776 35
39781 43
39787 69
39795 9
39824 11
39825 40
39827 15
39833 9
39834 79
39835 99
39844 34
39845 93
39848 28
39849 92
39850 33
39853 53
39856 21
39858 75
39859 4
39866 82
39870 33
39878 51
39881 49
39882 62
39886 59
39889 26
39890 25
39901 99
39905 75
39907 99
39921 5
39922 55
39923 66
39924 75
39926 93
39928 76
39929 86
39930 63
39943 81
39946 90
39948 20
39949 76
39951 25
39964 21
39967 33
39977 79
39979 60
39988 74
40004 31
40016 87
40018 42
40022 37
40023 15
40026 41
40028 12
40039 29
40050 37
40057 13
40058 79
40068 69
40069 76
40079 59
40083 77
40086 32
40094 86
40102 96
40113 84
40118 66
40120 27
40131 59
40146 16
40147 98
40149 14
40154 59
40156 97
40158 70
40159 80
40163 98
40164 56
40166 15
40168 85
40179 90
40187 28
40189 31
40201 53
40209 65
40219 83
40224 42
40226 12
40230 41
40235 97
40236 26
40245 23
40246 83
40254 11
40258 18
40259 7
40267 87
40275 19
40281 99
40282 92
40299 40
40300 7
40310 99
40315 10
40322 40
40324 8
40327 86
40354 32
40359 98
40360 95
40362 0
40384 16
40385 60
40387 67
40389 29
40393 32
40394 4
40423 33
40429 19
40432 44
40435 88
40437 58
40460 67
40465 68
40472 33
40496 70
40499 18
40503 53
40504 37
40509 61
40512 43
40513 67
40515 7
40523 57
40529 0
40538 26
40540 42
40546 47
40551 8
40552 76
40553 77
40557 55
40559 73
40563 90
40567 86
40570 6
40572 56
40586 63
40588 74
40596 5
40602 98
40606 37
40608 15
40612 18
40614 4
40615 64
40617 37
40621 94
40622 75
40626 75
40627 50
40630 39
40633 78
40635 94
40637 80
40648 2
40666 84
40667 68
40672 34
40675 99
40676 18
40677 71
40681 41
40682 25
40683 12
40686 34
40689 62
40694 68
40703 70
40715 77
40717 61
40724 37
40729 91
40735 54
40737 13
40744 70
40746 91
40749 24
40750 21
40751 3
40769 42
40774 97
40776 35
40781 1
40785 27
40786 35
40792 30
40798 37
40800 26
40809 57
40810 15
40817 82
40820 43
40823 69
40825 64
40829 34
40839 1
40841 24
40846 63
40851 58
40852 39
40856 78
40858 83
40859 31
40863 18
40865 79
40871 37
40873 35
40876 46
40892 99
40896 21
40897 0
40898 5
40900 65
40917 36
40918 22
40923 13
40924 39
40929 15
40931 20
40942 90
40947 54
40949 17
40953 88
40954 14
40955 20
40958 8
40962 51
40979 88
40980 87
40985 2
40987 30
40992 64
40994 83
40996 84
40999 15
41010 98
41020 49
41034 88
41041 97
41049 97
41054 4
41059 49
41060 18
41061 40
41062 27
41063 22
41064 14
41066 23
41068 89
41079 98
41081 9
41085 6
41090 99
41096 78
41107 39
41108 19
41117 63
41123 68
41130 51
41138 75
41139 25
41154 83
41161 61
41168 84
41171 80
41174 8
41175 25
41178 9
41179 7
41196 86
41208 76
41215 43
41220 44
41226 70
41228 43
41237 9
41246 2
41247 2
41265 63
41270 53
41274 93
41280 56
41287 61
41291 96
41294 38
41296 35
41300 91
41308 90
41313 74
41320 64
41333 33
41336 71
41339 87
41340 5
41343 95
41351 47
41355 91
41360 87
41370 57
41375 66
41377 80
41378 22
41385 91
41386 31
41387 83
41390 75
41393 5
41395 16
41396 50
41400 30
41415 0
41417 15
41418 78
41421 29
41430 96
41437 54
41441 14
41443 23
41445 10
41447 15
41449 19
41460 32
41468 42
41471 78
41479 1
41487 96
41497 18
41505 82
41508 19
41510 70
41518 8
41519 61
41523 88
41540 95
41541 12
41543 67
41547 6
41562 92
41578 98
41585 32
41588 1
41590 97
41595 63
41598 36
41606 68
41608 42
41610 15
41611 68
41618 19
41619 51
41621 48
41633 1
41638 68
41641 18
41648 32
41651 58
41665 28
41674 23
41675 32
41688 48
41691 47
41692 39
41696 57
41697 67
41698 25
41712 21
41713 29
41717 90
41724 99
41729 97
41730 75
41731 62
41734 29
41740 31
41742 60
41753 10
41766 93
41787 8
41800 97
41805 37
41808 25
41810 96
41817 17
41818 32
41819 80
41820 12
41833 78
41839 68
41842 24
41845 83
41848 13
41859 18
41860 17
41861 43
41867 42
41878 16
41884 63
41886 26
41888 59
41892 43
41900 22
41901 85
41909 78
41910 24
41920 74
41922 72
41938 67
41941 23
41943 46
41944 58
41946 31
41954 32
41957 39
41958 32
41963 85
41966 39
41974 96
41980 28
41988 5
41998 78
41999 8
42006 34
42007 22
42008 77
42012 22
42017 88
42019 62
42020 43
42022 14
42025 46
42030 84
42036 21
42037 90
42040 82
42053 98
42057 11
42064 86
42067 84
42072 7
42079 74
42090 50
42092 15
42094 35
42101 65
42104 69
42106 92
42108 12
42116 28
42120 3
42121 67
42122 92
42125 45
42129 89
42131 18
42132 36
42135 90
42136 83
42137 52
42139 32
42144 38
42145 81
42149 47
42151 77
42155 61
42166 0
42170 15
42179 86
42180 51
42190 87
42192 32
42193 62
42194 71
42195 77
42209 58
42234 11
42244 53
42249 62
42251 68
42258 17
42261 57
42262 92
42275 63
42284 1
42296 89
42297 62
42309 52
42312 6
42315 18
42317 59
42322 85
42326 73
42334 52
42349 26
42350 9
42357 96
42358 10
42365 37
42368 12
42370 9
42371 74
42372 57
42380 7
42386 67
42389 85
42390 40
42392 96
42397 0
42422 62
42423 28
42440 18
42442 6
42446 52
42447 61
42453 16
42460 47
42465 41
42468 6
42473 75
42483 19
42486 15
42487 8
42490 27
42504 9
42508 50
42514 56
42523 19
42528 4
42533 65
42535 14
42536 46
42537 16
42538 15
42541 25
42544 0
42546 3
42555 28
42558 91
42559 10
42562 98
42564 20
42573 62
42576 3
42577 58
42578 20
42582 80
42583 15
42595 11
42598 80
42604 55
42614 8
42618 49
42619 60
42621 9
42626 21
42635 59
42637 18
42638 92
42641 2
42659 99
42664 18
42666 79
42668 90
42671 2
42684 76
42692 63
42697 2
42710 44
42715 36
42717 59
42724 61
42728 88
42731 29
42739 99
42748 30
42754 58
42764 3
42765 23
42767 35
42781 80
42785 76
42797 47
42801 9
42803 7
42817 75
42820 54
42824 95
42860 25
42862 48
42863 43
42864 77
42873 49
42878 55
42891 31
42895 82
42898 87
42901 25
42903 90
42904 68
42906 65
42928 16
42938 44
42945 94
42956 1
42959 76
42962 28
42963 79
42964 41
42975 38
42977 0
42982 46
42983 9
42989 27
42990 21
42995 2
42998 52
43012 0
43027 37
43032 84
43034 64
43045 28
43046 27
43074 3
43082 39
43085 65
43092 80
43094 46
43098 93
43099 17
43102 83
43103 17
43108 67
43114 91
43118 3
43120 51
43121 22
43124 81
43125 10
43135 68
43141 54
43145 77
43175 16
43177 0
43179 90
43184 48
43185 7
43188 21
43190 79
43204 73
43208 48
43213 52
43215 15
43230 90
43232 26
43237 85
43242 1
43245 8
43246 27
43258 68
43263 83
43270 95
43273 79
43275 81
43277 7
43281 8
43288 31
43295 58
43296 42
43298 75
43300 95
43304 36
43306 99
43309 24
43314 0
43329 64
43336 97
43345 63
43347 60
43349 75
43360 89
43363 28
43367 44
43369 66
43371 83
43378 46
43387 46
43392 51
43395 4
43406 1
43408 18
43415 45
43428 0
43434 46
43441 46
43456 43
43458 41
43463 80
43464 67
43470 38
43473 10
43477 62
43482 23
43488 62
43489 66
43495 98
43506 22
43530 95
43553 60
43556 61
43558 89
43560 79
43562 81
43570 12
43573 90
43582 63
43589 43
43591 20
43598 28
43599 41
43604 98
43606 35
43607 70
43613 53
43614 49
43631 26
43633 69
43635 38
43638 15
43641 20
43655 76
43658 94
43664 12
43667 67
43672 51
43678 95
43683 15
43684 62
43685 19
43693 29
43697 16
43698 66
43703 29
43720 88
43722 66
43735 90
43736 0
43737 42
43738 68
43752 49
43761 30
43762 78
43772 3
43774 90
43781 57
43783 51
43787 78
43789 38
43800 13
43811 96
43822 73
43825 62
43836 15
43844 64
43849 60
43861 67
43864 73
43871 18
43873 52
43874 43
43880 40
43883 26
43885 49
43886 19
43890 65
43891 97
43894 65
43905 27
43922 19
43925 27
43931 70
43935 10
43945 56
43954 43
43958 47
43959 75
43961 72
43962 82
43972 5
43974 12
43978 17
43983 78
43984 41
43987 12
43988 82
43989 59
43991 69
43993 13
43996 45
43998 14
44003 2
44005 96
44008 16
44012 41
44015 29
44020 18
44028 11
44030 66
44036 24
44039 94
44047 63
44050 32
44053 85
44056 81
44065 44
44066 54
44070 87
44072 43
44075 82
44077 3
44083 32
44089 11
44094 3
44095 33
44097 16
44106 27
44108 94
44120 74
44121 98
44128 78
44132 80
44134 66
44139 90
44142 25
44143 36
44144 34
44157 66
44158 78
44164 46
44167 50
44173 77
44181 58
44185 4
44193 42
44203 87
44204 81
44205 54
44210 17
44212 26
44215 10
44217 11
44235 11
44236 76
44242 79
44243 98
44251 8
44255 76
44267 74
44268 35
44276 52
44279 27
44286 76
44287 16
44291 67
44295 35
44298 16
44303 43
44305 53
44306 85
44308 64
44311 59
44313 18
44316 85
44324 65
44329 57
44344 7
44360 15
44367 67
44368 60
44375 96
44383 6
44385 86
44390 87
44394 44
44396 41
44400 16
44409 4
44413 86
44415 72
44419 88
44426 3
44427 51
44434 65
44435 3
44436 61
44437 63
44438 5
44454 94
44465 42
44471 47
44481 41
44482 36
44484 96
44485 47
44489 21
44490 81
44492 15
44500 90
44503 65
44507 45
44518 30
44520 68
44532 22
44535 48
44536 65
44537 20
44541 42
44543 31
44546 69
44556 63
44564 29
44567 27
44574 60
44576 83
44581 32
44584 74
44585 19
44587 37
44595 3
44600 42
44608 19
44610 2
44611 31
44615 44
44622 76
44624 75
44625 60
44626 55
44631 99
44640 49
44641 91
44647 66
44652 88
44659 56
44670 66
44673 14
44682 4
44683 16
44694 24
44697 93
44708 78
44712 64
44714 75
44716 52
44723 30
44724 1
44728 67
44729 60
44733 89
44737 64
44739 44
44753 75
44761 46
44763 24
44767 56
44793 18
44797 12
44798 59
44802 38
44805 33
44809 24
44811 89
44813 27
44826 84
44827 77
44829 81
44830 68
44844 42
44850 91
44854 80
44869 24
44870 25
44873 34
44881 82
44884 23
44891 93
44895 15
44903 34
44918 60
44926 97
44933 13
44947 47
44950 50
44953 94
44955 14
44956 21
44958 87
44960 87
44963 54
44979 78
44983 40
44986 98
44989 32
44997 43
45007 33
45010 7
45025 38
45034 69
45035 17
45037 13
45050 70
45051 66
45055 87
45063 53
45069 75
45070 71
45073 85
45074 82
45075 49
45079 57
45082 50
45088 39
45089 66
45095 67
45101 12
45105 94
45106 36
45109 53
45114 5
45118 64
45124 33
45127 47
45131 8
45134 67
45143 85
45144 51
45155 70
45160 13
45164 36
45179 83
45186 8
45188 70
45195 82
45197 67
45204 89
45218 77
45223 48
45227 74
45232 10
45234 66
45235 12
45259 40
45261 42
45264 69
45265 88
45271 20
45277 95
45284 60
45290 44
45294 44
45302 66
45308 21
45311 98
45314 41
45315 22
45319 77
45320 0
45327 53
45331 57
45333 13
45345 63
45347 40
45349 25
45361 27
45368 75
45372 55
45378 85
45380 45
45386 40
45397 89
45400 42
45404 42
45405 87
45416 67
45417 89
45419 94
45426 41
45433 37
45437 26
45438 56
45463 55
45464 49
45467 20
45474 65
45475 18
45481 99
45488 48
45492 56
45496 72
45497 17
45498 79
45503 57
45509 97
45510 44
45527 0
45539 33
45548 74
45549 39
45550 47
45555 53
45564 35
45571 98
45580 23
45584 84
45599 67
45600 45
45602 95
45604 61
45616 28
45619 43
45620 70
45624 96
45628 57
45638 81
45644 77
45659 10
45670 30
45671 40
45681 23
45693 75
45694 12
45699 64
45706 65
45708 47
45711 17
45712 96
45714 99
45724 44
45728 26
45729 21
45732 88
45736 88
45740 18
45743 59
45747 13
45749 14
45753 12
45758 71
45764 48
45766 95
45773 45
45776 79
45777 55
45784 95
45786 87
45797 86
45799 8
45810 17
45829 28
45834 49
45838 17
45849 29
45851 73
45853 46
45859 46
45864 39
45865 84
45879 3
45883 87
45885 56
45886 2
45891 94
45899 94
45909 62
45910 54
45911 80
45914 85
45917 0
45922 10
45923 76
45927 28
45949 34
45952 25
45953 73
45957 72
45958 41
45966 65
45968 50
45973 78
45974 55
45980 23
45981 57
45985 17
45987 51
45989 62
45994 59
45997 3
46009 4
46012 98
46014 54
46016 84
46024 60
46035 60
46038 2
46039 93
46043 40
46048 79
46049 32
46065 50
46071 77
46073 50
46074 5
46109 76
46113 77
46115 78
46120 1
46130 47
46131 26
46139 54
46142 29
46144 26
46146 85
46156 56
46161 92
46162 16
46163 6
46168 49
46169 13
46170 61
46171 58
46172 77
46176 59
46184 49
46186 65
46189 47
46191 17
46192 9
46200 36
46210 99
46211 23
46220 7
46227 26
46234 90
46235 87
46238 61
46239 13
46244 86
46245 59
46246 60
46248 97
46260 0
46261 44
46263 65
46271 42
46272 64
46288 87
46289 44
46291 36
46295 75
46296 97
46303 90
46306 60
46320 66
46322 28
46325 17
46326 4
46329 84
46338 5
46348 48
46350 60
46352 57
46357 23
46360 72
46361 92
46363 46
46365 24
46366 57
46369 57
46370 41
46371 47
46372 67
46375 15
46378 13
46380 71
46381 0
46382 80
46384 29
46392 46
46395 1
46396 4
46397 26
46399 47
46401 48
46402 79
46410 67
46413 5
46416 89
46418 19
46420 1
46432 47
46435 52
46455 75
46458 48
46459 83
46467 49
46475 35
46477 30
46478 48
46481 84
46484 96
46492 35
46501 78
46516 42
46517 58
46531 30
46537 1
46538 27
46540 14
46544 48
46545 8
46549 92
46551 82
46554 89
46556 53
46566 24
46579 82
46585 96
46587 74
46590 44
46593 29
46595 19
46597 65
46605 7
46616 63
46618 31
46621 57
46640 22
46643 61
46644 55
46654 93
46665 70
46667 90
46670 47
46680 32
46681 41
46686 31
46700 95
46701 10
46704 95
46717 60
46719 9
46720 15
46724 83
46725 2
46732 2
46749 0
46763 27
46769 40
46770 99
46771 76
46775 23
46782 13
46783 59
46788 41
46791 16
46793 65
46796 14
46797 75
46800 32
46811 93
46815 33
46821 90
46831 50
46835 78
46837 76
46838 47
46862 22
46866 22
46871 7
46874 74
46885 74
46888 76
46890 85
46892 29
46901 58
46912 16
46913 32
46915 0
46917 13
46920 99
46923 0
46927 31
46930 90
46935 87
46936 91
46938 2
46941 67
46945 19
46946 0
46947 51
46952 13
46957 54
46958 18
46967 99
46984 30
46993 52
46998 82
46999 49
47004 2
47010 52
47012 5
47017 95
47021 4
47022 47
47023 42
47026 39
47031 18
47035 3
47036 32
47040 55
47042 72
47044 13
47048 30
47050 3
47051 97
47053 21
47070 21
47082 3
47087 66
47090 86
47097 11
47117 5
47120 37
47122 94
47125 14
47130 27
47131 37
47161 95
47168 41
47178 1
47179 95
47181 3
47188 73
47190 8
47210 0
47220 25
47236 32
47237 49
47252 58
47254 19
47256 27
47258 12
47260 39
47261 23
47266 79
47270 42
47271 38
47277 2
47288 9
47292 11
47294 97
47296 50
47297 58
47301 76
47304 5
47306 16
47308 3
47314 44
47317 88
47320 15
47322 16
47323 25
47324 56
47328 75
47331 99
47337 14
47340 40
47343 31
47346 2
47355 87
47377 19
47382 17
47386 28
47400 68
47404 68
47411 30
47412 12
47416 99
47419 30
47420 78
47421 57
47424 57
47438 87
47439 82
47448 80
47471 73
47473 29
47482 60
47485 86
47490 74
47493 71
47500 51
47501 87
47507 12
47508 41
47511 60
47514 58
47520 41
47521 81
47522 94
47527 62
47537 17
47540 6
47545 93
47547 64
47551 62
47552 72
47556 94
47561 68
47566 49
47567 57
47570 54
47571 75
47578 78
47582 34
47584 21
47586 36
47587 98
47588 23
47589 54
47590 58
47592 29
47593 63
47598 7
47601 31
47618 5
47620 94
47624 87
47634 78
47640 68
47643 68
47646 88
47652 28
47654 71
47657 54
47660 54
47664 84
47665 7
47669 84
47672 93
47677 73
47681 71
47686 71
47688 43
47690 82
47692 82
47704 73
47706 70
47707 69
47708 23
47710 88
47713 77
47715 26
47716 60
47724 10
47731 80
47737 70
47744 10
47746 67
47747 58
47749 32
47752 48
47754 18
47761 61
47762 78
47764 29
47766 42
47768 98
47770 35
47773 74
47786 5
47788 6
47798 53
47803 50
47807 29
47818 54
47824 66
47825 83
47830 59
47852 28
47853 7
47856 46
47869 68
47871 42
47872 64
47881 27
47902 70
47908 48
47912 19
47924 1
47927 4
47929 34
47938 63
47939 4
47940 19
47943 72
47946 36
47958 81
47963 0
47966 43
47967 37
47968 94
47969 84
47974 36
47975 27
47979 59
47982 6
47984 66
48001 23
48002 40
48007 83
48026 70
48038 34
48044 40
48045 34
48048 43
48055 88
48059 96
48065 96
48067 82
48068 54
48069 62
48070 6
48073 43
48076 15
48082 50
48083 15
48091 42
48102 22
48106 49
48115 53
48116 31
48124 79
48125 18
48126 29
48127 62
48129 82
48132 34
48141 13
48157 8
48159 51
48160 73
48162 11
48164 24
48176 96
48185 97
48186 99
48188 30
48194 55
48197 53
48198 6
48207 68
48210 96
48220 18
48223 14
48227 4
48231 4
48237 97
48243 19
48246 12
48251 57
48252 98
48262 30
48286 41
48288 49
48289 69
48292 3
48299 79
48300 89
48308 68
48309 13
48310 42
48311 36
48312 56
48313 5
48315 92
48316 34
48325 76
48328 43
48329 43
48330 94
48339 38
48344 90
48347 14
48350 57
48352 66
48353 0
48356 71
48371 45
48372 12
48380 35
48384 13
48396 41
48397 85
48405 54
48406 51
48414 25
48420 2
48422 28
48423 98
48431 25
48437 65
48440 81
48442 73
48444 17
48453 63
48458 9
48466 37
48467 52
48476 74
48483 27
48485 47
48492 93
48499 53
48507 87
48509 56
48513 65
48521 87
48527 82
48532 36
48534 58
48537 85
48542 23
48545 21
48546 53
48548 59
48554 99
48558 87
48559 28
48566 12
48570 0
48575 82
48581 92
48583 4
48587 57
48588 97
48592 74
48602 75
48605 60
48607 71
48612 87
48613 52
48614 14
48637 65
48643 82
48649 15
48651 80
48652 4
48655 87
48660 83
48664 96
48668 80
48673 6
48676 78
48680 79
48682 42
48689 16
48690 68
48698 29
48701 33
48712 19
48724 11
48726 79
48734 71
48743 12
48748 15
48749 1
48753 7
48762 33
48772 60
48775 29
48777 40
48786 37
48791 23
48797 70
48798 88
48801 30
48802 67
48805 14
48812 63
48824 21
48829 2
48830 21
48841 86
48853 30
48854 17
48857 48
48864 81
48871 17
48874 15
48876 53
48878 42
48882 80
48883 90
48887 2
48892 4
48894 33
48902 18
48904 35
48906 23
48907 13
48908 98
48915 77
48916 5
48923 29
48928 64
48931 13
48936 31
48945 99
48946 50
48947 70
48951 2
48953 41
48964 37
48970 58
48981 20
48992 42
48994 77
48997 82
48998 22
48999 30
49015 45
49017 31
49019 84
49036 4
49044 54
49048 53
49058 54
49060 52
49069 80
49073 18
49074 71
49076 50
49078 70
49079 5
49080 29
49089 76
49090 81
49099 99
49105 3
49108 92
49112 6
49116 19
49120 6
49123 36
49128 36
49142 85
49145 60
49150 37
49155 27
49157 35
49167 30
49177 52
49183 19
49185 4
49187 0
49189 90
49191 61
49208 63
49215 75
49222 10
49225 24
49226 4
49235 59
49237 62
49244 7
49245 82
49253 51
49266 10
49268 9
49270 73
49271 6
49273 74
49285 66
49292 54
49294 73
49295 5
49311 31
49313 3
49317 45
49318 76
49321 4
49324 59
49327 1
49333 52
49338 83
49350 70
49352 52
49356 75
49365 61
49372 59
49375 97
49377 9
49383 97
49384 12
49390 56
49392 17
49395 41
49401 83
49409 17
49415 46
49417 30
49428 96
49430 41
49431 12
49432 24
49433 11
49438 73
49440 56
49443 32
49448 99
49452 94
49466 45
49468 0
49471 71
49476 18
49480 31
49486 0
49491 74
49495 4
49498 77
49502 13
49512 82
49523 91
49533 65
49534 29
49544 23
49545 11
49550 8
49557 22
49564 90
49566 50
49570 12
49578 81
49582 79
49584 52
49585 65
49589 68
49593 61
49596 5
49604 53
49606 60
49609 89
49613 83
49624 43
49630 80
49632 33
49633 19
49643 35
49659 77
49662 73
49679 18
49682 22
49683 69
49684 40
49688 10
49689 18
49691 8
49699 42
49700 93
49707 28
49708 28
49710 25
49722 39
49735 44
49737 90
49754 64
49758 12
49775 67
49776 31
49781 14
49796 88
49798 82
49800 70
49803 72
49806 15
49807 3
49809 82
49813 45
49818 31
49819 97
49820 47
49822 69
49836 31
49840 25
49844 72
49847 43
49850 60
49857 75
49859 54
49862 95
49863 11
49867 6
49872 81
49874 49
49877 65
49878 13
49883 45
49891 57
49892 90
49893 26
49897 99
49900 58
49903 91
49909 93
49910 31
49914 23
49918 8
49921 97
49930 95
49933 80
49944 5
49945 66
49946 2
49947 45
49952 36
49959 82
49961 78
49967 46
49969 82
49973 11
49975 87
