5 4
6 89
8 15
14 50
35 23
37 3
40 79
55 34
57 57
58 54
59 75
65 95
68 78
74 76
84 80
87 47
89 34
101 77
106 66
114 34
133 92
137 32
139 11
142 7
145 30
148 83
153 94
154 36
158 86
162 35
167 78
170 26
180 67
185 42
197 93
199 8
207 2
211 13
219 85
220 30
224 95
225 77
233 80
234 97
235 16
241 34
255 25
256 16
257 5
272 1
283 4
291 70
293 35
297 89
298 39
306 29
315 42
318 83
320 89
322 96
323 20
324 20
326 93
340 17
341 68
342 55
345 51
346 68
347 95
359 45
361 23
367 73
384 43
390 1
393 88
394 73
395 87
405 34
407 86
411 50
414 46
418 37
419 60
420 76
424 3
425 83
430 39
436 64
437 53
459 93
470 56
472 77
476 54
480 69
489 4
490 95
493 56
494 93
495 56
500 60
504 62
513 29
532 85
537 52
543 39
550 22
551 5
555 39
563 73
567 30
572 22
578 95
585 68
588 64
590 74
597 87
612 35
618 52
622 37
625 31
629 70
634 46
639 34
641 97
653 39
666 10
668 73
673 3
677 1
680 60
685 31
689 27
695 64
707 51
708 33
711 62
712 3
714 65
716 82
718 46
723 61
733 70
737 21
749 40
751 7
753 41
754 15
755 82
757 31
758 94
768 81
770 65
779 66
784 82
790 27
794 22
795 30
800 15
802 56
803 2
805 0
807 23
808 2
809 75
816 26
822 40
826 30
841 55
843 27
848 38
849 5
851 38
854 91
857 46
858 39
863 52
869 16
871 64
875 62
883 68
884 16
886 32
889 3
894 6
895 48
897 78
907 85
912 28
914 27
922 91
929 17
930 48
933 29
934 5
936 35
947 83
949 34
950 1
954 50
956 66
958 88
960 97
964 37
967 2
969 94
977 19
980 45
983 77
1005 72
1006 63
1009 14
1010 76
1011 77
1015 11
1023 25
1034 57
1036 58
1047 93
1049 66
1053 37
1058 7
1064 9
1066 73
1078 28
1084 99
1097 26
1102 73
1104 25
1106 72
1108 17
1117 82
1122 68
1123 35
1130 82
1131 22
1135 56
1140 1
1146 92
1148 70
1155 2
1173 57
1174 32
1186 96
1193 86
1197 79
1202 20
1209 27
1224 37
1226 26
1229 24
1230 29
1232 77
1234 50
1239 62
1240 61
1243 30
1244 10
1247 50
1249 32
1252 6
1253 91
1256 95
1257 29
1258 39
1260 75
1264 30
1268 54
1278 23
1279 51
1289 0
1293 23
1302 68
1303 29
1306 41
1307 5
1311 24
1316 97
1322 35
1323 49
1324 63
1327 29
1335 19
1336 4
1337 5
1340 43
1349 68
1354 19
1355 56
1364 36
1370 9
1373 75
1383 72
1388 49
1390 8
1394 40
1400 21
1402 70
1407 88
1409 28
1413 77
1415 49
1425 90
1430 51
1431 53
1432 11
1440 93
1444 58
1449 99
1454 87
1455 31
1466 91
1467 78
1471 62
1478 48
1485 42
1488 28
1491 8
1492 6
1493 11
1495 59
1503 69
1510 80
1514 43
1530 30
1535 60
1539 66
1554 10
1555 55
1560 10
1562 61
1564 0
1568 46
1571 42
1575 32
1587 93
1595 69
1600 83
1601 5
1602 97
1604 53
1611 22
1614 96
1616 46
1618 98
1620 27
1622 94
1628 87
1632 8
1635 29
1639 10
1648 31
1661 14
1667 83
1668 28
1679 77
1685 17
1702 67
1703 98
1706 6
1714 12
1721 98
1725 49
1727 45
1735 9
1748 18
1749 59
1752 98
1756 5
1759 84
1761 52
1767 34
1770 57
1774 47
1775 18
1780 38
1808 25
1816 88
1822 6
1826 36
1832 55
1843 40
1844 0
1853 49
1854 51
1858 84
1869 41
1874 3
1877 43
1881 37
1882 73
1884 53
1891 90
1893 35
1903 95
1905 93
1908 48
1909 88
1917 9
1925 87
1939 17
1950 0
1951 58
1952 56
1957 56
1962 50
1964 43
1973 35
1985 58
1992 17
1994 91
1995 4
2000 72
2003 48
2009 46
2013 79
2016 87
2018 65
2026 79
2029 13
2031 47
2034 62
2037 4
2038 12
2039 44
2044 87
2045 53
2048 80
2062 53
2069 75
2084 0
2086 62
2089 56
2092 19
2099 66
2102 29
2105 73
2107 85
2113 64
2114 5
2116 90
2117 75
2119 89
2121 8
2129 76
2131 92
2133 89
2143 19
2152 96
2158 47
2160 52
2163 64
2164 4
2167 31
2168 11
2172 60
2180 46
2182 53
2184 4
2188 67
2193 86
2195 93
2197 75
2204 22
2209 85
2211 53
2217 10
2221 61
2227 80
2229 57
2238 64
2241 49
2243 45
2252 87
2258 69
2265 56
2266 24
2272 23
2285 62
2298 15
2304 48
2305 17
2308 38
2320 93
2322 96
2326 18
2327 14
2333 59
2341 21
2351 82
2363 82
2367 64
2368 16
2369 11
2370 82
2372 63
2374 62
2376 85
2379 98
2384 78
2385 83
2389 93
2391 17
2392 18
2395 36
2397 70
2398 7
2400 93
2403 27
2407 58
2409 81
2410 7
2416 2
2417 99
2438 61
2443 24
2451 75
2457 58
2461 36
2462 87
2463 67
2471 6
2473 85
2480 42
2481 16
2484 63
2492 18
2493 19
2505 58
2510 46
2511 56
2512 17
2514 58
2516 95
2520 32
2526 24
2538 81
2545 16
2558 55
2560 21
2564 17
2568 18
2571 29
2572 44
2573 90
2582 35
2586 35
2594 5
2595 74
2598 54
2604 15
2627 69
2631 75
2636 20
2638 52
2642 29
2654 53
2658 87
2668 32
2669 91
2670 63
2671 6
2672 98
2675 65
2678 95
2682 65
2689 1
2690 94
2694 84
2695 27
2698 18
2700 15
2704 43
2705 19
2708 20
2712 39
2723 40
2726 37
2733 1
2746 78
2752 92
2756 53
2763 87
2765 64
2780 30
2782 2
2784 24
2786 75
2799 42
2800 48
2801 86
2803 81
2816 17
2818 67
2821 88
2827 9
2829 26
2836 69
2843 99
2846 44
2850 27
2857 33
2867 43
2875 98
2878 50
2881 77
2882 2
2886 0
2889 26
2890 54
2911 82
2913 82
2915 68
2923 5
2925 49
2930 58
2941 65
2942 8
2945 45
2948 74
2949 7
2952 83
2962 6
2963 52
2964 4
2967 44
2986 15
2994 37
2995 8
3000 48
3010 39
3018 85
3020 9
3024 7
3028 93
3032 23
3033 10
3034 77
3039 7
3048 29
3051 65
3057 81
3070 26
3073 74
3076 44
3077 64
3079 51
3082 39
3085 74
3095 45
3096 11
3102 50
3106 10
3107 19
3119 95
3126 70
3129 78
3131 40
3138 30
3143 15
3144 58
3148 66
3149 15
3156 68
3163 5
3171 98
3172 46
3175 68
3181 60
3186 94
3199 35
3207 90
3215 86
3224 29
3225 17
3241 87
3245 57
3248 67
3249 77
3252 44
3256 39
3261 7
3263 82
3264 69
3269 32
3270 22
3271 23
3272 86
3274 0
3277 68
3280 69
3282 83
3284 13
3304 92
3312 8
3314 51
3315 55
3319 97
3326 83
3333 89
3336 32
3340 29
3346 4
3348 0
3358 26
3362 64
3370 73
3371 32
3380 5
3381 38
3384 62
3388 78
3389 36
3390 37
3403 1
3412 90
3415 92
3416 79
3417 0
3430 98
3449 11
3455 82
3457 62
3458 2
3463 90
3470 71
3475 5
3481 28
3492 73
3494 2
3495 41
3500 84
3504 98
3509 40
3512 40
3515 17
3519 87
3522 96
3525 11
3527 8
3537 27
3538 82
3541 47
3542 8
3557 78
3558 88
3562 71
3565 42
3568 59
3571 39
3582 1
3600 11
3601 3
3603 84
3608 23
3623 88
3625 19
3631 99
3632 94
3633 65
3638 83
3649 65
3653 10
3660 90
3662 7
3665 22
3666 77
3673 87
3675 72
3678 59
3684 3
3687 79
3689 9
3690 30
3692 17
3694 54
3696 70
3700 99
3701 82
3702 84
3704 18
3708 81
3710 55
3713 49
3717 1
3725 17
3730 36
3735 65
3736 88
3739 81
3740 36
3764 95
3765 16
3772 96
3775 69
3778 54
3785 2
3788 60
3796 5
3799 44
3801 47
3804 90
3806 4
3807 52
3811 97
3818 40
3819 47
3827 73
3832 91
3841 17
3847 0
3872 41
3879 34
3880 0
3883 14
3884 29
3885 19
3887 87
3889 21
3895 31
3896 42
3903 76
3907 79
3912 19
3919 89
3928 17
3931 23
3946 76
3959 50
3963 96
3976 77
3977 48
3978 12
3981 18
3982 47
4002 23
4010 42
4011 39
4013 26
4016 56
4017 82
4019 87
4022 87
4023 32
4029 98
4030 67
4036 33
4045 65
4056 65
4061 10
4075 81
4080 63
4083 22
4092 14
4101 78
4104 29
4105 88
4110 43
4113 84
4116 6
4117 58
4130 91
4132 68
4144 30
4146 43
4157 54
4161 62
4165 82
4166 26
4170 51
4182 4
4187 71
4195 5
4211 23
4214 24
4216 30
4219 46
4227 94
4231 31
4241 4
4242 51
4244 17
4246 85
4249 41
4252 31
4259 53
4265 68
4271 12
4273 38
4274 9
4275 66
4283 56
4285 56
4287 30
4288 85
4289 87
4295 59
4297 3
4301 93
4305 32
4311 43
4313 2
4315 47
4324 83
4325 99
4333 49
4338 74
4347 79
4348 39
4360 27
4365 46
4368 95
4372 34
4382 14
4386 69
4390 60
4394 64
4398 75
4400 95
4401 57
4406 17
4416 8
4426 65
4427 61
4441 96
4447 58
4450 95
4459 52
4461 35
4462 96
4467 0
4470 71
4473 8
4476 28
4479 47
4487 55
4501 61
4506 78
4507 39
4514 82
4518 63
4533 24
4538 25
4539 82
4543 39
4545 16
4546 98
4560 66
4568 89
4574 59
4575 61
4579 5
4584 97
4589 19
4596 8
4598 38
4601 34
4603 87
4609 87
4624 55
4627 93
4642 14
4643 50
4651 97
4664 60
4679 79
4681 43
4685 20
4688 29
4690 76
4701 3
4702 18
4703 10
4709 39
4711 56
4716 67
4717 42
4718 23
4721 81
4725 73
4729 30
4731 66
4740 83
4743 26
4744 83
4745 56
4754 31
4755 25
4761 16
4762 4
4771 32
4778 99
4779 34
4792 24
4795 44
4796 53
4806 15
4808 44
4815 22
4822 25
4826 34
4829 42
4831 67
4832 8
4834 56
4843 49
4846 39
4855 73
4857 35
4858 65
4864 10
4867 21
4868 22
4875 12
4890 96
4895 38
4899 39
4908 18
4910 83
4914 38
4919 51
4921 24
4922 81
4933 47
4945 87
4950 59
4951 61
4952 55
4958 72
4963 79
4965 34
4972 49
4973 56
4975 79
4977 51
4993 20
4994 23
5007 99
5008 81
5041 13
5044 31
5045 46
5046 42
5051 54
5057 54
5059 31
5060 76
5062 38
5064 44
5071 83
5075 28
5081 46
5084 36
5087 95
5089 73
5095 94
5098 44
5108 44
5116 34
5118 34
5119 82
5121 95
5122 83
5124 65
5125 79
5133 71
5140 55
5141 67
5143 82
5144 4
5155 49
5156 84
5164 54
5167 70
5170 30
5174 43
5177 60
5191 19
5196 18
5198 37
5203 64
5205 29
5206 16
5207 8
5208 61
5211 15
5215 11
5216 59
5227 34
5229 90
5231 52
5243 78
5246 69
5255 98
5258 23
5260 60
5266 78
5283 16
5288 40
5296 83
5304 31
5312 24
5314 21
5322 67
5336 62
5344 50
5356 0
5363 76
5367 84
5370 64
5383 32
5386 1
5388 38
5389 71
5391 41
5392 92
5395 35
5400 36
5403 6
5421 80
5423 27
5430 36
5431 8
5440 63
5441 13
5447 7
5452 38
5470 20
5478 85
5480 59
5485 84
5489 63
5490 65
5491 42
5492 22
5511 93
5513 47
5528 28
5538 76
5541 83
5542 73
5557 79
5559 36
5565 14
5574 20
5575 94
5577 73
5580 85
5581 57
5590 26
5591 7
5593 33
5595 91
5596 67
5601 35
5602 63
5604 82
5606 35
5607 89
5609 38
5619 58
5622 6
5628 28
5630 86
5635 4
5642 64
5651 98
5655 98
5657 53
5658 76
5659 96
5664 49
5665 10
5670 76
5672 88
5673 1
5675 96
5683 65
5685 51
5687 6
5689 79
5692 41
5706 60
5709 69
5714 37
5715 10
5716 13
5722 91
5729 0
5730 22
5735 35
5736 16
5737 0
5742 43
5756 41
5760 90
5762 13
5767 98
5771 60
5773 10
5775 65
5778 65
5782 96
5786 81
5790 38
5799 96
5801 8
5803 19
5815 45
5835 3
5849 3
5850 71
5851 40
5863 54
5867 42
5870 64
5879 6
5880 96
5882 95
5887 21
5890 40
5891 48
5892 62
5906 78
5909 78
5910 3
5915 13
5928 73
5929 33
5949 44
5953 58
5960 69
5962 12
5966 23
5970 50
5987 51
5998 44
6000 21
6001 98
6005 35
6007 76
6011 48
6015 26
6018 19
6019 68
6022 85
6023 84
6024 69
6026 64
6028 26
6030 92
6032 75
6035 16
6036 1
6038 68
6047 11
6050 69
6057 6
6062 60
6063 6
6065 35
6081 3
6091 79
6105 33
6108 23
6112 70
6119 10
6132 17
6140 0
6142 36
6143 48
6147 16
6149 61
6150 8
6151 50
6153 80
6154 46
6161 59
6168 10
6174 27
6177 29
6178 90
6181 73
6182 3
6189 78
6196 95
6201 10
6203 67
6206 34
6216 85
6220 28
6224 18
6227 49
6239 90
6240 75
6248 80
6249 64
6254 72
6260 71
6265 56
6269 66
6277 11
6280 41
6286 35
6287 59
6291 79
6313 30
6328 65
6331 71
6344 50
6363 16
6366 28
6367 50
6369 23
6373 39
6383 40
6391 67
6394 5
6404 51
6405 99
6413 2
6414 81
6420 22
6424 55
6428 53
6435 62
6444 27
6446 91
6447 90
6460 53
6469 70
6471 49
6476 34
6482 34
6483 79
6484 64
6486 79
6487 92
6490 31
6498 27
6499 81
6502 92
6504 65
6506 97
6508 66
6509 65
6512 78
6524 83
6525 91
6526 53
6527 17
6529 60
6534 26
6540 27
6544 39
6554 94
6557 26
6561 36
6576 90
6588 19
6592 18
6594 92
6597 1
6604 69
6605 68
6606 78
6611 34
6616 34
6648 41
6649 68
6655 88
6660 57
6667 67
6671 28
6674 45
6681 19
6685 42
6692 28
6701 81
6702 65
6707 82
6716 22
6726 8
6732 56
6733 72
6735 7
6736 82
6740 14
6741 27
6742 26
6744 1
6759 53
6760 67
6765 9
6776 60
6782 16
6785 22
6786 34
6787 89
6791 60
6795 70
6796 12
6804 52
6819 54
6820 2
6821 37
6823 49
6825 50
6826 96
6831 37
6833 70
6840 13
6847 2
6853 78
6856 26
6863 96
6873 75
6880 57
6883 68
6884 69
6885 72
6890 74
6891 27
6893 51
6901 81
6904 88
6909 56
6911 70
6912 54
6913 26
6915 4
6916 96
6921 32
6945 5
6948 57
6956 15
6957 59
6960 93
6961 84
6964 37
6973 20
6976 71
6979 65
6981 66
6990 52
6993 94
6995 80
7003 0
7009 81
7011 25
7018 45
7023 15
7024 5
7026 60
7028 48
7030 46
7034 90
7046 44
7048 40
7054 45
7064 32
7067 17
7068 94
7073 2
7078 7
7088 39
7089 4
7098 64
7099 43
7106 84
7108 94
7114 16
7119 4
7124 80
7132 61
7134 25
7148 28
7159 56
7164 38
7165 78
7173 42
7180 37
7181 30
7183 1
7185 13
7186 97
7191 44
7192 50
7198 50
7211 32
7218 13
7219 57
7230 41
7231 72
7234 96
7237 6
7241 21
7257 49
7259 56
7271 54
7276 42
7293 87
7299 35
7316 27
7337 67
7341 17
7349 97
7351 83
7358 30
7362 33
7368 66
7378 19
7379 87
7381 64
7390 27
7393 41
7395 55
7396 2
7408 72
7409 64
7413 61
7414 78
7416 38
7423 9
7430 95
7434 84
7436 45
7437 9
7449 12
7453 40
7457 12
7458 33
7462 96
7463 77
7467 90
7468 57
7471 42
7472 23
7476 75
7495 3
7506 88
7512 95
7513 48
7516 43
7518 13
7520 84
7524 71
7525 0
7547 68
7560 54
7562 6
7568 33
7574 69
7577 17
7585 65
7587 98
7593 19
7597 64
7598 18
7604 16
7609 3
7611 14
7618 76
7623 32
7628 28
7633 4
7640 97
7641 52
7642 26
7649 34
7650 14
7652 52
7653 7
7661 47
7663 86
7674 69
7688 14
7699 80
7709 51
7710 93
7716 60
7722 41
7723 87
7742 29
7772 47
7775 35
7776 54
7778 25
7786 13
7791 68
7793 13
7794 31
7804 92
7805 82
7806 62
7811 45
7817 99
7825 95
7826 38
7829 75
7831 39
7833 32
7835 28
7836 6
7838 19
7848 30
7862 20
7865 92
7873 76
7890 7
7910 2
7912 68
7914 39
7919 3
7933 43
7951 94
7952 58
7960 91
7964 95
7976 91
7989 35
7993 83
7997 87
8004 97
8005 23
8007 83
8011 43
8024 10
8029 87
8031 5
8033 69
8039 47
8040 89
8045 30
8047 97
8065 24
8066 8
8067 14
8071 25
8080 33
8081 51
8089 46
8100 79
8101 90
8102 37
8108 3
8112 84
8115 32
8117 40
8124 21
8138 38
8142 33
8153 28
8163 98
8166 0
8178 86
8182 91
8184 40
8187 86
8191 28
8200 80
8201 86
8202 82
8206 11
8210 60
8211 97
8214 11
8225 68
8228 60
8229 13
8238 43
8242 92
8261 4
8265 40
8269 16
8270 76
8271 71
8272 16
8276 63
8279 32
8282 10
8289 92
8296 82
8298 98
8301 63
8302 5
8303 52
8322 87
8340 80
8344 70
8349 13
8350 86
8352 53
8355 60
8356 12
8360 10
8364 47
8367 7
8368 41
8379 21
8388 83
8395 2
8401 21
8405 39
8412 46
8420 1
8422 59
8423 3
8426 77
8429 51
8436 58
8437 18
8438 84
8439 42
8442 31
8445 72
8448 22
8454 41
8455 20
8456 74
8457 33
8467 6
8472 25
8473 71
8477 36
8485 10
8489 50
8494 28
8495 27
8500 37
8501 74
8502 84
8505 9
8511 92
8512 85
8515 61
8520 86
8530 18
8533 69
8538 73
8542 19
8549 31
8567 19
8573 50
8578 7
8591 74
8592 25
8597 53
8600 63
8602 68
8612 98
8617 50
8619 44
8620 54
8622 38
8627 85
8629 28
8641 24
8642 71
8648 2
8655 7
8657 7
8662 5
8668 83
8673 47
8684 3
8690 43
8692 93
8700 35
8703 81
8711 82
8714 35
8717 55
8735 76
8738 45
8745 81
8746 81
8747 3
8756 70
8759 11
8761 90
8766 98
8767 72
8768 21
8781 72
8784 13
8795 64
8797 0
8805 96
8809 81
8815 96
8816 59
8819 8
8835 20
8837 8
8843 88
8845 3
8847 88
8854 96
8856 48
8862 54
8866 45
8867 57
8887 86
8890 17
8896 62
8911 38
8922 37
8923 97
8925 6
8927 16
8929 48
8931 49
8935 71
8936 16
8937 16
8943 86
8945 10
8947 17
8952 41
8953 40
8964 53
8971 37
8972 49
8975 47
8984 3
8993 23
9002 73
9005 15
9008 81
9010 6
9015 46
9023 71
9029 36
9031 37
9058 87
9060 95
9070 14
9074 14
9080 0
9086 55
9093 61
9094 3
9103 23
9106 76
9108 51
9121 0
9127 45
9131 61
9132 65
9133 38
9137 62
9153 34
9157 20
9159 40
9164 78
9167 6
9176 3
9181 46
9183 36
9198 97
9206 52
9212 26
9213 77
9214 74
9215 14
9233 84
9241 18
9249 35
9262 75
9263 1
9266 33
9269 31
9275 70
9281 80
9283 1
9288 48
9290 33
9291 14
9305 81
9306 13
9314 34
9315 40
9335 73
9342 88
9350 97
9355 31
9356 97
9358 11
9359 55
9361 56
9365 16
9366 60
9367 22
9379 33
9382 20
9383 41
9385 51
9390 50
9393 97
9395 47
9405 79
9406 50
9411 97
9414 15
9416 49
9428 50
9430 31
9432 23
9434 2
9437 21
9448 67
9453 2
9455 4
9460 97
9484 0
9485 93
9491 5
9492 99
9503 0
9507 34
9508 81
9513 98
9521 57
9523 29
9525 14
9528 66
9532 52
9533 36
9537 42
9542 12
9544 94
9548 22
9550 75
9551 0
9552 55
9554 74
9565 78
9573 93
9579 80
9580 16
9584 4
9585 99
9596 90
9600 24
9602 9
9606 35
9609 68
9613 44
9618 17
9619 65
9633 9
9634 83
9635 54
9639 38
9641 30
9642 94
9644 57
9663 21
9670 58
9682 17
9689 9
9694 5
9699 34
9700 13
9702 40
9706 65
9708 98
9709 41
9714 63
9723 97
9738 81
9749 52
9752 5
9753 98
9754 37
9759 16
9760 31
9769 21
9779 10
9781 75
9808 74
9813 77
9823 7
9825 62
9828 94
9831 40
9835 64
9836 86
9844 25
9848 68
9868 65
9870 30
9876 29
9880 79
9886 71
9888 0
9889 9
9890 43
9892 25
9896 93
9897 58
9899 93
9900 76
9902 37
9904 54
9910 36
9917 60
9921 21
9924 35
9926 67
9931 21
9932 30
9939 39
9952 90
9958 47
9964 60
9970 50
9971 98
9972 34
9987 51
9993 43
9996 25
9997 48
10008 53
10019 83
10025 63
10028 73
10029 6
10039 12
10044 18
10047 39
10049 69
10055 98
10058 57
10060 60
10061 17
10062 0
10066 53
10076 0
10081 16
10095 24
10106 85
10107 43
10112 79
10116 8
10119 54
10123 35
10129 75
10133 64
10134 23
10136 62
10138 70
10143 49
10144 51
10149 96
10152 6
10153 96
10162 40
10163 63
10164 8
10165 80
10166 31
10167 96
10181 13
10186 22
10192 84
10193 71
10200 26
10203 61
10210 69
10215 68
10218 54
10224 58
10225 67
10230 50
10231 24
10236 51
10238 77
10244 81
10247 0
10252 79
10258 11
10261 53
10265 3
10268 52
10271 43
10279 97
10283 11
10285 93
10294 81
10295 5
10296 76
10302 75
10303 53
10309 67
10316 47
10321 14
10325 78
10329 90
10331 44
10341 6
10361 1
10363 86
10372 39
10374 69
10379 3
10380 98
10396 94
10400 44
10402 69
10409 54
10410 0
10414 58
10420 49
10425 98
10434 87
10435 20
10439 99
10442 45
10450 53
10453 43
10456 84
10457 33
10461 91
10481 40
10487 25
10494 84
10497 56
10502 11
10510 41
10513 55
10517 83
10524 89
10532 26
10535 54
10536 13
10547 4
10557 4
10566 1
10570 95
10573 38
10576 7
10577 74
10579 84
10587 83
10598 93
10601 2
10614 25
10616 73
10619 74
10623 98
10633 79
10636 1
10644 2
10647 68
10650 61
10655 18
10663 7
10678 50
10687 82
10690 87
10692 73
10698 59
10707 46
10738 50
10747 76
10755 93
10757 56
10759 60
10765 33
10766 31
10768 41
10776 62
10777 15
10785 49
10790 74
10801 48
10817 37
10818 92
10826 32
10827 44
10831 63
10843 68
10847 78
10851 83
10852 48
10853 85
10857 79
10862 98
10869 83
10881 7
10890 64
10893 46
10894 34
10896 61
10904 98
10909 95
10911 76
10912 89
10914 91
10918 95
10921 33
10928 66
10932 0
10934 87
10941 93
10952 82
10954 56
10956 2
10957 28
10959 75
10973 74
10983 41
10989 4
11004 36
11026 71
11027 12
11029 50
11032 16
11033 39
11034 35
11038 50
11039 12
11048 65
11050 96
11052 54
11063 97
11070 31
11075 94
11078 51
11081 57
11085 96
11091 11
11095 95
11102 39
11103 30
11118 62
11125 82
11133 58
11141 15
11142 69
11165 52
11170 0
11173 86
11177 94
11179 68
11181 75
11183 83
11184 5
11189 80
11190 89
11192 15
11196 6
11198 42
11200 67
11201 0
11202 20
11206 77
11211 48
11216 36
11217 57
11220 11
11221 47
11225 70
11231 78
11232 46
11233 72
11234 52
11236 43
11248 42
11252 66
11255 40
11281 64
11283 55
11286 40
11288 83
11290 46
11295 75
11299 63
11301 95
11305 86
11311 46
11317 13
11328 97
11337 65
11341 86
11342 33
11346 30
11350 28
11357 42
11364 58
11365 36
11374 22
11376 7
11379 9
11380 14
11384 95
11385 9
11393 50
11395 61
11416 63
11420 76
11428 1
11429 39
11436 62
11442 44
11449 29
11451 21
11458 0
11460 17
11463 12
11472 69
11474 8
11475 56
11485 55
11491 20
11495 16
11498 61
11508 45
11509 38
11513 25
11515 96
11517 87
11522 5
11526 23
11533 75
11537 61
11538 31
11540 6
11552 65
11554 10
11556 42
11560 65
11571 82
11572 24
11574 3
11577 80
11579 46
11581 12
11597 96
11607 14
11608 27
11612 73
11622 31
11649 63
11653 30
11655 88
11657 13
11658 29
11661 92
11664 7
11671 81
11672 83
11673 34
11677 60
11678 50
11679 50
11685 20
11691 17
11700 14
11703 11
11705 58
11706 67
11710 47
11711 8
11712 54
11715 26
11726 24
11730 84
11733 42
11738 32
11749 50
11750 0
11752 50
11758 63
11768 69
11770 84
11789 16
11793 50
11794 5
11796 58
11802 6
11804 49
11806 27
11812 74
11814 33
11819 69
11821 30
11828 97
11829 30
11834 29
11836 94
11837 84
11838 91
11843 2
11851 82
11855 11
11858 6
11862 26
11882 53
11897 60
11898 99
11901 60
11903 22
11904 87
11905 19
11908 11
11910 94
11922 12
11925 91
11929 58
11935 63
11943 22
11945 59
11946 60
11950 45
11954 35
11955 94
11962 94
11968 39
11982 94
11995 43
11998 20
11999 93
12002 61
12009 40
12011 80
12014 61
12016 54
12035 42
12037 6
12038 36
12040 92
12049 97
12052 16
12060 1
12066 40
12070 84
12071 10
12082 20
12084 12
12085 26
12087 86
12091 43
12092 80
12096 40
12098 21
12105 38
12107 96
12111 92
12114 67
12117 49
12127 47
12128 61
12135 9
12139 11
12153 61
12159 96
12166 78
12168 51
12179 11
12189 80
12190 6
12191 81
12202 0
12203 78
12204 48
12208 16
12211 29
12214 15
12217 61
12230 86
12231 94
12234 87
12243 97
12263 81
12272 81
12294 48
12297 83
12301 43
12309 38
12310 53
12312 77
12313 87
12315 88
12319 26
12325 6
12326 28
12338 82
12339 47
12340 21
12343 49
12346 2
12351 73
12352 94
12353 45
12359 23
12360 19
12362 76
12366 66
12368 94
12372 17
12375 71
12379 2
12426 77
12427 15
12434 47
12437 84
12440 21
12442 98
12444 96
12446 16
12448 21
12457 63
12462 61
12463 70
12465 99
12467 11
12487 10
12491 8
12505 90
12507 60
12509 46
12510 14
12516 17
12522 66
12524 27
12535 82
12536 23
12548 42
12557 62
12564 77
12565 33
12568 8
12570 86
12577 47
12579 11
12581 8
12597 19
12601 4
12611 55
12617 87
12618 34
12623 35
12635 79
12646 32
12647 13
12667 89
12675 85
12680 44
12686 80
12688 16
12702 34
12706 72
12710 56
12712 53
12713 79
12715 22
12717 72
12726 62
12730 53
12733 54
12738 59
12742 78
12747 29
12750 12
12755 35
12758 74
12765 59
12769 84
12779 92
12783 23
12791 35
12796 42
12798 62
12799 29
12800 11
12814 72
12815 83
12818 23
12833 37
12836 86
12838 63
12839 8
12841 20
12842 96
12850 52
12864 51
12877 88
12881 89
12884 72
12888 31
12894 29
12898 53
12905 23
12908 79
12910 97
12914 80
12921 65
12924 74
12936 54
12945 73
12950 2
12951 86
12952 32
12958 21
12961 27
12968 25
12970 31
12976 8
12978 20
12988 37
12989 87
12991 16
12993 78
13002 63
13004 33
13005 14
13015 52
13022 74
13030 98
13042 71
13044 38
13047 12
13052 86
13059 91
13060 1
13061 46
13067 11
13073 73
13082 58
13085 72
13088 35
13093 53
13096 49
13097 39
13098 49
13111 76
13120 97
13122 58
13126 26
13127 12
13131 70
13133 22
13138 39
13146 86
13147 11
13148 69
13164 72
13165 43
13174 2
13194 83
13211 90
13214 47
13226 42
13231 53
13242 27
13245 57
13247 65
13248 50
13251 64
13254 83
13259 88
13262 63
13269 30
13273 32
13279 7
13289 49
13292 64
13293 19
13298 71
13309 97
13311 96
13318 65
13325 54
13327 99
13328 51
13332 38
13344 11
13345 57
13348 84
13349 68
13355 5
13367 15
13369 87
13388 94
13404 86
13406 22
13408 78
13418 76
13419 46
13422 99
13424 87
13427 53
13429 40
13433 80
13445 50
13448 70
13452 84
13456 81
13458 20
13460 24
13464 51
13465 2
13486 99
13487 35
13499 77
13500 73
13505 82
13508 40
13509 12
13510 1
13511 23
13513 76
13537 3
13538 68
13540 69
13544 8
13553 40
13575 23
13579 14
13582 71
13586 16
13589 58
13594 10
13600 63
13601 20
13614 26
13617 42
13625 97
13631 63
13634 64
13635 3
13636 85
13645 72
13652 53
13653 13
13662 71
13671 63
13678 57
13688 49
13702 64
13705 59
13719 13
13723 52
13733 43
13737 95
13740 1
13745 81
13749 50
13763 81
13766 3
13771 68
13775 32
13779 47
13784 54
13807 31
13811 44
13814 92
13820 0
13828 89
13839 89
13852 6
13855 80
13863 25
13865 83
13872 74
13874 97
13875 79
13877 6
13878 96
13886 52
13888 42
13897 71
13900 30
13905 69
13907 57
13910 46
13911 4
13918 76
13921 3
13933 65
13935 6
13946 33
13964 96
13966 45
13969 36
13974 28
13977 90
13980 85
13987 82
13989 20
13995 65
14008 26
14009 26
14011 10
14020 3
14022 48
14024 92
14028 93
14030 44
14039 26
14049 84
14052 70
14055 81
14057 43
14063 85
14065 74
14067 34
14069 25
14096 65
14099 53
14105 64
14109 98
14111 55
14119 25
14123 30
14140 30
14145 55
14151 30
14161 24
14165 97
14166 26
14170 60
14177 30
14178 39
14180 71
14193 58
14204 77
14216 9
14220 97
14230 6
14232 43
14233 97
14239 28
14247 2
14251 10
14255 55
14261 45
14264 66
14271 1
14278 46
14283 87
14291 66
14292 22
14297 70
14298 70
14299 53
14300 55
14307 50
14315 61
14317 1
14343 31
14349 84
14352 1
14353 84
14360 97
14363 95
14365 23
14366 49
14382 56
14383 77
14386 82
14388 56
14391 27
14394 49
14397 46
14398 43
14399 94
14405 48
14409 40
14410 1
14419 95
14425 24
14426 14
14430 93
14431 51
14436 7
14438 47
14453 46
14455 89
14462 12
14468 83
14474 17
14483 52
14497 53
14502 70
14511 42
14527 0
14533 88
14535 25
14539 60
14543 61
14563 95
14564 61
14568 47
14570 93
14576 71
14578 12
14580 16
14584 7
14589 94
14601 27
14604 27
14615 71
14618 61
14627 89
14628 68
14629 30
14637 31
14640 71
14650 75
14656 39
14657 28
14659 16
14667 28
14676 30
14680 96
14696 61
14700 36
14709 41
14710 65
14712 18
14714 85
14716 66
14717 39
14721 20
14727 39
14730 17
14751 25
14759 60
14765 99
14769 63
14772 9
14775 94
14776 29
14780 76
14795 34
14796 16
14801 22
14804 10
14806 94
14817 42
14818 21
14826 48
14830 26
14835 35
14839 11
14840 36
14843 86
14845 71
14848 12
14850 50
14851 55
14856 85
14877 50
14879 65
14882 5
14883 17
14884 3
14892 51
14893 4
14894 24
14895 79
14906 21
14915 36
14916 65
14927 44
14928 60
14931 51
14933 38
14938 56
14940 73
14945 63
14948 77
14951 3
14953 92
14959 21
14963 77
14964 20
14966 54
14967 95
14969 91
14977 58
14982 92
14986 58
14990 38
14991 2
14995 48
15000 72
15001 94
15009 55
15014 45
15020 33
15042 25
15046 84
15047 92
15061 81
15067 18
15068 78
15069 14
15072 62
15073 83
15078 66
15082 58
15088 37
15109 84
15132 21
15134 65
15141 93
15142 3
15147 15
15156 95
15157 19
15158 36
15161 84
15165 45
15167 46
15169 55
15171 93
15172 97
15174 75
15180 15
15181 33
15183 93
15185 73
15193 1
15194 26
15202 95
15203 30
15217 10
15227 38
15233 77
15235 16
15240 40
15248 41
15251 20
15254 67
15255 12
15257 7
15266 12
15267 4
15268 59
15273 29
15280 30
15287 8
15291 82
15295 35
15298 72
15304 92
15305 65
15309 5
15314 75
15317 85
15318 57
15321 56
15326 82
15333 61
15342 3
15345 2
15349 27
15351 51
15363 38
15365 4
15375 16
15379 39
15380 5
15384 50
15386 51
15394 58
15397 31
15408 63
15415 97
15421 60
15425 49
15432 85
15440 68
15442 18
15443 31
15455 2
15456 59
15473 91
15475 9
15477 1
15484 15
15492 13
15494 44
15497 22
15508 67
15509 9
15512 12
15545 79
15551 24
15555 91
15569 33
15572 33
15573 36
15574 23
15586 46
15589 50
15594 31
15597 40
15603 59
15606 0
15608 6
15610 58
15619 11
15620 60
15624 46
15627 51
15628 26
15629 8
15631 14
15636 8
15643 82
15645 16
15650 34
15666 62
15667 34
15672 19
15675 14
15678 76
15691 68
15693 43
15699 61
15707 56
15709 97
15724 68
15742 88
15746 77
15755 37
15760 0
15767 54
15774 35
15775 62
15777 21
15783 54
15787 35
15788 8
15794 79
15821 55
15825 3
15826 46
15827 8
15829 50
15832 20
15860 33
15873 46
15876 65
15877 67
15879 15
15884 19
15886 69
15893 27
15894 1
15895 73
15898 45
15900 5
15902 97
15906 65
15909 69
15934 7
15935 42
15940 25
15947 61
15952 72
15953 50
15954 23
15956 94
15962 24
15963 94
15965 43
15970 50
15973 66
15974 99
15985 53
15992 51
15993 82
15995 98
16000 58
16003 57
16016 55
16022 69
16027 82
16029 12
16031 99
16039 26
16050 11
16052 49
16055 35
16059 41
16062 37
16065 3
16066 0
16069 29
16071 98
16078 40
16082 38
16092 3
16094 7
16098 35
16100 3
16103 44
16105 0
16106 31
16109 71
16110 26
16114 17
16118 72
16122 77
16126 50
16135 74
16136 80
16138 89
16146 83
16154 76
16156 26
16158 74
16164 58
16165 11
16170 9
16188 3
16190 33
16191 41
16192 66
16195 92
16197 99
16198 95
16200 25
16201 46
16202 39
16210 21
16211 5
16214 5
16221 81
16225 60
16227 82
16238 50
16243 32
16255 26
16266 48
16269 98
16274 5
16275 76
16277 52
16281 85
16282 88
16290 78
16291 77
16292 3
16305 27
16309 21
16312 63
16323 68
16325 9
16330 70
16336 6
16337 26
16354 8
16361 65
16373 36
16380 28
16385 9
16398 16
16399 5
16402 20
16408 55
16415 67
16416 99
16418 57
16421 68
16422 29
16426 55
16438 60
16442 72
16451 77
16456 66
16457 64
16458 59
16467 46
16469 66
16472 34
16474 26
16479 30
16481 0
16486 90
16490 89
16497 26
16498 20
16499 24
16508 54
16511 35
16526 65
16528 74
16529 77
16532 89
16533 47
16536 8
16538 31
16539 37
16542 67
16545 77
16547 78
16549 84
16550 19
16553 30
16561 34
16562 72
16566 11
16582 52
16584 34
16588 70
16598 42
16599 19
16601 75
16603 35
16618 39
16620 63
16630 66
16633 98
16637 19
16641 17
16649 28
16664 3
16668 36
16680 34
16681 12
16682 27
16692 33
16694 47
16714 55
16718 7
16727 50
16736 82
16737 86
16744 87
16746 78
16770 9
16776 27
16780 60
16781 24
16784 3
16787 73
16789 40
16792 57
16796 86
16797 55
16803 30
16807 27
16812 50
16822 16
16835 98
16838 41
16848 50
16851 51
16856 44
16858 55
16867 85
16870 69
16871 63
16876 85
16879 47
16881 21
16889 90
16890 80
16908 61
16919 2
16920 80
16925 35
16941 55
16949 2
16951 86
16953 34
16963 50
16965 62
16967 4
16970 15
16982 61
16988 20
16991 96
16997 0
17002 61
17005 18
17006 58
17008 32
17013 72
17026 38
17027 78
17030 13
17031 87
17033 69
17035 67
17040 63
17044 49
17046 9
17047 95
17048 10
17056 69
17057 14
17062 47
17063 49
17064 51
17067 96
17073 98
17081 67
17084 89
17088 41
17096 49
17103 70
17113 51
17114 30
17125 51
17127 60
17133 40
17137 35
17141 76
17142 64
17154 16
17158 3
17161 42
17165 38
17179 95
17184 21
17192 18
17194 95
17196 38
17200 68
17208 77
17210 86
17211 73
17223 84
17228 19
17229 38
17234 32
17236 16
17237 21
17239 99
17240 6
17241 13
17249 91
17257 77
17262 21
17263 8
17266 25
17275 35
17276 70
17278 80
17282 6
17285 92
17291 1
17295 12
17299 87
17302 7
17313 89
17321 87
17326 53
17335 78
17337 7
17341 95
17344 9
17348 54
17352 5
17355 61
17364 65
17371 33
17372 1
17374 51
17383 43
17385 56
17390 98
17401 87
17405 15
17406 11
17411 21
17421 84
17433 71
17438 15
17446 69
17462 51
17467 28
17470 71
17473 37
17475 55
17478 15
17484 68
17486 90
17487 70
17490 25
17495 75
17497 36
17502 8
17514 3
17517 13
17521 27
17526 98
17533 57
17550 93
17554 90
17560 81
17565 24
17590 83
17596 12
17599 47
17600 26
17603 82
17611 51
17615 68
17621 71
17622 32
17634 37
17643 93
17650 27
17656 96
17659 94
17669 59
17670 82
17674 51
17677 66
17680 99
17691 84
17697 30
17702 64
17703 3
17706 25
17709 78
17712 3
17716 5
17718 50
17720 64
17721 57
17723 25
17724 95
17731 27
17741 65
17743 30
17746 82
17748 92
17749 60
17750 94
17761 40
17763 61
17766 98
17767 35
17768 60
17773 97
17776 24
17786 27
17789 11
17793 38
17796 79
17798 16
17800 52
17808 77
17812 6
17823 2
17834 12
17836 31
17837 15
17838 78
17845 80
17846 91
17851 18
17853 49
17854 47
17856 86
17859 98
17866 17
17870 33
17872 25
17873 47
17878 23
17880 23
17886 16
17892 70
17893 5
17900 58
17903 13
17904 48
17929 49
17936 23
17942 84
17943 91
17949 46
17950 99
17960 93
17963 80
17964 83
17969 56
17980 63
17988 50
18002 62
18013 90
18016 70
18024 66
18032 3
18033 70
18041 77
18042 70
18043 35
18046 72
18047 75
18048 55
18050 91
18054 46
18056 91
18062 34
18063 97
18071 24
18074 15
18076 29
18091 17
18095 57
18099 94
18103 41
18104 81
18107 7
18126 82
18131 23
18133 9
18141 64
18145 50
18160 84
18166 33
18173 19
18176 49
18184 34
18189 60
18193 88
18194 46
18200 92
18208 16
18217 63
18225 68
18235 2
18239 44
18243 47
18245 33
18248 25
18250 14
18253 0
18254 68
18271 70
18272 47
18283 51
18290 83
18291 10
18298 79
18301 76
18302 25
18305 21
18306 71
18313 91
18316 13
18325 3
18330 0
18335 87
18345 91
18349 11
18351 93
18352 60
18354 51
18371 5
18372 25
18374 36
18378 37
18383 21
18396 30
18397 81
18398 89
18402 82
18405 10
18410 66
18417 88
18422 69
18426 84
18427 49
18430 88
18439 99
18446 51
18450 91
18452 8
18458 80
18471 77
18472 76
18473 90
18475 74
18476 56
18477 48
18479 35
18489 29
18493 86
18495 7
18500 58
18501 31
18503 9
18509 1
18510 86
18514 16
18516 50
18518 88
18524 86
18527 53
18528 53
18535 34
18538 23
18540 87
18542 51
18548 51
18549 87
18556 59
18558 16
18559 30
18562 15
18573 48
18574 46
18577 99
18580 25
18584 61
18585 91
18590 68
18591 55
18593 82
18596 66
18597 36
18598 1
18600 21
18602 37
18605 44
18606 60
18608 23
18614 58
18625 8
18643 48
18649 6
18654 16
18658 58
18659 16
18663 74
18665 99
18667 14
18668 36
18675 87
18676 40
18679 61
18683 36
18684 40
18686 20
18699 14
18700 17
18701 80
18707 7
18711 46
18714 57
18717 62
18719 35
18725 99
18727 60
18744 20
18745 2
18769 54
18770 36
18772 5
18779 69
18789 48
18794 89
18801 46
18805 18
18806 5
18810 10
18813 89
18815 20
18817 2
18825 89
18832 44
18836 51
18844 11
18845 62
18848 82
18854 73
18862 52
18864 35
18869 57
18873 15
18875 69
18877 97
18880 63
18898 82
18901 83
18903 5
18906 92
18923 60
18931 36
18934 36
18940 44
18944 94
18945 66
18947 56
18954 93
18959 13
18973 97
18976 74
18978 38
18987 70
18991 66
18992 79
18993 44
18998 9
19003 37
19005 67
19013 7
19015 88
19020 75
19023 14
19028 46
19031 24
19036 31
19066 18
19067 57
19071 74
19098 13
19104 65
19109 79
19116 19
19125 26
19127 17
19130 18
19134 14
19147 3
19151 57
19154 63
19155 20
19157 10
19158 28
19165 66
19169 27
19172 67
19173 26
19174 24
19175 75
19176 3
19180 65
19197 72
19207 21
19211 34
19215 7
19221 2
19231 50
19232 4
19245 45
19255 24
19256 34
19265 80
19267 30
19269 47
19285 14
19289 41
19292 27
19295 77
19296 67
19297 95
19302 80
19313 87
19321 83
19326 95
19327 51
19329 68
19330 66
19331 52
19333 4
19336 20
19350 91
19359 34
19360 26
19366 54
19371 32
19378 58
19390 69
19394 36
19396 64
19399 60
19401 82
19402 20
19404 85
19408 44
19419 67
19420 64
19435 40
19439 55
19445 59
19448 72
19449 63
19451 26
19461 62
19463 19
19470 29
19476 23
19478 67
19482 83
19490 33
19491 95
19492 98
19496 32
19508 8
19517 94
19518 79
19524 89
19533 9
19540 61
19541 94
19549 1
19551 56
19552 4
19561 99
19575 12
19583 2
19584 71
19586 61
19588 45
19596 4
19598 24
19607 91
19608 12
19611 42
19616 65
19618 4
19622 93
19623 66
19633 42
19637 51
19640 89
19646 87
19648 27
19650 78
19652 22
19657 14
19661 3
19665 38
19670 70
19676 39
19677 43
19681 6
19682 30
19684 3
19687 11
19688 21
19689 60
19692 72
19693 59
19695 93
19696 36
19706 9
19708 57
19717 7
19720 99
19726 53
19732 52
19740 48
19742 99
19758 75
19760 2
19761 91
19766 39
19773 22
19783 17
19786 57
19791 36
19804 39
19812 53
19816 89
19821 53
19823 90
19825 25
19826 68
19828 79
19832 49
19838 5
19839 77
19848 48
19852 6
19860 53
19861 42
19867 60
19868 57
19874 62
19881 54
19888 95
19890 89
19896 30
19903 36
19924 6
19928 15
19935 26
19936 5
19943 57
19950 73
19953 12
19958 27
19959 43
19969 59
19970 97
19981 54
19983 27
19985 83
19992 83
20013 80
20016 48
20021 25
20023 24
20027 8
20030 64
20036 50
20041 84
20043 95
20044 88
20054 52
20059 82
20067 58
20072 35
20074 15
20077 63
20078 40
20079 89
20081 87
20082 48
20084 12
20092 28
20096 34
20103 97
20104 6
20122 78
20123 8
20127 53
20135 94
20150 91
20153 38
20158 74
20165 24
20169 79
20170 96
20189 69
20197 93
20206 67
20207 39
20210 10
20211 43
20226 28
20231 48
20239 61
20245 84
20260 84
20262 47
20268 18
20279 28
20285 66
20286 37
20305 6
20306 76
20308 9
20310 62
20320 17
20325 3
20328 36
20332 35
20333 51
20338 77
20341 64
20357 2
20361 76
20366 63
20368 29
20370 50
20371 62
20374 71
20376 94
20377 60
20381 11
20385 69
20389 4
20390 48
20391 75
20400 38
20401 23
20403 55
20404 59
20411 83
20412 82
20414 93
20420 96
20423 1
20426 0
20431 88
20436 51
20440 66
20441 42
20451 7
20455 18
20463 5
20466 36
20481 86
20485 74
20486 12
20490 44
20492 64
20503 98
20504 99
20509 37
20515 30
20531 65
20533 24
20536 72
20540 37
20543 72
20545 82
20546 25
20547 87
20554 56
20556 13
20561 28
20566 73
20569 73
20570 67
20571 85
20575 69
20583 80
20588 90
20593 30
20595 53
20597 0
20598 70
20606 45
20608 70
20609 3
20617 21
20619 2
20629 26
20632 1
20636 94
20639 93
20644 53
20648 20
20651 46
20653 75
20658 5
20659 66
20661 72
20664 7
20665 57
20667 32
20677 81
20689 82
20690 48
20693 65
20701 32
20702 50
20704 9
20712 18
20717 68
20725 20
20726 18
20727 84
20728 96
20737 79
20745 66
20748 93
20753 8
20754 14
20757 95
20769 90
20781 90
20789 3
20794 4
20796 61
20797 22
20800 86
20801 63
20802 79
20806 57
20810 87
20811 82
20812 39
20836 74
20837 13
20844 80
20846 58
20849 38
20856 4
20861 89
20867 25
20869 3
20886 64
20890 91
20894 15
20904 17
20906 43
20909 47
20912 97
20924 28
20925 91
20927 60
20932 9
20934 2
20945 71
20947 3
20949 8
20954 27
20955 59
20958 58
20960 95
20964 16
20966 42
20972 75
20975 13
20979 3
20981 52
20982 56
20995 93
21004 7
21010 96
21014 91
21027 53
21031 84
21045 96
21050 37
21062 64
21063 93
21075 63
21078 14
21082 5
21085 85
21093 74
21095 12
21102 87
21104 99
21111 58
21114 85
21117 18
21121 22
21125 61
21127 43
21131 20
21133 88
21137 16
21141 4
21143 96
21148 95
21152 93
21157 49
21161 58
21168 55
21170 36
21171 10
21176 28
21186 27
21190 77
21199 25
21202 31
21206 28
21208 23
21209 81
21219 13
21220 67
21225 93
21227 59
21233 44
21235 48
21237 42
21239 20
21257 65
21273 66
21274 67
21277 99
21283 62
21284 72
21285 88
21288 5
21296 96
21298 80
21299 46
21301 96
21309 70
21317 53
21324 3
21329 64
21341 82
21345 58
21346 2
21352 69
21358 69
21367 95
21369 0
21370 21
21373 25
21378 74
21388 80
21392 36
21394 11
21398 62
21402 58
21406 95
21407 63
21413 37
21436 80
21441 51
21445 32
21446 31
21448 92
21471 50
21480 52
21481 19
21494 90
21495 18
21502 30
21510 3
21512 24
21515 75
21517 91
21519 67
21522 32
21526 41
21528 96
21529 70
21531 89
21535 97
21537 78
21542 64
21570 84
21571 77
21575 35
21577 19
21582 81
21584 59
21587 51
21591 48
21593 29
21594 82
21595 23
21603 4
21605 35
21608 27
21620 28
21622 70
21626 88
21627 38
21629 53
21630 19
21631 42
21632 75
21634 95
21642 48
21643 62
21653 12
21655 8
21659 60
21662 9
21664 44
21670 2
21671 91
21673 7
21674 37
21676 91
21682 23
21691 1
21702 47
21704 86
21706 41
21714 66
21724 35
21729 60
21732 7
21740 66
21767 27
21772 59
21779 66
21780 45
21785 70
21786 97
21790 45
21801 68
21830 79
21840 58
21847 95
21858 81
21860 54
21872 58
21898 28
21904 5
21910 39
21911 46
21913 40
21932 82
21933 26
21934 25
21940 16
21948 23
21951 11
21952 6
21959 90
21960 34
21962 43
21963 98
21971 88
21979 16
21981 85
21996 43
22006 76
22011 26
22023 7
22028 20
22031 82
22032 55
22036 45
22039 70
22040 8
22041 78
22043 15
22045 42
22050 11
22054 38
22059 5
22062 3
22063 25
22065 8
22069 34
22075 57
22086 49
22087 37
22089 23
22096 16
22097 9
22103 91
22105 18
22121 55
22139 66
22144 60
22146 89
22149 83
22150 16
22155 55
22168 77
22171 47
22172 45
22179 91
22184 13
22186 13
22190 19
22196 83
22200 45
22210 37
22216 19
22221 20
22226 98
22231 34
22232 60
22240 63
22250 91
22255 33
22257 76
22263 0
22269 35
22276 20
22283 69
22286 96
22293 81
22298 90
22299 26
22302 40
22304 20
22307 91
22308 30
22310 22
22315 85
22316 18
22329 25
22331 74
22334 92
22337 59
22339 84
22355 95
22356 4
22357 66
22359 74
22362 32
22366 12
22371 75
22379 4
22384 81
22389 22
22392 70
22397 69
22410 4
22439 39
22442 78
22455 40
22473 90
22476 25
22486 35
22489 17
22493 84
22497 77
22504 34
22506 55
22509 93
22510 64
22517 25
22518 39
22530 42
22553 49
22558 50
22566 75
22567 8
22569 83
22578 38
22579 46
22591 71
22601 21
22603 67
22606 97
22609 84
22618 58
22622 89
22626 1
22639 17
22650 19
22651 97
22654 88
22674 46
22676 90
22683 9
22688 17
22692 45
22693 9
22698 36
22703 36
22707 20
22711 98
22714 68
22725 74
22727 90
22731 49
22733 27
22739 9
22740 35
22742 40
22746 76
22747 41
22755 80
22757 30
22758 3
22760 53
22762 98
22765 68
22766 9
22773 29
22775 32
22780 59
22790 56
22793 17
22807 56
22825 92
22831 54
22840 23
22842 11
22843 53
22848 46
22850 46
22855 2
22860 42
22863 24
22864 81
22867 63
22869 65
22870 26
22873 87
22877 12
22883 90
22886 84
22887 90
22896 7
22905 71
22907 86
22909 73
22911 89
22914 81
22916 69
22937 13
22953 92
22955 77
22959 30
22962 21
22964 51
22966 63
22975 5
22977 50
22978 39
22981 63
22987 90
22990 18
22992 74
22996 18
23000 12
23009 26
23010 30
23022 95
23027 47
23042 88
23043 25
23051 51
23053 78
23054 23
23055 88
23057 2
23062 29
23066 32
23071 28
23074 6
23077 85
23084 20
23085 68
23087 98
23089 26
23106 31
23109 67
23117 41
23120 75
23129 74
23133 55
23139 71
23142 19
23145 46
23146 98
23150 59
23162 5
23166 91
23182 92
23192 47
23209 68
23211 74
23214 49
23217 53
23220 59
23228 41
23238 21
23243 43
23244 55
23247 6
23254 87
23255 26
23257 32
23261 7
23262 67
23266 43
23273 43
23288 99
23299 57
23302 64
23308 60
23311 56
23312 35
23316 96
23320 4
23321 55
23325 26
23349 35
23352 90
23359 82
23389 37
23391 81
23395 21
23406 66
23409 10
23418 29
23422 11
23424 58
23428 22
23429 56
23433 85
23437 46
23443 26
23445 14
23446 41
23449 35
23450 91
23451 81
23454 42
23455 79
23461 47
23478 10
23484 30
23485 13
23488 36
23489 31
23495 54
23514 59
23528 44
23529 2
23532 95
23533 14
23551 37
23566 54
23568 82
23570 69
23573 92
23590 12
23601 31
23604 81
23611 69
23612 8
23621 15
23628 27
23631 89
23658 27
23659 11
23666 10
23670 32
23675 39
23678 38
23690 70
23710 45
23720 81
23723 79
23729 19
23734 36
23740 59
23744 37
23748 53
23750 1
23751 22
23752 85
23753 98
23762 56
23768 52
23770 88
23771 87
23773 59
23780 35
23787 81
23791 15
23794 98
23796 47
23798 1
23802 7
23805 75
23809 22
23814 87
23830 16
23834 84
23836 52
23840 39
23843 74
23845 63
23851 61
23854 34
23865 6
23869 43
23878 46
23883 98
23889 63
23897 29
23900 70
23901 68
23907 90
23910 79
23916 79
23917 50
23921 35
23925 72
23937 63
23941 82
23945 51
23952 76
23955 32
23956 29
23957 67
23962 57
23964 1
23965 56
23966 48
23975 5
23978 43
23985 68
23996 74
24001 28
24002 59
24010 73
24012 36
24031 41
24040 52
24042 95
24043 15
24047 0
24054 37
24061 88
24068 40
24070 83
24079 66
24087 56
24092 3
24093 5
24094 18
24095 76
24106 51
24110 2
24113 55
24118 70
24120 64
24121 15
24122 18
24140 29
24144 5
24147 80
24151 62
24152 24
24160 1
24161 37
24169 33
24177 43
24178 80
24179 86
24180 16
24188 15
24190 55
24191 77
24196 56
24199 5
24204 35
24206 44
24210 32
24213 45
24214 39
24215 91
24217 72
24220 20
24234 38
24244 29
24251 69
24255 56
24259 90
24266 82
24267 17
24270 17
24273 45
24282 25
24283 97
24284 91
24287 77
24288 17
24295 97
24298 78
24299 27
24312 80
24321 52
24327 21
24329 90
24330 46
24331 97
24337 33
24345 34
24347 75
24354 54
24360 51
24364 83
24367 64
24375 2
24380 61
24405 39
24410 7
24421 41
24423 81
24424 83
24425 2
24431 41
24437 26
24446 8
24457 35
24458 28
24459 40
24460 4
24461 12
24467 97
24469 7
24473 70
24484 54
24486 33
24498 2
24502 21
24513 76
24518 71
24524 47
24525 87
24535 90
24536 16
24544 31
24547 8
24548 12
24556 54
24559 8
24567 7
24574 39
24581 0
24582 2
24585 4
24589 30
24591 32
24592 92
24595 27
24596 98
24603 21
24605 78
24608 4
24610 11
24612 49
24613 65
24616 70
24621 83
24623 12
24638 12
24641 0
24647 13
24653 80
24655 7
24658 19
24662 4
24665 53
24673 15
24681 79
24690 80
24694 22
24696 49
24698 4
24705 56
24711 67
24720 58
24728 18
24729 80
24730 5
24735 21
24742 56
24743 79
24746 30
24747 19
24748 66
24754 19
24757 24
24760 60
24765 20
24777 55
24791 38
24796 70
24797 22
24804 90
24810 88
24816 22
24825 0
24831 34
24836 95
24848 16
24852 64
24859 98
24861 11
24874 54
24875 74
24876 52
24879 93
24882 0
24884 8
24887 87
24889 83
24890 40
24891 10
24893 12
24894 41
24896 6
24900 81
24909 82
24912 36
24923 63
24924 82
24927 16
24939 98
24947 54
24949 47
24972 78
24973 78
24977 88
24984 89
24993 60
25004 57
25005 24
25018 53
25024 98
25026 2
25029 51
25032 3
25034 37
25038 40
25053 98
25054 83
25062 10
25066 67
25078 51
25079 28
25090 26
25091 51
25096 62
25100 60
25101 7
25105 1
25116 11
25117 61
25119 6
25120 89
25126 96
25127 72
25128 76
25135 36
25138 39
25141 7
25144 25
25146 80
25148 37
25149 46
25152 15
25154 47
25157 59
25163 31
25164 39
25168 93
25169 56
25183 52
25186 57
25190 64
25194 44
25196 69
25199 49
25202 11
25204 97
25205 82
25208 76
25210 3
25224 4
25225 49
25234 89
25240 22
25244 51
25247 45
25250 10
25256 81
25257 23
25265 57
25268 5
25271 93
25279 98
25282 96
25284 62
25290 80
25295 17
25301 71
25302 45
25321 38
25323 0
25341 10
25344 20
25356 2
25367 23
25374 66
25378 44
25381 57
25385 55
25391 87
25392 19
25398 62
25400 73
25413 39
25415 1
25422 34
25439 35
25441 3
25447 43
25452 87
25454 34
25456 99
25459 68
25462 86
25465 45
25467 32
25470 24
25471 7
25508 93
25510 77
25520 32
25522 10
25525 65
25541 53
25554 70
25558 52
25562 63
25563 45
25565 89
25570 77
25571 47
25572 89
25576 75
25584 12
25585 68
25587 82
25589 47
25591 19
25592 42
25595 45
25596 59
25597 24
25603 7
25604 14
25621 10
25637 37
25639 22
25647 8
25648 2
25652 58
25659 43
25660 79
25662 30
25663 11
25675 3
25680 85
25683 78
25689 27
25693 11
25704 73
25708 45
25709 61
25712 80
25720 28
25723 7
25724 80
25728 58
25746 47
25750 84
25752 53
25763 27
25767 15
25773 35
25782 39
25783 75
25785 93
25786 63
25796 53
25799 91
25800 8
25811 83
25812 38
25813 22
25818 13
25824 69
25831 52
25836 36
25838 53
25841 98
25843 9
25853 13
25857 93
25861 56
25863 21
25872 63
25877 44
25880 85
25881 2
25882 70
25885 12
25887 13
25888 66
25889 63
25896 77
25898 73
25900 42
25906 4
25910 23
25915 54
25919 10
25920 43
25924 4
25939 76
25941 14
25947 84
25948 36
25954 56
25959 90
25961 85
25965 10
25975 30
25985 77
25992 95
25998 13
26026 52
26033 52
26034 15
26041 17
26051 49
26057 78
26067 16
26069 56
26075 35
26076 25
26079 56
26082 29
26083 16
26085 76
26087 64
26089 23
26090 81
26101 79
26103 79
26107 37
26109 97
26115 61
26117 75
26126 84
26128 44
26129 48
26147 5
26153 13
26158 76
26171 45
26174 22
26176 42
26179 9
26181 37
26182 3
26187 6
26193 81
26195 55
26212 10
26214 22
26217 48
26218 33
26219 41
26220 99
26221 21
26227 93
26230 90
26232 67
26235 65
26239 40
26254 25
26255 63
26259 31
26260 52
26272 56
26276 75
26277 38
26280 23
26285 96
26288 85
26289 44
26297 94
26298 0
26312 39
26315 7
26321 2
26326 28
26328 31
26330 45
26333 11
26336 10
26341 54
26344 23
26345 96
26352 58
26355 20
26356 88
26357 36
26358 20
26371 93
26379 21
26383 60
26387 74
26406 66
26408 45
26411 70
26412 77
26413 11
26414 63
26420 34
26430 67
26447 34
26449 6
26452 91
26458 59
26462 51
26470 64
26471 66
26476 41
26477 1
26480 73
26490 87
26491 61
26492 70
26495 84
26497 1
26498 12
26509 80
26510 56
26512 28
26516 22
26523 12
26524 34
26525 13
26529 84
26532 69
26537 88
26543 87
26544 90
26545 44
26548 96
26551 93
26553 13
26554 92
26555 31
26560 36
26566 9
26568 32
26572 80
26575 69
26596 85
26597 43
26604 77
26606 23
26609 20
26617 52
26618 61
26621 9
26623 88
26629 23
26634 76
26644 52
26651 25
26654 60
26657 79
26658 54
26662 63
26674 66
26675 73
26676 56
26678 94
26690 48
26692 49
26694 42
26703 19
26712 50
26728 17
26734 91
26738 72
26749 65
26762 39
26764 83
26769 87
26771 69
26778 86
26787 81
26790 90
26792 87
26799 16
26805 79
26810 96
26814 31
26816 50
26826 33
26831 90
26838 5
26844 58
26849 24
26857 80
26863 76
26867 66
26870 89
26883 86
26897 34
26903 56
26914 47
26918 6
26919 54
26925 95
26926 80
26927 65
26928 62
26929 89
26933 25
26935 11
26939 46
26948 11
26960 81
26967 62
26968 96
26969 88
26972 38
26975 9
26976 71
26977 57
26980 81
26983 65
26984 85
26987 82
26990 78
26991 77
26994 98
26997 18
27008 97
27013 77
27021 57
27024 82
27031 79
27035 64
27047 14
27048 72
27056 86
27067 3
27081 93
27083 65
27089 9
27097 80
27101 87
27121 16
27123 51
27127 83
27128 92
27150 94
27153 16
27154 52
27159 62
27167 32
27174 34
27180 94
27182 75
27186 60
27202 57
27211 55
27217 85
27236 25
27238 13
27240 90
27248 72
27249 74
27253 55
27257 84
27258 90
27262 94
27270 74
27273 36
27276 4
27278 98
27280 99
27284 22
27286 54
27287 4
27288 28
27293 79
27294 7
27297 29
27298 37
27299 53
27310 59
27316 33
27317 73
27330 80
27334 55
27340 3
27341 76
27346 88
27354 38
27358 43
27383 43
27399 18
27400 45
27410 33
27416 54
27419 52
27429 33
27432 11
27434 71
27437 71
27445 29
27448 88
27449 38
27450 94
27463 42
27464 41
27468 81
27476 62
27477 84
27480 55
27481 5
27487 30
27488 57
27489 88
27490 17
27494 30
27499 51
27513 99
27514 8
27519 6
27525 3
27526 4
27528 5
27529 10
27531 78
27546 15
27548 98
27549 24
27559 95
27564 89
27566 68
27569 50
27578 13
27579 99
27593 91
27600 90
27601 62
27611 40
27632 97
27638 30
27646 20
27655 44
27664 70
27667 51
27671 56
27675 15
27681 14
27689 17
27698 45
27714 79
27715 10
27722 91
27726 26
27729 43
27735 95
27736 17
27756 45
27760 45
27772 60
27774 13
27775 76
27791 35
27795 18
27815 20
27823 94
27848 2
27862 13
27864 28
27868 13
27873 48
27882 94
27886 39
27891 25
27895 92
27896 37
27911 94
27914 93
27916 55
27917 17
27920 45
27927 6
27937 8
27947 14
27948 85
27954 19
27956 98
27958 31
27963 39
27965 65
27971 12
27976 70
27978 60
27984 92
27992 93
28000 1
28003 75
28008 99
28010 99
28011 73
28015 8
28021 14
28024 12
28035 50
28037 26
28038 33
28049 82
28052 68
28055 49
28059 7
28066 76
28075 70
28079 37
28081 82
28085 45
28088 5
28093 93
28108 74
28109 8
28110 50
28113 59
28119 21
28124 3
28130 14
28131 85
28148 44
28153 20
28157 71
28164 45
28165 80
28170 83
28173 80
28174 87
28184 6
28190 24
28205 38
28208 27
28213 52
28217 2
28224 60
28240 5
28242 97
28249 89
28255 38
28258 99
28260 66
28265 31
28270 9
28276 75
28289 43
28290 79
28291 56
28297 82
28300 29
28314 71
28321 87
28323 28
28336 39
28337 43
28338 85
28342 97
28346 17
28352 19
28360 29
28363 18
28377 93
28378 67
28384 92
28394 65
28395 25
28397 36
28400 69
28404 26
28417 61
28421 88
28423 25
28426 64
28447 16
28449 64
28463 0
28474 1
28475 60
28477 73
28481 85
28482 13
28483 84
28490 4
28491 41
28498 52
28502 15
28504 57
28508 79
28518 27
28524 85
28525 54
28528 99
28539 12
28541 80
28542 34
28543 94
28549 20
28555 15
28564 50
28570 78
28580 94
28587 58
28589 30
28590 16
28596 83
28599 38
28603 5
28605 36
28610 93
28637 52
28645 63
28648 44
28651 32
28653 7
28656 19
28668 37
28677 14
28680 59
28682 48
28685 77
28689 36
28695 36
28705 90
28710 86
28719 25
28726 56
28730 43
28733 86
28737 0
28739 5
28742 10
28746 90
28757 93
28759 64
28763 35
28770 24
28773 14
28785 7
28810 3
28811 67
28822 85
28824 1
28825 91
28832 10
28836 99
28839 17
28847 69
28849 41
28850 79
28854 73
28856 72
28860 62
28866 16
28867 79
28871 48
28886 45
28895 52
28899 58
28900 11
28902 54
28905 74
28907 89
28908 78
28916 93
28920 87
28922 62
28931 16
28957 45
28958 89
28960 80
28965 58
28967 85
28968 71
28972 90
28982 4
28983 55
28996 4
29000 12
29011 67
29019 24
29020 23
29021 14
29024 24
29035 61
29036 98
29039 8
29043 3
29044 91
29045 89
29046 55
29052 61
29053 78
29083 47
29088 47
29095 15
29107 15
29121 27
29123 68
29137 21
29138 93
29144 25
29147 65
29150 97
29152 79
29153 58
29154 25
29160 51
29169 52
29170 60
29173 39
29175 10
29177 6
29178 99
29180 30
29183 86
29186 53
29188 14
29190 74
29191 42
29200 76
29202 8
29210 19
29219 82
29221 64
29222 78
29228 32
29232 90
29234 86
29236 42
29240 27
29243 43
29246 50
29249 69
29258 37
29268 16
29271 26
29278 84
29279 56
29280 77
29285 56
29286 23
29292 11
29297 50
29310 54
29312 95
29318 45
29328 48
29329 85
29346 20
29360 5
29364 64
29369 77
29370 1
29392 10
29394 30
29398 42
29399 26
29406 40
29413 40
29416 43
29417 81
29421 84
29422 20
29423 85
29426 61
29434 98
29436 28
29437 89
29441 11
29451 39
29452 58
29456 69
29457 45
29476 65
29478 8
29483 62
29486 77
29493 78
29496 6
29503 50
29504 69
29506 13
29513 53
29515 13
29518 82
29522 53
29526 1
29529 6
29531 47
29532 53
29534 18
29536 20
29538 6
29541 83
29543 97
29544 31
29546 67
29547 53
29550 56
29559 70
29560 26
29561 0
29563 19
29571 9
29580 30
29588 15
29593 15
29597 1
29598 5
29601 68
29604 11
29605 80
29609 91
29610 6
29611 63
29617 68
29620 15
29626 75
29628 87
29631 78
29632 2
29641 0
29643 7
29645 38
29647 85
29651 99
29661 9
29663 45
29664 16
29666 55
29672 20
29686 3
29689 74
29697 39
29707 17
29709 4
29716 90
29732 84
29734 36
29744 73
29746 60
29753 58
29756 9
29760 65
29770 20
29774 21
29777 61
29778 54
29780 70
29784 43
29800 34
29801 91
29811 74
29812 0
29833 0
29835 76
29837 34
29852 99
29862 67
29880 81
29883 69
29886 77
29887 90
29889 8
29890 88
29892 8
29896 1
29898 97
29914 90
29916 68
29918 77
29920 17
29937 73
29940 22
29944 64
29952 46
29956 27
29965 98
29969 51
29985 72
29990 8
29991 10
29995 45
29996 22
29997 33
29998 44
30006 72
30018 42
30022 76
30024 61
30028 57
30031 32
30040 38
30043 10
30053 62
30056 53
30060 16
30062 54
30066 83
30077 75
30079 92
30085 66
30090 9
30092 44
30097 89
30104 15
30115 27
30116 85
30120 4
30132 35
30133 74
30139 22
30143 16
30149 76
30153 2
30154 32
30156 91
30159 19
30160 45
30168 69
30177 22
30184 18
30189 2
30190 18
30194 96
30209 42
30214 77
30216 91
30220 63
30231 86
30233 92
30235 1
30241 50
30246 4
30249 72
30251 54
30269 82
30271 43
30277 18
30279 96
30283 6
30289 69
30295 0
30304 34
30306 92
30313 88
30321 62
30327 33
30338 0
30344 29
30350 88
30353 56
30360 55
30366 87
30376 47
30382 47
30386 19
30388 73
30391 37
30403 56
30407 89
30411 19
30421 61
30422 37
30432 13
30436 44
30438 79
30440 57
30447 8
30450 7
30453 95
30454 78
30460 81
30461 33
30462 67
30476 14
30480 64
30481 65
30483 80
30498 25
30504 95
30513 61
30522 74
30545 2
30547 3
30549 77
30562 2
30565 62
30569 13
30571 84
30573 78
30575 53
30576 5
30587 99
30597 10
30603 76
30605 92
30613 54
30634 23
30638 36
30641 18
30646 76
30671 24
30678 36
30682 97
30685 10
30688 14
30692 60
30695 96
30696 8
30707 93
30711 99
30712 99
30716 71
30718 58
30720 58
30729 83
30730 54
30748 97
30749 18
30770 44
30774 19
30778 44
30781 98
30782 84
30785 41
30790 4
30795 95
30806 88
30818 0
30820 97
30824 58
30837 5
30838 61
30840 97
30849 10
30851 67
30858 68
30864 96
30869 26
30871 33
30872 32
30883 79
30891 71
30894 2
30895 47
30896 77
30897 47
30898 18
30899 95
30901 10
30902 68
30907 73
30909 42
30912 36
30933 61
30937 32
30939 87
30941 23
30948 79
30955 72
30956 18
30957 79
30958 57
30967 43
30970 33
30971 56
30973 16
30977 85
30979 44
30981 2
30983 78
30992 88
30993 43
31002 70
31006 54
31007 98
31012 12
31015 20
31016 41
31019 11
31023 44
31037 2
31041 65
31047 12
31050 38
31051 71
31058 20
31062 65
31066 26
31073 86
31079 75
31081 88
31084 20
31086 26
31094 92
31096 43
31099 88
31107 2
31121 50
31123 63
31125 27
31131 78
31154 76
31166 38
31167 5
31180 39
31192 23
31211 61
31212 67
31218 73
31220 74
31228 66
31234 69
31236 25
31237 93
31240 44
31241 85
31242 60
31243 83
31253 57
31257 0
31265 36
31267 48
31270 2
31271 70
31274 13
31283 83
31289 50
31290 63
31296 78
31297 65
31299 41
31301 28
31304 91
31305 19
31307 24
31311 42
31323 72
31326 25
31328 75
31332 58
31334 90
31340 28
31356 4
31359 57
31360 82
31368 37
31382 73
31383 25
31390 5
31392 60
31396 14
31400 41
31402 53
31407 50
31409 8
31411 76
31412 9
31416 55
31425 61
31429 66
31433 71
31438 76
31439 57
31440 25
31443 35
31449 79
31454 49
31457 59
31464 38
31470 70
31475 31
31476 78
31483 26
31484 6
31488 97
31494 60
31495 95
31497 25
31502 67
31508 10
31510 36
31514 69
31518 0
31520 74
31521 69
31526 63
31542 22
31548 68
31549 91
31551 34
31555 21
31567 28
31568 41
31569 10
31572 50
31573 26
31583 60
31605 6
31606 65
31607 76
31610 99
31612 14
31615 55
31620 48
31626 17
31627 23
31630 67
31634 42
31637 62
31645 19
31669 83
31674 32
31675 66
31678 48
31679 54
31681 20
31683 27
31686 75
31696 29
31699 48
31701 31
31706 57
31707 70
31711 14
31712 45
31714 38
31716 58
31718 31
31719 65
31726 32
31746 88
31747 71
31748 3
31754 58
31755 44
31756 88
31758 11
31760 86
31761 85
31769 48
31776 55
31779 87
31788 6
31791 16
31795 26
31798 70
31800 86
31804 82
31813 72
31820 96
31825 11
31841 80
31846 82
31857 48
31859 67
31865 34
31869 66
31870 89
31873 15
31879 69
31888 40
31891 29
31908 20
31922 56
31928 67
31933 80
31943 43
31952 52
31959 46
31960 97
31963 77
31966 31
31973 33
31981 80
31990 50
31992 86
31995 3
31998 66
32001 71
32002 13
32012 73
32014 47
32018 64
32019 61
32023 0
32046 31
32056 14
32079 2
32082 74
32084 6
32087 34
32088 79
32103 98
32105 44
32119 22
32135 96
32140 83
32142 51
32147 97
32157 2
32160 91
32163 65
32166 99
32167 91
32171 58
32176 3
32177 67
32179 93
32182 33
32190 73
32205 58
32207 22
32208 40
32210 88
32216 61
32222 76
32232 82
32244 97
32245 29
32249 85
32256 63
32257 7
32260 32
32261 52
32264 80
32277 36
32281 68
32282 44
32283 13
32284 81
32285 0
32289 93
32290 93
32297 86
32298 26
32301 47
32302 35
32304 89
32306 20
32317 94
32321 24
32325 78
32330 18
32342 13
32345 93
32346 11
32350 56
32355 29
32361 15
32373 95
32374 48
32382 42
32383 84
32394 90
32398 41
32403 70
32405 13
32413 80
32422 99
32426 83
32439 20
32446 57
32448 31
32449 85
32453 17
32456 0
32460 49
32471 24
32488 30
32490 77
32506 56
32514 10
32532 92
32534 5
32535 10
32537 41
32538 4
32543 2
32544 69
32545 96
32562 65
32576 46
32577 81
32578 72
32584 69
32586 1
32590 19
32600 77
32609 45
32623 31
32634 5
32636 98
32637 8
32643 4
32644 94
32645 59
32650 37
32655 25
32666 38
32676 67
32677 75
32684 62
32686 44
32689 1
32703 40
32708 10
32709 21
32710 36
32711 14
32713 60
32714 47
32730 69
32736 64
32739 17
32745 38
32746 13
32751 52
32752 94
32753 2
32754 8
32757 50
32760 95
32763 72
32781 51
32790 2
32792 15
32796 53
32801 41
32802 83
32803 88
32813 68
32818 30
32821 71
32825 29
32828 86
32838 29
32840 87
32842 31
32843 38
32860 84
32861 19
32868 65
32870 59
32872 98
32878 63
32880 53
32882 14
32883 79
32887 2
32888 56
32889 96
32892 68
32897 45
32903 69
32905 16
32915 70
32920 95
32921 18
32925 70
32929 6
32934 83
32936 35
32940 85
32942 97
32943 19
32945 80
32952 94
32957 24
32958 94
32961 67
32962 97
32963 81
32967 63
32974 23
32977 63
32981 74
32988 53
32993 20
32999 49
33001 3
33002 74
33011 2
33021 71
33024 97
33034 72
33040 0
33041 50
33044 49
33049 91
33055 76
33057 83
33060 6
33071 90
33074 1
33077 82
33078 30
33080 60
33089 35
33094 71
33096 94
33102 89
33107 97
33108 97
33110 44
33111 92
33112 95
33121 52
33127 81
33143 90
33158 99
33160 67
33163 81
33164 52
33165 78
33181 41
33188 32
33189 32
33202 67
33209 77
33213 14
33221 33
33228 66
33235 71
33236 48
33238 83
33239 1
33241 11
33246 23
33248 0
33251 53
33263 60
33270 64
33277 61
33286 15
33289 59
33292 17
33294 6
33297 11
33298 19
33301 62
33307 13
33313 90
33318 16
33323 60
33328 40
33336 30
33338 69
33345 42
33347 62
33349 11
33356 17
33362 6
33370 71
33371 37
33372 70
33375 26
33376 46
33385 42
33387 84
33388 13
33391 35
33397 83
33410 50
33414 25
33415 21
33418 9
33420 80
33428 90
33431 13
33433 36
33443 27
33454 82
33458 96
33459 42
33461 25
33463 21
33470 73
33473 43
33479 32
33484 27
33486 38
33487 29
33497 41
33500 52
33521 29
33524 75
33525 70
33528 25
33531 80
33537 96
33538 45
33541 91
33543 22
33556 10
33561 34
33570 70
33573 14
33582 54
33586 57
33592 78
33604 52
33607 52
33608 3
33614 1
33625 36
33631 26
33636 75
33641 37
33643 56
33654 16
33657 3
33662 49
33663 53
33678 9
33682 68
33684 35
33685 70
33691 50
33693 71
33696 46
33699 12
33700 17
33701 54
33704 24
33710 89
33720 48
33723 94
33727 33
33728 61
33731 2
33740 76
33742 60
33744 78
33747 66
33757 31
33758 74
33761 17
33762 27
33772 59
33778 58
33790 13
33793 6
33800 99
33811 56
33816 93
33819 25
33823 41
33827 28
33841 75
33853 51
33857 72
33858 40
33863 44
33866 29
33868 70
33876 19
33877 66
33878 6
33881 29
33888 7
33890 46
33892 76
33895 65
33896 88
33904 7
33905 33
33910 51
33913 39
33916 64
33919 87
33922 50
33925 8
33927 89
33931 33
33936 1
33948 22
33949 48
33951 74
33952 56
33953 55
33954 92
33958 62
33964 86
33968 84
33973 14
33977 77
33982 4
33993 56
33994 80
34003 77
34004 88
34007 54
34035 16
34047 75
34052 15
34055 96
34056 51
34063 68
34068 69
34070 87
34073 15
34088 34
34095 46
34097 56
34098 67
34100 79
34101 39
34107 41
34112 41
34113 57
34122 1
34128 72
34129 34
34135 52
34147 45
34162 45
34166 92
34167 26
34170 41
34173 99
34193 0
34194 4
34212 80
34214 88
34219 89
34225 65
34235 39
34236 72
34244 11
34248 23
34254 6
34255 35
34258 83
34260 61
34271 19
34273 88
34274 87
34281 31
34288 2
34292 63
34299 35
34304 88
34308 89
34309 30
34310 55
34311 4
34315 26
34317 96
34322 12
34324 93
34331 72
34333 49
34344 67
34345 99
34354 39
34358 65
34362 16
34367 9
34384 20
34386 32
34387 70
34390 64
34391 89
34393 79
34400 60
34405 67
34411 59
34412 35
34414 78
34415 42
34419 56
34422 44
34429 56
34432 49
34434 46
34435 34
34436 63
34437 7
34439 70
34441 61
34442 82
34448 39
34449 83
34459 26
34464 66
34465 95
34467 26
34469 29
34470 67
34481 36
34482 14
34534 5
34536 77
34562 86
34568 18
34571 11
34573 46
34574 47
34576 92
34583 97
34586 90
34592 8
34600 60
34605 53
34606 71
34607 94
34618 57
34624 60
34628 68
34629 61
34632 55
34633 30
34659 34
34661 77
34669 45
34680 8
34689 98
34692 51
34701 41
34714 15
34722 12
34725 52
34731 81
34733 95
34735 76
34749 0
34750 82
34751 7
34753 53
34762 7
34772 43
34773 13
34777 0
34782 54
34793 68
34797 1
34798 83
34808 86
34809 66
34812 84
34816 99
34837 51
34848 33
34853 74
34855 65
34861 24
34885 78
34890 86
34896 86
34898 75
34902 24
34910 16
34913 0
34919 53
34933 47
34936 77
34939 68
34941 24
34945 53
34952 60
34953 19
34962 4
34967 43
34968 59
34976 48
34986 36
34993 3
35000 29
35001 2
35007 81
35011 52
35017 63
35021 33
35022 84
35023 64
35030 79
35045 66
35052 45
35060 85
35065 70
35069 57
35070 71
35072 25
35078 41
35084 93
35091 64
35095 62
35098 81
35104 52
35114 75
35116 87
35120 14
35130 3
35136 30
35139 67
35143 74
35147 76
35154 71
35155 37
35159 99
35160 7
35167 75
35172 40
35173 21
35177 40
35179 41
35180 89
35181 14
35182 81
35185 16
35187 79
35197 80
35198 31
35201 36
35211 67
35213 65
35219 26
35220 3
35221 59
35224 48
35229 53
35230 86
35231 50
35233 87
35234 4
35236 50
35247 38
35259 69
35261 26
35262 88
35263 6
35274 78
35277 11
35282 19
35286 72
35288 54
35291 99
35299 3
35304 58
35305 93
35310 33
35314 5
35316 86
35322 59
35324 98
35325 83
35331 21
35337 69
35340 17
35351 1
35353 38
35358 14
35368 6
35371 91
35373 43
35379 65
35381 1
35382 52
35388 12
35390 10
35392 64
35428 24
35432 42
35434 80
35442 43
35445 20
35463 22
35464 5
35466 52
35468 89
35480 37
35488 84
35489 11
35492 11
35494 10
35498 32
35505 8
35507 54
35516 62
35518 65
35528 74
35535 83
35539 58
35547 54
35549 22
35550 70
35551 71
35565 16
35567 95
35572 25
35592 26
35595 54
35597 79
35612 92
35613 44
35619 10
35622 6
35623 5
35633 79
35649 9
35651 63
35660 27
35668 39
35669 73
35681 23
35688 34
35689 25
35695 67
35699 82
35717 93
35720 68
35724 45
35725 22
35739 75
35755 26
35756 45
35758 82
35776 20
35788 14
35789 99
35790 35
35796 35
35797 23
35798 65
35800 45
35803 12
35807 0
35812 61
35813 32
35814 29
35818 21
35819 57
35825 24
35830 5
35832 45
35848 49
35852 57
35860 42
35861 13
35862 63
35866 5
35876 28
35878 74
35879 96
35881 59
35888 24
35891 17
35896 33
35898 79
35900 69
35905 7
35906 21
35910 87
35918 96
35920 98
35927 17
35930 96
35932 90
35939 39
35950 92
35952 20
35953 31
35954 78
35960 41
35972 91
35987 53
35993 85
35994 36
36004 6
36005 59
36011 88
36012 3
36018 95
36022 10
36028 97
36033 52
36037 80
36038 74
36055 8
36064 1
36067 29
36069 84
36070 28
36074 91
36075 34
36083 2
36091 29
36092 61
36093 8
36098 93
36111 90
36139 34
36141 80
36142 65
36143 81
36145 78
36147 96
36158 42
36162 17
36164 28
36166 34
36188 90
36190 46
36195 2
36199 77
36201 67
36214 34
36216 23
36218 67
36225 30
36227 70
36236 35
36239 34
36240 73
36242 92
36245 83
36250 96
36253 63
36255 67
36258 88
36271 25
36291 27
36292 10
36294 96
36295 22
36297 85
36298 72
36299 75
36306 57
36315 59
36324 49
36332 0
36333 20
36338 25
36341 76
36345 74
36352 20
36360 32
36361 97
36370 21
36374 52
36378 6
36382 43
36383 97
36386 29
36388 17
36391 45
36394 23
36395 61
36396 73
36397 79
36406 23
36411 34
36417 33
36425 78
36428 48
36433 49
36436 24
36437 35
36439 66
36457 95
36462 26
36470 80
36471 79
36472 22
36478 16
36484 9
36490 46
36494 11
36496 12
36507 26
36515 34
36519 68
36524 34
36525 51
36529 92
36532 42
36533 29
36538 66
36550 26
36556 51
36557 69
36562 5
36564 31
36571 70
36576 77
36578 59
36586 89
36590 94
36591 43
36597 10
36602 81
36606 65
36618 10
36622 41
36627 64
36634 36
36641 20
36658 84
36660 94
36667 0
36668 11
36671 77
36673 75
36674 35
36676 3
36677 16
36680 52
36681 83
36690 17
36692 94
36696 26
36698 79
36700 96
36705 99
36711 24
36712 51
36720 30
36724 29
36730 0
36739 38
36751 96
36757 19
36761 68
36762 69
36764 79
36765 26
36767 12
36769 82
36770 94
36772 71
36773 14
36774 42
36778 33
36780 75
36781 32
36798 28
36800 95
36801 55
36809 61
36810 57
36811 59
36821 66
36824 63
36826 38
36828 78
36834 51
36835 17
36836 73
36851 76
36852 8
36853 34
36854 88
36857 47
36861 47
36867 59
36871 55
36872 70
36879 45
36883 23
36884 30
36886 94
36891 41
36895 57
36900 88
36924 59
36931 49
36935 60
36943 72
36945 15
36947 43
36951 32
36953 70
36954 73
36958 46
36960 66
36966 99
36971 9
36977 50
36983 25
36988 69
36990 54
36992 91
36997 66
36998 14
37001 68
37006 95
37007 89
37015 71
37018 19
37025 92
37026 72
37037 81
37038 30
37039 89
37043 54
37049 64
37064 44
37068 9
37071 47
37076 51
37078 19
37085 36
37092 67
37097 34
37109 97
37112 86
37115 17
37118 97
37121 85
37140 24
37141 9
37143 39
37160 26
37161 71
37176 11
37177 1
37188 93
37192 89
37193 10
37196 7
37198 27
37200 57
37203 36
37210 68
37212 97
37222 50
37223 14
37228 30
37229 93
37230 19
37232 46
37238 29
37248 22
37256 20
37257 32
37263 8
37271 89
37273 75
37274 64
37286 90
37292 5
37293 42
37294 0
37295 9
37296 64
37304 43
37311 36
37318 86
37321 79
37326 63
37337 71
37338 13
37341 64
37342 9
37350 12
37353 92
37358 41
37359 30
37361 80
37363 39
37373 30
37378 93
37384 87
37386 96
37393 49
37395 11
37401 82
37402 86
37406 44
37410 49
37418 96
37420 85
37424 80
37425 80
37428 53
37429 78
37432 99
37441 3
37444 10
37454 59
37458 36
37482 57
37483 13
37487 25
37492 91
37502 26
37511 94
37515 37
37518 73
37523 36
37528 92
37534 51
37542 35
37544 64
37555 31
37557 50
37560 49
37563 25
37577 59
37584 20
37589 10
37597 33
37606 23
37608 8
37609 74
37610 80
37619 29
37629 98
37639 80
37649 19
37650 42
37651 23
37652 58
37654 29
37657 71
37662 91
37670 59
37683 66
37685 72
37686 72
37687 81
37689 0
37695 9
37730 76
37740 36
37743 28
37749 92
37763 48
37793 47
37796 60
37798 27
37803 1
37807 17
37808 16
37824 93
37826 98
37827 7
37832 36
37846 93
37858 31
37869 42
37880 24
37883 66
37885 63
37891 73
37897 27
37899 49
37904 20
37905 48
37913 50
37920 33
37923 64
37933 76
37944 59
37952 4
37957 13
37958 51
37960 15
37970 94
37972 7
37973 63
37995 66
38003 80
38004 8
38008 4
38009 53
38011 87
38015 22
38021 59
38023 54
38024 62
38027 49
38033 10
38045 61
38048 94
38049 43
38055 49
38057 32
38065 4
38066 62
38067 0
38082 11
38083 4
38085 68
38089 3
38102 52
38108 47
38111 49
38120 75
38121 34
38122 4
38124 71
38127 31
38128 17
38155 1
38175 17
38176 97
38178 98
38182 25
38184 98
38187 93
38203 21
38215 21
38241 69
38248 83
38257 53
38261 78
38265 63
38275 90
38278 11
38285 24
38287 41
38296 73
38302 70
38305 81
38306 85
38309 92
38316 52
38320 34
38323 75
38326 52
38327 17
38332 52
38334 78
38336 86
38343 43
38344 23
38346 13
38355 36
38362 88
38368 72
38370 27
38378 81
38383 94
38392 45
38409 37
38413 60
38422 56
38426 82
38428 25
38442 19
38444 13
38445 41
38448 3
38454 35
38458 12
38462 55
38463 32
38476 52
38477 44
38478 51
38479 3
38480 14
38487 9
38489 29
38498 23
38504 81
38506 20
38508 77
38510 38
38521 41
38528 98
38530 55
38533 78
38538 75
38541 2
38546 40
38551 39
38562 32
38563 10
38567 52
38570 36
38577 89
38584 25
38586 63
38592 12
38593 77
38597 77
38598 39
38599 10
38604 27
38610 79
38616 22
38626 90
38630 15
38634 43
38646 72
38653 12
38662 68
38663 19
38671 21
38674 7
38678 79
38681 57
38685 72
38687 36
38702 58
38704 50
38706 32
38718 36
38719 44
38729 86
38736 13
38738 14
38740 43
38744 35
38750 54
38754 11
38766 57
38772 1
38776 59
38777 43
38780 5
38784 28
38785 82
38787 3
38796 65
38798 48
38804 54
38806 70
38810 63
38814 39
38815 67
38819 41
38826 74
38840 23
38842 97
38845 61
38849 39
38864 6
38867 58
38888 58
38889 78
38892 57
38893 78
38903 96
38904 66
38905 56
38915 60
38920 86
38921 83
38924 70
38931 11
38932 50
38939 45
38941 90
38943 32
38944 88
38948 70
38957 8
38982 67
38984 0
38985 58
38989 38
38996 18
38998 20
38999 77
39002 80
39006 24
39008 16
39011 24
39015 40
39018 63
39021 20
39029 53
39031 23
39035 84
39041 43
39046 24
39050 59
39051 11
39056 81
39057 15
39059 71
39061 6
39064 87
39067 36
39070 85
39075 59
39081 35
39082 51
39083 68
39094 7
39100 49
39106 60
39107 73
39112 12
39121 21
39124 40
39127 24
39136 74
39140 28
39145 81
39146 40
39160 49
39161 50
39165 49
39171 79
39174 22
39190 60
39192 80
39193 34
39198 85
39206 1
39212 49
39215 17
39216 26
39224 20
39227 20
39229 48
39233 12
39239 80
39244 54
39247 33
39259 42
39261 42
39262 5
39274 37
39275 12
39283 65
39284 41
39296 77
39302 89
39304 72
39306 25
39309 27
39313 56
39314 6
39317 91
39321 65
39322 98
39326 54
39328 51
39338 54
39343 42
39344 86
39346 94
39372 57
39377 45
39379 99
39380 55
39382 90
39388 93
39393 66
39394 78
39398 17
39406 91
39412 66
39415 83
39416 58
39418 75
39420 92
39426 13
39434 25
39435 79
39447 34
39452 22
39460 22
39464 61
39470 89
39481 61
39485 67
39493 77
39497 80
39501 15
39508 90
39513 93
39516 69
39519 33
39525 24
39526 28
39530 7
39534 22
39536 44
39542 43
39543 74
39544 20
39558 24
39559 10
39562 9
39574 86
39583 11
39590 74
39591 32
39596 60
39600 28
39606 46
39607 65
39611 56
39621 91
39625 79
39628 6
39634 54
39637 32
39648 64
39656 58
39660 83
39667 72
39678 3
39682 96
39691 52
39692 42
39697 71
39698 60
39702 55
39703 82
39712 43
39714 4
39716 54
39724 64
39726 32
39728 31
39732 9
39740 26
39741 69
39742 83
39745 66
39759 19
39760 52
39776 72
39784 2
39794 19
39802 13
39805 64
39811 40
39812 51
39825 94
39826 66
39827 12
39838 23
39846 79
39847 3
39854 89
39863 96
39865 18
39870 60
39871 66
39873 58
39876 53
39877 23
39880 30
39881 46
39882 73
39894 0
39905 81
39919 1
39932 67
39936 75
39938 3
39941 53
39947 40
39951 75
39952 94
39953 58
39955 72
39966 49
39984 40
39987 80
39995 36
39997 97
40002 9
40009 90
40010 3
40014 27
40018 55
40021 57
40028 50
40029 76
40031 59
40033 68
40041 45
40042 93
40049 51
40060 65
40061 20
40063 43
40064 59
40071 4
40075 29
40080 91
40083 62
40087 51
40090 55
40091 57
40097 87
40103 81
40105 13
40108 48
40127 93
40128 99
40139 33
40149 64
40155 89
40157 72
40168 93
40177 43
40185 34
40198 0
40204 55
40205 23
40207 76
40217 6
40221 64
40232 93
40234 44
40237 42
40239 61
40248 12
40251 16
40253 13
40257 99
40258 80
40259 34
40265 18
40268 65
40272 83
40274 72
40285 2
40294 54
40299 42
40300 18
40308 77
40311 63
40316 26
40321 24
40322 97
40329 53
40330 9
40331 41
40345 0
40348 40
40354 52
40361 91
40368 75
40370 48
40374 69
40376 47
40377 58
40381 41
40383 45
40387 59
40392 79
40403 27
40405 69
40408 36
40415 5
40417 36
40427 60
40449 81
40450 65
40456 64
40458 12
40465 56
40475 14
40483 6
40487 63
40492 0
40497 59
40503 55
40504 16
40510 63
40512 99
40513 36
40528 17
40540 2
40547 64
40551 76
40553 28
40554 35
40557 97
40559 86
40563 1
40564 14
40569 11
40574 30
40575 78
40581 24
40587 23
40589 30
40592 58
40593 94
40594 68
40600 63
40609 60
40620 35
40623 68
40633 87
40634 58
40635 95
40636 37
40647 65
40651 43
40655 47
40667 96
40671 50
40676 33
40687 30
40695 14
40697 37
40705 0
40710 61
40715 90
40722 72
40734 36
40736 67
40741 50
40752 68
40757 35
40763 11
40765 33
40766 81
40777 72
40780 53
40781 87
40794 64
40795 2
40797 52
40798 4
40806 45
40807 5
40815 19
40818 6
40820 31
40821 57
40824 65
40825 13
40827 17
40832 95
40838 11
40841 48
40844 19
40846 9
40850 54
40856 80
40858 15
40859 52
40861 44
40864 49
40869 68
40877 8
40882 87
40883 63
40889 49
40892 94
40897 12
40898 6
40907 24
40922 98
40932 35
40934 83
40941 38
40949 92
40960 27
40973 2
40980 32
40990 8
40994 87
40996 54
41001 5
41006 4
41008 34
41009 86
41021 68
41033 0
41041 20
41047 49
41048 20
41049 12
41059 15
41063 70
41065 12
41069 89
41084 52
41088 17
41092 82
41093 42
41094 91
41100 81
41102 64
41105 86
41107 17
41113 13
41116 64
41117 29
41118 22
41120 51
41131 6
41132 66
41134 45
41143 78
41146 91
41155 75
41159 79
41166 92
41168 44
41170 37
41171 7
41173 7
41178 62
41179 0
41182 0
41186 31
41187 22
41198 56
41203 86
41207 25
41212 37
41214 2
41222 68
41231 84
41233 21
41241 91
41244 35
41246 30
41248 97
41253 42
41254 82
41267 13
41268 33
41269 94
41270 54
41283 60
41285 61
41289 91
41292 66
41317 14
41319 76
41322 20
41325 12
41334 42
41341 41
41345 56
41347 15
41349 64
41352 51
41358 39
41364 38
41365 49
41370 91
41373 39
41376 51
41383 72
41394 86
41397 15
41405 77
41408 83
41415 91
41420 57
41426 11
41432 92
41433 76
41434 62
41439 38
41440 12
41441 15
41442 36
41447 51
41449 40
41451 85
41455 1
41474 7
41478 41
41481 62
41483 10
41486 37
41487 62
41488 1
41489 78
41500 71
41502 77
41504 75
41505 57
41511 90
41513 73
41518 50
41524 50
41532 7
41539 16
41541 19
41542 16
41546 49
41562 29
41574 50
41576 49
41581 24
41583 73
41594 60
41595 74
41596 38
41599 13
41601 20
41603 59
41605 56
41632 53
41634 96
41635 19
41644 16
41647 73
41648 92
41649 27
41650 56
41654 49
41657 65
41659 2
41660 54
41661 49
41662 4
41664 4
41674 52
41676 27
41679 10
41690 30
41691 23
41693 43
41694 13
41705 40
41707 74
41717 54
41723 61
41725 6
41727 20
41731 70
41736 89
41737 15
41743 51
41746 53
41747 52
41755 15
41758 85
41760 14
41775 93
41783 4
41784 95
41786 99
41787 85
41796 15
41801 81
41802 38
41804 89
41809 88
41816 94
41819 88
41832 82
41833 83
41835 97
41838 85
41840 67
41845 59
41848 53
41850 77
41853 35
41865 73
41869 19
41871 40
41874 50
41884 81
41890 91
41896 4
41897 93
41920 64
41922 11
41943 62
41954 58
41960 12
41966 53
41967 3
41973 82
41975 64
41979 56
41985 85
41988 93
41999 79
42003 24
42004 60
42006 92
42008 73
42012 95
42015 94
42024 24
42028 0
42035 35
42037 57
42046 57
42050 12
42058 16
42062 15
42068 47
42071 65
42073 54
42074 41
42076 43
42080 79
42093 2
42097 84
42099 37
42100 55
42103 11
42109 14
42123 2
42128 54
42130 47
42142 46
42150 36
42154 90
42165 4
42166 58
42170 75
42180 39
42181 97
42182 92
42209 72
42219 46
42220 63
42222 37
42232 13
42237 95
42249 34
42254 48
42255 73
42263 51
42271 95
42273 74
42285 78
42296 18
42303 1
42306 4
42310 16
42313 69
42316 16
42318 51
42319 47
42321 88
42329 60
42330 49
42334 64
42337 77
42340 85
42344 70
42360 48
42365 65
42371 13
42372 95
42375 37
42376 26
42378 69
42387 47
42388 36
42392 0
42398 37
42401 87
42424 56
42425 23
42427 23
42433 83
42435 95
42437 41
42438 6
42439 58
42442 44
42443 99
42444 86
42447 77
42448 44
42453 71
42456 89
42457 99
42461 82
42469 65
42480 91
42488 69
42494 45
42504 22
42507 85
42509 62
42514 9
42517 9
42518 6
42521 86
42522 50
42531 39
42533 72
42541 86
42548 65
42549 4
42551 25
42562 33
42565 68
42567 14
42568 39
42569 57
42577 5
42579 99
42581 47
42591 25
42601 42
42602 60
42604 24
42609 98
42611 80
42612 31
42619 31
42633 33
42634 56
42648 57
42662 73
42664 13
42672 47
42673 38
42676 36
42680 13
42681 46
42684 95
42689 80
42691 29
42695 78
42708 91
42716 66
42719 70
42721 16
42727 79
42729 69
42736 82
42739 56
42740 99
42752 68
42757 45
42762 96
42766 7
42776 2
42778 24
42779 97
42781 55
42788 38
42789 29
42792 24
42798 29
42799 85
42805 67
42810 68
42821 42
42826 40
42840 23
42844 95
42848 65
42849 43
42852 24
42854 8
42856 11
42860 61
42864 31
42865 24
42875 39
42876 34
42877 72
42884 92
42890 32
42894 45
42897 15
42898 67
42902 90
42909 3
42910 89
42913 8
42914 85
42915 27
42918 52
42931 38
42937 88
42955 51
42956 60
42962 4
42964 34
42967 64
42968 15
42972 58
42974 42
42975 86
42976 63
42978 4
42987 93
42989 50
42996 37
43004 50
43007 39
43013 88
43014 69
43017 6
43018 86
43021 23
43023 69
43024 78
43028 67
43029 76
43032 0
43042 45
43055 47
43059 14
43060 58
43068 76
43069 75
43075 80
43076 24
43079 68
43082 32
43085 45
43086 21
43091 40
43101 70
43111 20
43122 65
43133 82
43137 88
43147 41
43148 17
43149 27
43150 42
43151 75
43153 52
43160 66
43167 9
43170 45
43173 84
43174 95
43191 13
43192 6
43195 55
43197 41
43198 41
43215 62
43220 84
43223 54
43233 26
43234 33
43238 15
43247 39
43248 71
43257 1
43259 38
43274 19
43277 11
43282 69
43288 31
43298 39
43300 91
43301 79
43310 96
43312 31
43316 56
43323 92
43324 80
43326 99
43328 21
43330 85
43331 14
43333 5
43334 52
43338 9
43346 0
43348 6
43349 96
43353 99
43361 71
43375 76
43377 26
43378 71
43388 35
43398 58
43403 60
43407 0
43409 35
43411 43
43422 11
43435 66
43439 70
43440 23
43442 47
43445 74
43449 67
43453 48
43459 81
43472 82
43477 48
43479 65
43482 45
43483 56
43492 81
43493 4
43505 65
43506 79
43516 64
43520 87
43526 61
43531 42
43532 31
43538 61
43542 98
43556 56
43557 63
43560 27
43567 30
43569 41
43578 64
43581 27
43592 31
43603 74
43605 22
43614 24
43619 61
43625 29
43635 2
43637 53
43642 10
43664 85
43670 57
43679 63
43680 81
43687 26
43693 41
43706 62
43711 37
43712 0
43722 23
43724 54
43730 98
43733 80
43734 71
43739 14
43750 56
43755 37
43758 57
43759 32
43763 97
43770 43
43775 68
43777 74
43778 9
43779 2
43782 35
43784 0
43785 0
43787 21
43788 98
43791 92
43795 41
43812 69
43819 68
43825 86
43826 7
43834 72
43836 99
43837 37
43840 11
43845 79
43872 33
43874 67
43881 15
43882 82
43894 98
43898 78
43905 36
43913 70
43914 93
43918 49
43920 14
43922 91
43924 51
43926 28
43929 73
43930 59
43933 51
43944 90
43949 99
43950 16
43952 8
43961 86
43962 33
43963 70
43968 77
43969 43
43971 48
43978 92
43979 23
43980 55
43985 67
43986 11
43991 32
43992 36
43995 96
43996 37
43997 22
44001 60
44005 78
44006 92
44013 51
44033 7
44041 59
44043 84
44059 18
44063 84
44069 3
44076 33
44079 85
44087 66
44092 54
44093 61
44099 46
44104 34
44108 23
44114 3
44129 59
44134 82
44145 69
44146 12
44165 33
44169 84
44174 45
44176 91
44179 62
44183 37
44185 16
44188 19
44192 95
44208 98
44223 67
44228 2
44234 20
44237 99
44239 5
44241 29
44248 64
44253 2
44259 60
44268 73
44272 5
44273 42
44274 55
44277 40
44278 17
44283 15
44293 32
44299 85
44301 9
44302 12
44307 84
44311 64
44312 34
44318 62
44322 30
44323 57
44327 98
44338 30
44342 29
44353 70
44354 45
44357 98
44363 10
44372 66
44381 27
44394 80
44400 16
44413 22
44434 80
44436 57
44449 54
44455 23
44458 66
44465 88
44467 58
44474 0
44477 83
44479 21
44480 35
44489 33
44490 6
44491 11
44510 88
44513 15
44514 39
44520 70
44523 72
44524 79
44527 65
44534 43
44536 69
44540 79
44541 13
44544 34
44546 64
44547 79
44549 33
44551 54
44553 31
44554 82
44558 8
44566 74
44571 45
44573 93
44582 4
44587 21
44590 25
44591 86
44593 25
44596 7
44597 19
44605 19
44619 98
44632 86
44636 71
44637 33
44646 45
44653 64
44658 53
44660 17
44666 42
44669 67
44679 80
44684 63
44689 49
44691 81
44693 62
44697 4
44706 14
44731 63
44749 75
44751 70
44760 39
44768 31
44771 65
44772 79
44777 97
44778 78
44780 96
44784 68
44790 23
44791 87
44795 98
44801 13
44815 63
44818 29
44822 53
44828 50
44829 12
44845 23
44848 3
44852 46
44855 60
44858 90
44861 97
44863 59
44864 20
44867 97
44868 7
44870 91
44876 42
44879 86
44893 36
44901 67
44908 4
44911 31
44916 26
44920 68
44926 60
44932 95
44937 78
44940 96
44950 47
44951 1
44953 99
44957 10
44959 44
44963 76
44965 78
44966 63
44970 33
44972 55
44978 44
44979 23
44982 25
44987 63
44989 40
44990 35
44998 68
44999 72
45007 43
45011 94
45024 62
45025 15
45031 81
45036 53
45041 53
45045 16
45052 56
45065 7
45066 11
45075 18
45082 63
45091 73
45092 15
45093 25
45100 48
45108 96
45111 52
45115 85
45116 77
45120 74
45124 29
45125 91
45132 66
45137 4
45139 59
45151 69
45155 0
45156 16
45157 55
45163 24
45165 28
45184 28
45188 12
45190 46
45205 1
45212 54
45213 84
45214 44
45217 8
45240 30
45252 87
45260 60
45262 88
45266 76
45269 79
45271 99
45283 6
45284 92
45286 35
45289 70
45296 24
45297 32
45300 40
45303 87
45310 88
45319 41
45320 78
45327 25
45330 93
45331 89
45337 3
45341 9
45342 13
45343 42
45344 7
45345 84
45347 63
45354 16
45356 67
45371 97
45375 51
45384 40
45395 83
45403 93
45404 43
45405 80
45406 40
45429 5
45430 44
45433 83
45448 40
45450 61
45464 39
45469 57
45470 45
45471 58
45472 72
45475 21
45477 3
45478 92
45479 56
45494 76
45498 57
45502 64
45515 10
45517 60
45519 74
45538 91
45539 44
45540 19
45543 80
45549 67
45554 55
45557 73
45562 28
45569 1
45570 29
45579 24
45580 77
45585 65
45587 87
45592 80
45593 85
45598 19
45604 46
45626 17
45628 7
45636 38
45638 31
45652 59
45654 47
45657 63
45659 92
45665 71
45667 20
45668 68
45676 72
45677 61
45680 72
45683 52
45690 97
45706 82
45711 51
45717 63
45719 69
45724 94
45728 82
45729 23
45730 35
45739 43
45742 0
45748 2
45750 33
45752 91
45755 12
45760 70
45764 10
45781 42
45789 73
45792 0
45794 51
45798 31
45799 28
45804 90
45805 87
45806 19
45807 57
45811 5
45816 34
45818 65
45819 64
45827 83
45838 29
45840 53
45851 24
45856 23
45859 7
45861 0
45862 45
45872 93
45873 5
45874 46
45877 37
45893 64
45903 92
45911 57
45919 2
45922 72
45925 98
45929 83
45934 88
45941 66
45950 73
45956 27
45957 86
45962 18
45964 85
45973 31
45983 53
45986 49
45993 85
45994 36
45996 49
46023 90
46038 95
46042 3
46056 64
46061 89
46064 12
46065 56
46076 46
46078 74
46080 99
46090 80
46091 41
46092 73
46096 19
46097 29
46099 73
46114 82
46116 17
46121 0
46124 85
46125 47
46128 89
46130 59
46133 95
46135 10
46141 33
46149 47
46153 62
46154 38
46162 92
46163 14
46166 56
46167 27
46174 31
46179 72
46183 5
46185 93
46186 83
46201 79
46204 1
46207 86
46213 58
46229 79
46230 23
46236 93
46238 29
46243 37
46244 42
46250 73
46258 20
46261 10
46265 77
46267 94
46268 41
46274 24
46276 20
46279 73
46292 83
46293 32
46295 43
46298 69
46299 60
46304 70
46308 39
46313 49
46316 54
46321 58
46322 10
46325 26
46328 2
46329 76
46330 52
46331 91
46336 9
46337 24
46340 8
46345 84
46350 35
46352 13
46361 61
46363 94
46365 62
46376 83
46382 91
46389 66
46391 85
46399 18
46407 84
46408 85
46415 89
46417 21
46419 61
46424 38
46426 3
46431 85
46433 5
46434 10
46441 66
46462 81
46467 49
46475 59
46488 63
46492 94
46495 58
46497 60
46506 60
46512 92
46523 85
46530 53
46537 50
46540 36
46541 41
46543 58
46544 89
46546 44
46548 32
46551 63
46553 0
46566 34
46573 30
46579 90
46586 29
46590 95
46591 55
46596 85
46600 73
46604 34
46607 11
46608 81
46611 20
46614 11
46623 91
46625 80
46641 1
46646 11
46651 41
46653 14
46656 73
46661 18
46663 51
46671 44
46675 92
46681 62
46683 55
46693 89
46700 24
46702 16
46706 66
46711 53
46715 20
46719 38
46724 53
46727 22
46729 19
46730 39
46732 11
46735 39
46741 91
46743 83
46744 49
46764 98
46771 62
46777 69
46781 74
46782 87
46784 65
46786 5
46797 12
46798 24
46799 11
46803 42
46805 3
46812 91
46813 67
46815 63
46821 36
46829 39
46839 2
46842 62
46843 86
46848 48
46857 52
46866 2
46872 50
46879 14
46894 34
46896 92
46897 91
46913 19
46921 37
46935 20
46936 88
46940 34
46943 81
46945 55
46948 14
46949 21
46950 24
46958 81
46974 74
46978 79
46981 92
46984 70
47004 92
47008 98
47011 5
47012 27
47013 71
47014 42
47018 71
47022 34
47026 96
47050 60
47052 18
47060 53
47061 71
47063 23
47065 97
47077 64
47080 74
47082 70
47087 19
47093 71
47105 34
47113 81
47116 82
47117 54
47125 37
47129 30
47139 28
47157 32
47161 42
47176 35
47191 77
47199 99
47202 76
47203 93
47212 26
47213 77
47220 34
47223 31
47224 63
47225 62
47227 82
47229 12
47234 16
47236 80
47241 75
47242 3
47243 89
47264 2
47276 68
47281 62
47287 47
47293 1
47301 16
47310 48
47315 12
47321 48
47323 40
47328 50
47331 86
47342 5
47347 78
47351 59
47354 40
47355 63
47360 76
47366 49
47377 41
47379 1
47389 94
47392 66
47394 13
47400 79
47405 37
47411 65
47425 89
47426 78
47431 31
47446 63
47449 83
47451 32
47455 97
47458 63
47462 97
47467 18
47476 89
47477 57
47479 84
47491 26
47492 69
47493 35
47505 83
47512 95
47515 53
47520 95
47524 94
47527 24
47537 55
47538 81
47539 40
47545 41
47550 43
47553 36
47554 0
47558 28
47564 30
47565 48
47566 36
47571 81
47573 63
47575 57
47578 47
47592 73
47600 51
47603 6
47604 64
47609 57
47616 43
47622 44
47637 60
47638 90
47650 25
47655 61
47660 31
47662 29
47666 13
47674 37
47680 77
47685 92
47693 85
47694 55
47696 6
47714 96
47716 43
47717 80
47718 78
47720 75
47748 48
47751 26
47759 64
47763 72
47764 17
47767 79
47768 12
47772 55
47773 17
47783 20
47788 49
47795 50
47814 66
47817 29
47818 84
47821 28
47823 58
47825 65
47828 39
47830 31
47839 75
47842 69
47846 10
47850 78
47854 15
47861 28
47872 58
47875 82
47888 92
47896 67
47897 0
47900 75
47905 10
47907 15
47910 15
47912 16
47919 71
47929 21
47932 67
47935 96
47945 42
47949 18
47951 20
47954 11
47956 29
47958 82
47960 71
47961 53
47962 18
47964 34
47966 47
47968 51
47970 90
47972 17
47981 40
47994 64
47999 88
48005 77
48012 43
48020 48
48022 88
48024 77
48025 52
48029 67
48031 58
48032 36
48039 78
48043 43
48044 55
48053 63
48055 96
48064 33
48066 44
48068 94
48075 67
48081 40
48101 14
48104 81
48105 59
48121 94
48123 54
48127 54
48135 25
48151 62
48152 79
48156 33
48159 49
48165 33
48168 95
48180 17
48190 80
48193 88
48194 49
48204 55
48205 74
48213 41
48220 74
48222 39
48224 4
48228 68
48235 25
48241 30
48247 42
48252 0
48255 85
48256 22
48266 84
48269 60
48272 62
48273 69
48280 1
48288 88
48297 63
48298 81
48307 30
48308 46
48310 25
48315 72
48316 71
48319 61
48321 76
48325 16
48327 13
48344 56
48350 17
48353 91
48365 55
48366 23
48368 15
48370 13
48376 85
48378 72
48389 83
48393 18
48401 40
48403 83
48404 66
48405 91
48419 23
48426 91
48443 39
48447 29
48449 52
48452 22
48453 58
48458 72
48460 12
48464 92
48470 53
48482 6
48484 49
48486 87
48487 23
48492 69
48497 69
48498 21
48502 94
48504 53
48505 78
48506 22
48508 32
48509 13
48512 69
48525 15
48540 91
48542 55
48547 5
48555 87
48559 85
48560 14
48562 48
48566 67
48577 50
48579 81
48584 0
48587 21
48588 97
48592 91
48600 16
48603 36
48604 49
48605 75
48606 5
48611 61
48613 26
48615 22
48617 21
48623 37
48632 72
48635 86
48641 79
48644 73
48647 39
48655 28
48667 20
48670 25
48672 51
48681 4
48683 96
48686 45
48689 44
48691 51
48693 35
48701 82
48702 85
48715 33
48723 65
48725 75
48727 25
48730 36
48751 34
48752 73
48757 86
48764 66
48765 29
48770 7
48773 47
48774 57
48775 89
48780 23
48781 43
48783 79
48798 74
48802 54
48803 84
48806 62
48809 9
48811 83
48824 36
48825 17
48826 9
48829 37
48830 21
48840 28
48841 3
48843 37
48856 99
48858 26
48860 51
48866 86
48867 94
48869 60
48872 48
48877 26
48879 51
48881 32
48885 80
48886 21
48887 83
48896 45
48899 78
48911 86
48915 3
48918 54
48919 80
48921 90
48923 53
48929 37
48930 78
48934 46
48940 54
48944 78
48946 4
48947 71
48953 80
48954 89
48957 79
48958 31
48960 89
48985 89
48988 86
48992 83
48994 77
49005 91
49007 4
49009 66
49015 86
49017 28
49025 49
49026 1
49027 15
49029 39
49031 27
49038 39
49039 97
49040 47
49051 10
49053 24
49054 35
49061 86
49066 40
49079 85
49082 13
49083 76
49103 57
49112 23
49114 53
49117 88
49120 75
49122 87
49125 13
49132 71
49135 71
49141 32
49144 44
49151 57
49155 0
49159 20
49162 36
49165 51
49179 31
49190 3
49191 15
49199 73
49205 2
49211 7
49215 45
49221 2
49223 99
49224 85
49225 70
49228 51
49230 70
49240 13
49242 45
49243 26
49244 53
49246 48
49250 25
49251 12
49255 88
49257 84
49261 5
49267 0
49268 44
49273 44
49274 63
49282 56
49285 64
49289 19
49313 16
49318 74
49324 72
49330 49
49331 99
49337 21
49354 68
49356 11
49357 41
49369 68
49372 21
49381 2
49384 40
49385 2
49387 20
49396 91
49398 96
49408 64
49416 55
49423 47
49424 92
49426 84
49440 97
49441 83
49442 35
49443 37
49446 70
49452 96
49476 14
49477 97
49480 44
49483 44
49486 93
49487 13
49489 38
49491 67
49493 55
49502 29
49509 59
49511 93
49517 44
49521 11
49525 38
49527 79
49533 79
49534 72
49543 54
49544 46
49549 86
49555 94
49570 38
49572 61
49585 89
49586 1
49594 7
49595 48
49605 74
49616 4
49625 71
49630 33
49633 11
49639 54
49648 36
49659 75
49660 14
49663 75
49665 83
49669 62
49672 0
49673 50
49676 2
49677 78
49678 23
49679 17
49681 81
49684 51
49691 52
49695 32
49698 61
49699 38
49715 39
49722 88
49723 40
49727 24
49730 41
49733 54
49734 8
49739 9
49747 28
49749 97
49753 98
49754 7
49756 80
49760 2
49763 87
49771 4
49772 20
49774 20
49776 16
49778 88
49784 12
49787 6
49791 93
49801 15
49802 93
49804 53
49807 8
49809 41
49811 94
49815 75
49817 6
49826 98
49833 51
49843 10
49851 62
49853 45
49857 79
49858 95
49859 83
49862 67
49866 94
49867 19
49871 3
49875 28
49877 67
49878 67
49879 71
49880 83
49885 36
49887 62
49892 50
49895 32
49899 33
49903 20
49906 21
49911 61
49915 32
49919 53
49920 90
49926 9
49938 83
49941 66
49945 93
49946 14
49947 64
49952 48
49954 20
49957 1
49959 37
49968 37
49969 33
49970 72
49973 99
49976 18
49989 81
49994 28
49995 62
