52 0
68 0
86 0
91 0
117 0
120 0
128 0
203 0
204 0
225 0
233 0
235 0
239 0
251 0
252 0
285 0
298 0
312 0
314 0
369 0
372 0
412 0
423 0
445 0
454 0
472 0
537 0
552 0
566 0
571 0
573 0
591 0
600 0
615 0
622 0
638 0
639 0
673 0
690 0
696 0
711 0
717 0
727 0
757 0
758 0
771 0
801 0
802 0
814 0
818 0
829 0
899 0
936 0
964 0
991 0
1056 0
1079 0
1088 0
1100 0
1105 0
1118 0
1119 0
1148 0
1182 0
1204 0
1221 0
1273 0
1298 0
1321 0
1424 0
1437 0
1481 0
1483 0
1490 0
1565 0
1573 0
1578 0
1725 0
1762 0
1766 0
1777 0
1814 0
1844 0
1861 0
1900 0
1918 0
1936 0
1972 0
1974 0
1998 0
2054 0
2059 0
2137 0
2140 0
2164 0
2169 0
2172 0
2214 0
2249 0
2285 0
2309 0
2340 0
2341 0
2383 0
2392 0
2453 0
2460 0
2514 0
2554 0
2570 0
2577 0
2582 0
2590 0
2596 0
2648 0
2691 0
2703 0
2745 0
2766 0
2835 0
2884 0
3032 0
3039 0
3136 0
3160 0
3204 0
3243 0
3285 0
3336 0
3340 0
3358 0
3364 0
3372 0
3377 0
3379 0
3399 0
3444 0
3494 0
3497 0
3508 0
3513 0
3583 0
3654 0
3665 0
3670 0
3809 0
3824 0
3835 0
3871 0
3886 0
3891 0
3897 0
3910 0
3971 0
3973 0
4023 0
4079 0
4092 0
4095 0
4138 0
4218 0
4260 0
4291 0
4343 0
4405 0
4407 0
4493 0
4533 0
4557 0
4583 0
4585 0
4592 0
4599 0
4611 0
4646 0
4668 0
4674 0
4690 0
4719 0
4735 0
4738 0
4790 0
4829 0
4857 0
4860 0
4864 0
4891 0
4897 0
4955 0
4958 0
4971 0
4976 0
5019 0
5096 0
5247 0
5282 0
5301 0
5409 0
5437 0
5489 0
5513 0
5517 0
5581 0
5596 0
5611 0
5618 0
5633 0
5635 0
5637 0
5646 0
5657 0
5697 0
5734 0
5757 0
5799 0
5810 0
5830 0
5852 0
5890 0
5893 0
5935 0
5946 0
5966 0
6080 0
6124 0
6188 0
6233 0
6273 0
6298 0
6317 0
6332 0
6336 0
6337 0
6372 0
6399 0
6411 0
6429 0
6448 0
6473 0
6493 0
6499 0
6507 0
6512 0
6595 0
6627 0
6699 0
6735 0
6770 0
6819 0
6857 0
6873 0
6890 0
6896 0
6922 0
6939 0
6945 0
6959 0
6970 0
6972 0
7001 0
7004 0
7005 0
7007 0
7008 0
7024 0
7056 0
7066 0
7085 0
7086 0
7145 0
7166 0
7167 0
7174 0
7193 0
7209 0
7230 0
7348 0
7408 0
7426 0
7486 0
7512 0
7522 0
7543 0
7558 0
7627 0
7630 0
7683 0
7693 0
7728 0
7796 0
7804 0
7824 0
7845 0
7888 0
7900 0
7912 0
7913 0
7930 0
7950 0
7966 0
7983 0
7991 0
8026 0
8031 0
8044 0
8049 0
8060 0
8094 0
8095 0
8122 0
8136 0
8144 0
8230 0
8237 0
8256 0
8297 0
8306 0
8308 0
8379 0
8386 0
8423 0
8437 0
8484 0
8510 0
8520 0
8533 0
8581 0
8614 0
8615 0
8647 0
8668 0
8671 0
8689 0
8692 0
8727 0
8735 0
8786 0
8798 0
8801 0
8835 0
8845 0
8880 0
8898 0
8918 0
8991 0
9070 0
9092 0
9131 0
9159 0
9191 0
9214 0
9222 0
9258 0
9276 0
9336 0
9373 0
9402 0
9451 0
9497 0
9503 0
9515 0
9622 0
9631 0
9666 0
9703 0
9716 0
9722 0
9741 0
9781 0
9808 0
9859 0
9888 0
9908 0
9915 0
10076 0
10110 0
10117 0
10118 0
10144 0
10171 0
10202 0
10205 0
10208 0
10224 0
10225 0
10229 0
10254 0
10275 0
10311 0
10336 0
10340 0
10415 0
10491 0
10562 0
10575 0
10595 0
10616 0
10632 0
10654 0
10660 0
10675 0
10719 0
10846 0
10854 0
10914 0
10980 0
11001 0
11018 0
11024 0
11063 0
11123 0
11195 0
11205 0
11215 0
11225 0
11281 0
11314 0
11323 0
11342 0
11352 0
11415 0
11421 0
11480 0
11488 0
11512 0
11555 0
11581 0
11614 0
11654 0
11679 0
11711 0
11726 0
11734 0
11766 0
11785 0
11816 0
11835 0
11841 0
11848 0
11903 0
11908 0
11934 0
12046 0
12060 0
12070 0
12079 0
12106 0
12127 0
12143 0
12157 0
12188 0
12195 0
12203 0
12219 0
12222 0
12224 0
12268 0
12271 0
12280 0
12283 0
12315 0
12318 0
12362 0
12403 0
12409 0
12451 0
12467 0
12498 0
12537 0
12540 0
12561 0
12608 0
12623 0
12630 0
12636 0
12639 0
12641 0
12645 0
12665 0
12683 0
12697 0
12708 0
12761 0
12772 0
12778 0
12819 0
12823 0
12862 0
12863 0
12934 0
12960 0
13029 0
13033 0
13036 0
13042 0
13071 0
13086 0
13087 0
13101 0
13118 0
13143 0
13145 0
13162 0
13195 0
13201 0
13220 0
13235 0
13248 0
13250 0
13289 0
13302 0
13307 0
13317 0
13319 0
13357 0
13387 0
13421 0
13427 0
13434 0
13458 0
13475 0
13486 0
13500 0
13503 0
13513 0
13529 0
13544 0
13553 0
13570 0
13571 0
13585 0
13613 0
13616 0
13635 0
13657 0
13695 0
13720 0
13721 0
13751 0
13766 0
13785 0
13803 0
13847 0
13883 0
13896 0
13940 0
13947 0
13976 0
13990 0
14068 0
14079 0
14082 0
14103 0
14141 0
14156 0
14180 0
14203 0
14233 0
14267 0
14279 0
14281 0
14305 0
14363 0
14381 0
14383 0
14404 0
14406 0
14427 0
14461 0
14489 0
14497 0
14607 0
14614 0
14650 0
14663 0
14666 0
14727 0
14759 0
14768 0
14828 0
14898 0
14930 0
14959 0
14961 0
14985 0
14993 0
15002 0
15015 0
15019 0
15026 0
15044 0
15057 0
15066 0
15074 0
15077 0
15093 0
15172 0
15178 0
15190 0
15223 0
15309 0
15314 0
15333 0
15369 0
15375 0
15380 0
15395 0
15405 0
15425 0
15430 0
15431 0
15458 0
15461 0
15483 0
15495 0
15540 0
15557 0
15567 0
15624 0
15647 0
15668 0
15674 0
15682 0
15690 0
15711 0
15713 0
15721 0
15739 0
15766 0
15776 0
15788 0
15794 0
15821 0
15867 0
15909 0
15913 0
15920 0
15926 0
15976 0
16018 0
16026 0
16038 0
16072 0
16095 0
16139 0
16165 0
16168 0
16172 0
16176 0
16207 0
16211 0
16232 0
16248 0
16253 0
16254 0
16305 0
16377 0
16390 0
16444 0
16447 0
16456 0
16473 0
16525 0
16541 0
16572 0
16578 0
16581 0
16632 0
16641 0
16729 0
16741 0
16755 0
16756 0
16780 0
16812 0
16835 0
16859 0
16869 0
16904 0
16908 0
16937 0
16940 0
16964 0
17013 0
17065 0
17085 0
17093 0
17113 0
17145 0
17226 0
17244 0
17261 0
17301 0
17337 0
17403 0
17406 0
17419 0
17513 0
17515 0
17559 0
17644 0
17679 0
17849 0
17927 0
17959 0
17970 0
18028 0
18030 0
18031 0
18085 0
18129 0
18168 0
18185 0
18245 0
18317 0
18368 0
18404 0
18436 0
18453 0
18488 0
18498 0
18523 0
18528 0
18540 0
18541 0
18546 0
18603 0
18652 0
18672 0
18753 0
18768 0
18798 0
18830 0
18887 0
18894 0
18901 0
18917 0
18925 0
18962 0
18982 0
18986 0
18990 0
18999 0
19030 0
19052 0
19076 0
19081 0
19124 0
19134 0
19143 0
19162 0
19224 0
19226 0
19277 0
19299 0
19341 0
19353 0
19371 0
19458 0
19511 0
19539 0
19547 0
19562 0
19590 0
19621 0
19640 0
19676 0
19690 0
19705 0
19736 0
19738 0
19820 0
19886 0
19987 0
20027 0
20029 0
20072 0
20137 0
20153 0
20183 0
20188 0
20195 0
20208 0
20209 0
20213 0
20251 0
20286 0
20300 0
20346 0
20371 0
20415 0
20477 0
20480 0
20524 0
20528 0
20555 0
20570 0
20592 0
20608 0
20617 0
20647 0
20662 0
20673 0
20702 0
20739 0
20755 0
20772 0
20797 0
20800 0
20828 0
20926 0
20936 0
20953 0
20996 0
21007 0
21023 0
21053 0
21095 0
21109 0
21127 0
21135 0
21146 0
21153 0
21160 0
21231 0
21233 0
21253 0
21260 0
21267 0
21273 0
21337 0
21374 0
21423 0
21447 0
21452 0
21457 0
21578 0
21584 0
21589 0
21596 0
21601 0
21638 0
21647 0
21748 0
21752 0
21759 0
21841 0
21869 0
21881 0
21981 0
22048 0
22052 0
22069 0
22072 0
22075 0
22107 0
22136 0
22149 0
22170 0
22193 0
22200 0
22223 0
22259 0
22269 0
22273 0
22309 0
22348 0
22362 0
22398 0
22444 0
22457 0
22492 0
22494 0
22498 0
22511 0
22551 0
22552 0
22594 0
22644 0
22670 0
22676 0
22760 0
22783 0
22823 0
22825 0
22885 0
22888 0
22890 0
22935 0
22946 0
22959 0
22987 0
23016 0
23023 0
23067 0
23076 0
23093 0
23102 0
23122 0
23125 0
23126 0
23161 0
23167 0
23172 0
23207 0
23250 0
23293 0
23353 0
23354 0
23384 0
23386 0
23479 0
23502 0
23504 0
23513 0
23527 0
23549 0
23612 0
23638 0
23716 0
23735 0
23743 0
23762 0
23812 0
23826 0
23827 0
23849 0
23851 0
23879 0
23886 0
23895 0
23906 0
23916 0
23927 0
23972 0
23978 0
24029 0
24076 0
24132 0
24136 0
24138 0
24149 0
24206 0
24238 0
24298 0
24319 0
24335 0
24394 0
24414 0
24426 0
24444 0
24459 0
24522 0
24525 0
24526 0
24550 0
24578 0
24607 0
24617 0
24619 0
24623 0
24628 0
24637 0
24644 0
24658 0
24683 0
24696 0
24724 0
24732 0
24772 0
24773 0
24777 0
24800 0
24801 0
24811 0
24825 0
24833 0
24835 0
24897 0
24985 0
25009 0
25016 0
25025 0
25051 0
25077 0
25139 0
25142 0
25145 0
25214 0
25223 0
25231 0
25248 0
25259 0
25274 0
25290 0
25335 0
25366 0
25381 0
25408 0
25423 0
25440 0
25467 0
25494 0
25547 0
25614 0
25651 0
25675 0
25683 0
25737 0
25771 0
25775 0
25802 0
25811 0
25867 0
25902 0
25908 0
25941 0
25947 0
25968 0
26021 0
26026 0
26047 0
26070 0
26092 0
26095 0
26100 0
26102 0
26131 0
26141 0
26166 0
26245 0
26322 0
26364 0
26371 0
26397 0
26416 0
26429 0
26463 0
26508 0
26517 0
26562 0
26572 0
26632 0
26672 0
26709 0
26726 0
26752 0
26762 0
26769 0
26772 0
26852 0
26859 0
26901 0
26928 0
26942 0
26961 0
26979 0
26987 0
27028 0
27050 0
27065 0
27069 0
27166 0
27178 0
27185 0
27209 0
27223 0
27228 0
27229 0
27256 0
27284 0
27290 0
27299 0
27368 0
27431 0
27466 0
27467 0
27468 0
27477 0
27491 0
27497 0
27528 0
27550 0
27607 0
27628 0
27667 0
27737 0
27754 0
27862 0
27880 0
27884 0
27923 0
27968 0
28057 0
28062 0
28087 0
28096 0
28111 0
28149 0
28158 0
28164 0
28182 0
28223 0
28236 0
28251 0
28278 0
28294 0
28325 0
28333 0
28341 0
28346 0
28367 0
28370 0
28431 0
28460 0
28495 0
28521 0
28572 0
28589 0
28599 0
28619 0
28624 0
28637 0
28648 0
28679 0
28722 0
28743 0
28801 0
28807 0
28902 0
28910 0
28924 0
28929 0
28946 0
28972 0
28973 0
28993 0
29002 0
29006 0
29037 0
29055 0
29056 0
29069 0
29125 0
29160 0
29250 0
29278 0
29311 0
29373 0
29498 0
29507 0
29537 0
29547 0
29553 0
29563 0
29574 0
29582 0
29586 0
29605 0
29607 0
29609 0
29616 0
29640 0
29710 0
29714 0
29748 0
29793 0
29802 0
29844 0
29846 0
29848 0
29895 0
29919 0
29939 0
29942 0
29963 0
30058 0
30077 0
30099 0
30129 0
30157 0
30165 0
30169 0
30172 0
30180 0
30181 0
30226 0
30242 0
30253 0
30258 0
30262 0
30282 0
30320 0
30379 0
30398 0
30441 0
30444 0
30451 0
30452 0
30461 0
30467 0
30488 0
30498 0
30534 0
30568 0
30573 0
30576 0
30584 0
30598 0
30608 0
30627 0
30651 0
30654 0
30673 0
30683 0
30685 0
30692 0
30714 0
30732 0
30754 0
30767 0
30795 0
30813 0
30846 0
30868 0
30891 0
30942 0
30944 0
30947 0
30985 0
31043 0
31082 0
31123 0
31130 0
31147 0
31148 0
31153 0
31155 0
31162 0
31222 0
31292 0
31301 0
31314 0
31315 0
31359 0
31373 0
31389 0
31396 0
31400 0
31430 0
31458 0
31494 0
31582 0
31607 0
31609 0
31617 0
31633 0
31679 0
31701 0
31717 0
31734 0
31737 0
31746 0
31774 0
31779 0
31790 0
31845 0
31903 0
31908 0
31941 0
31973 0
31974 0
31986 0
32022 0
32091 0
32097 0
32113 0
32127 0
32148 0
32204 0
32222 0
32242 0
32261 0
32290 0
32291 0
32309 0
32352 0
32386 0
32410 0
32412 0
32427 0
32498 0
32523 0
32543 0
32571 0
32584 0
32607 0
32653 0
32668 0
32675 0
32696 0
32703 0
32735 0
32746 0
32781 0
32787 0
32801 0
32810 0
32817 0
32843 0
32852 0
32855 0
32859 0
32866 0
32884 0
32886 0
32926 0
32936 0
32974 0
33004 0
33062 0
33073 0
33075 0
33079 0
33085 0
33107 0
33132 0
33159 0
33166 0
33184 0
33186 0
33211 0
33218 0
33219 0
33227 0
33317 0
33390 0
33405 0
33414 0
33454 0
33472 0
33524 0
33525 0
33549 0
33565 0
33682 0
33699 0
33709 0
33768 0
33772 0
33926 0
33985 0
34057 0
34090 0
34104 0
34134 0
34239 0
34251 0
34260 0
34283 0
34314 0
34336 0
34354 0
34362 0
34364 0
34378 0
34424 0
34455 0
34501 0
34516 0
34522 0
34568 0
34572 0
34577 0
34603 0
34617 0
34629 0
34659 0
34724 0
34726 0
34759 0
34767 0
34799 0
34808 0
34820 0
34880 0
35010 0
35021 0
35029 0
35040 0
35096 0
35108 0
35122 0
35128 0
35152 0
35173 0
35175 0
35177 0
35178 0
35198 0
35243 0
35245 0
35246 0
35253 0
35266 0
35275 0
35277 0
35315 0
35349 0
35373 0
35454 0
35462 0
35581 0
35588 0
35617 0
35620 0
35645 0
35650 0
35658 0
35736 0
35775 0
35788 0
35834 0
35838 0
35863 0
35953 0
35977 0
36011 0
36082 0
36099 0
36153 0
36154 0
36155 0
36170 0
36177 0
36202 0
36205 0
36230 0
36255 0
36292 0
36364 0
36384 0
36386 0
36391 0
36405 0
36408 0
36412 0
36414 0
36416 0
36442 0
36482 0
36504 0
36507 0
36517 0
36570 0
36585 0
36598 0
36670 0
36672 0
36688 0
36693 0
36749 0
36765 0
36841 0
36852 0
36898 0
36908 0
36918 0
36944 0
36977 0
37039 0
37116 0
37130 0
37170 0
37191 0
37210 0
37249 0
37297 0
37307 0
37315 0
37332 0
37348 0
37353 0
37367 0
37411 0
37515 0
37536 0
37543 0
37560 0
37570 0
37628 0
37629 0
37650 0
37656 0
37659 0
37668 0
37675 0
37696 0
37704 0
37732 0
37733 0
37782 0
37800 0
37835 0
37842 0
37930 0
37948 0
38018 0
38066 0
38072 0
38079 0
38101 0
38119 0
38197 0
38199 0
38277 0
38308 0
38321 0
38322 0
38333 0
38346 0
38351 0
38422 0
38427 0
38457 0
38490 0
38525 0
38526 0
38543 0
38561 0
38601 0
38658 0
38693 0
38772 0
38781 0
38851 0
38854 0
38874 0
38891 0
38918 0
38930 0
38961 0
38980 0
38981 0
38988 0
39026 0
39030 0
39042 0
39045 0
39063 0
39073 0
39083 0
39134 0
39143 0
39154 0
39160 0
39166 0
39174 0
39178 0
39204 0
39209 0
39268 0
39287 0
39321 0
39373 0
39386 0
39430 0
39435 0
39477 0
39517 0
39526 0
39563 0
39576 0
39629 0
39676 0
39681 0
39682 0
39688 0
39694 0
39720 0
39730 0
39739 0
39741 0
39743 0
39816 0
39822 0
39856 0
39888 0
39917 0
39993 0
40002 0
40073 0
40075 0
40221 0
40242 0
40273 0
40319 0
40334 0
40341 0
40357 0
40402 0
40413 0
40433 0
40448 0
40534 0
40543 0
40547 0
40583 0
40588 0
40611 0
40626 0
40636 0
40659 0
40670 0
40689 0
40694 0
40695 0
40724 0
40744 0
40762 0
40789 0
40819 0
40822 0
40837 0
40838 0
40841 0
40871 0
40924 0
40947 0
40969 0
41001 0
41009 0
41116 0
41157 0
41196 0
41246 0
41275 0
41283 0
41285 0
41361 0
41422 0
41425 0
41503 0
41530 0
41552 0
41626 0
41634 0
41671 0
41712 0
41722 0
41732 0
41780 0
41784 0
41790 0
41821 0
41831 0
41833 0
41839 0
41872 0
41890 0
41906 0
41910 0
41912 0
41930 0
41935 0
41971 0
42008 0
42014 0
42017 0
42023 0
42066 0
42073 0
42088 0
42095 0
42115 0
42122 0
42160 0
42190 0
42233 0
42266 0
42287 0
42311 0
42314 0
42351 0
42428 0
42435 0
42468 0
42496 0
42501 0
42504 0
42525 0
42566 0
42578 0
42581 0
42597 0
42601 0
42637 0
42639 0
42667 0
42675 0
42680 0
42698 0
42770 0
42810 0
42828 0
42865 0
42885 0
42904 0
42967 0
42969 0
42973 0
42979 0
42985 0
43004 0
43026 0
43031 0
43040 0
43048 0
43086 0
43156 0
43190 0
43196 0
43203 0
43224 0
43256 0
43273 0
43281 0
43316 0
43325 0
43335 0
43341 0
43345 0
43352 0
43374 0
43375 0
43389 0
43403 0
43412 0
43436 0
43438 0
43463 0
43488 0
43513 0
43543 0
43554 0
43560 0
43579 0
43610 0
43617 0
43644 0
43666 0
43687 0
43707 0
43716 0
43732 0
43757 0
43758 0
43762 0
43792 0
43804 0
43820 0
43823 0
43839 0
43878 0
43907 0
43912 0
43921 0
43923 0
43969 0
43976 0
44008 0
44067 0
44080 0
44082 0
44150 0
44163 0
44181 0
44216 0
44261 0
44279 0
44311 0
44324 0
44327 0
44330 0
44368 0
44381 0
44402 0
44444 0
44472 0
44483 0
44548 0
44580 0
44607 0
44626 0
44628 0
44648 0
44651 0
44662 0
44663 0
44665 0
44687 0
44696 0
44702 0
44705 0
44729 0
44735 0
44897 0
44908 0
44915 0
44929 0
44931 0
44956 0
44961 0
44983 0
45034 0
45139 0
45142 0
45159 0
45160 0
45328 0
45385 0
45430 0
45470 0
45496 0
45518 0
45583 0
45609 0
45623 0
45637 0
45657 0
45671 0
45689 0
45716 0
45839 0
45849 0
45851 0
45867 0
45884 0
45961 0
46034 0
46062 0
46130 0
46131 0
46141 0
46173 0
46187 0
46189 0
46206 0
46227 0
46250 0
46259 0
46300 0
46315 0
46330 0
46341 0
46362 0
46420 0
46448 0
46449 0
46463 0
46471 0
46486 0
46490 0
46496 0
46519 0
46545 0
46549 0
46584 0
46633 0
46666 0
46674 0
46682 0
46686 0
46715 0
46719 0
46758 0
46783 0
46837 0
46843 0
46845 0
46893 0
46895 0
46922 0
46926 0
46980 0
46992 0
47033 0
47115 0
47126 0
47153 0
47173 0
47252 0
47267 0
47280 0
47291 0
47305 0
47311 0
47384 0
47432 0
47469 0
47475 0
47486 0
47518 0
47519 0
47552 0
47570 0
47575 0
47596 0
47658 0
47663 0
47670 0
47719 0
47729 0
47774 0
47788 0
47802 0
47819 0
47836 0
47883 0
47899 0
48010 0
48013 0
48065 0
48096 0
48150 0
48162 0
48184 0
48239 0
48295 0
48328 0
48465 0
48482 0
48489 0
48521 0
48540 0
48596 0
48628 0
48632 0
48679 0
48731 0
48775 0
48776 0
48780 0
48787 0
48819 0
48847 0
48892 0
48900 0
48913 0
48917 0
49053 0
49058 0
49059 0
49064 0
49065 0
49077 0
49078 0
49136 0
49154 0
49157 0
49160 0
49196 0
49210 0
49216 0
49225 0
49256 0
49260 0
49266 0
49289 0
49311 0
49335 0
49361 0
49385 0
49389 0
49398 0
49426 0
49430 0
49455 0
49459 0
49518 0
49552 0
49576 0
49594 0
49603 0
49657 0
49678 0
49734 0
49742 0
49763 0
49775 0
49796 0
49813 0
49819 0
49839 0
49846 0
49888 0
49910 0
49956 0
49990 0
49997 0
47 1
113 1
116 1
121 1
124 1
132 1
144 1
193 1
195 1
199 1
256 1
289 1
317 1
343 1
370 1
399 1
455 1
477 1
483 1
498 1
529 1
557 1
679 1
708 1
709 1
745 1
790 1
794 1
809 1
852 1
858 1
897 1
909 1
912 1
973 1
998 1
1033 1
1134 1
1186 1
1205 1
1220 1
1222 1
1233 1
1277 1
1279 1
1324 1
1335 1
1377 1
1423 1
1429 1
1430 1
1434 1
1436 1
1453 1
1497 1
1527 1
1582 1
1588 1
1604 1
1613 1
1634 1
1647 1
1655 1
1690 1
1708 1
1728 1
1739 1
1768 1
1809 1
1823 1
1830 1
1866 1
1875 1
1876 1
1879 1
1882 1
1909 1
1985 1
1994 1
2003 1
2013 1
2018 1
2091 1
2095 1
2132 1
2134 1
2173 1
2177 1
2186 1
2192 1
2206 1
2232 1
2292 1
2317 1
2319 1
2350 1
2381 1
2448 1
2482 1
2489 1
2493 1
2562 1
2665 1
2682 1
2718 1
2750 1
2782 1
2805 1
2817 1
2904 1
2935 1
2961 1
3000 1
3001 1
3012 1
3066 1
3067 1
3076 1
3132 1
3221 1
3235 1
3250 1
3282 1
3349 1
3359 1
3362 1
3429 1
3450 1
3463 1
3471 1
3487 1
3512 1
3515 1
3526 1
3556 1
3559 1
3564 1
3609 1
3636 1
3647 1
3693 1
3708 1
3709 1
3815 1
3834 1
3838 1
3849 1
3855 1
3879 1
3926 1
3939 1
3942 1
3955 1
3963 1
4047 1
4050 1
4058 1
4066 1
4083 1
4120 1
4151 1
4240 1
4252 1
4262 1
4303 1
4317 1
4392 1
4406 1
4415 1
4463 1
4502 1
4555 1
4574 1
4655 1
4665 1
4679 1
4680 1
4688 1
4700 1
4702 1
4707 1
4708 1
4710 1
4725 1
4752 1
4779 1
4806 1
4909 1
4946 1
4985 1
5050 1
5078 1
5092 1
5097 1
5105 1
5116 1
5149 1
5172 1
5179 1
5184 1
5208 1
5222 1
5239 1
5243 1
5251 1
5255 1
5320 1
5339 1
5348 1
5354 1
5356 1
5370 1
5383 1
5417 1
5428 1
5456 1
5472 1
5477 1
5501 1
5553 1
5600 1
5656 1
5670 1
5722 1
5754 1
5762 1
5774 1
5845 1
5847 1
5868 1
5913 1
5934 1
5941 1
5984 1
5992 1
6026 1
6050 1
6055 1
6083 1
6097 1
6117 1
6120 1
6139 1
6145 1
6170 1
6182 1
6206 1
6217 1
6219 1
6236 1
6238 1
6340 1
6346 1
6353 1
6354 1
6375 1
6407 1
6494 1
6510 1
6522 1
6550 1
6574 1
6607 1
6608 1
6618 1
6646 1
6685 1
6704 1
6705 1
6755 1
6778 1
6824 1
6836 1
6850 1
6883 1
6884 1
6895 1
6928 1
6963 1
6965 1
6990 1
7010 1
7029 1
7037 1
7082 1
7114 1
7132 1
7152 1
7181 1
7238 1
7276 1
7314 1
7318 1
7331 1
7335 1
7377 1
7407 1
7477 1
7481 1
7492 1
7514 1
7517 1
7536 1
7576 1
7579 1
7587 1
7601 1
7631 1
7635 1
7642 1
7658 1
7680 1
7701 1
7722 1
7726 1
7730 1
7745 1
7772 1
7784 1
7787 1
7815 1
7829 1
7872 1
7929 1
7940 1
7955 1
7970 1
7980 1
7994 1
8046 1
8048 1
8053 1
8057 1
8072 1
8073 1
8124 1
8203 1
8261 1
8307 1
8315 1
8333 1
8349 1
8359 1
8401 1
8485 1
8494 1
8534 1
8541 1
8544 1
8556 1
8571 1
8630 1
8653 1
8693 1
8698 1
8720 1
8725 1
8796 1
8804 1
8839 1
8848 1
8858 1
8872 1
8888 1
8903 1
8960 1
9032 1
9141 1
9179 1
9199 1
9247 1
9322 1
9340 1
9368 1
9372 1
9390 1
9403 1
9416 1
9465 1
9476 1
9480 1
9575 1
9589 1
9602 1
9637 1
9657 1
9668 1
9694 1
9724 1
9739 1
9742 1
9784 1
9799 1
9806 1
9819 1
9824 1
9840 1
9927 1
10038 1
10064 1
10065 1
10077 1
10086 1
10109 1
10154 1
10173 1
10175 1
10235 1
10246 1
10248 1
10274 1
10284 1
10335 1
10338 1
10343 1
10354 1
10392 1
10395 1
10411 1
10418 1
10449 1
10503 1
10513 1
10548 1
10585 1
10588 1
10620 1
10638 1
10652 1
10721 1
10746 1
10753 1
10776 1
10800 1
10805 1
10831 1
10861 1
10862 1
10897 1
10905 1
10907 1
10961 1
10963 1
10967 1
11009 1
11098 1
11101 1
11138 1
11152 1
11167 1
11192 1
11201 1
11212 1
11222 1
11261 1
11273 1
11326 1
11336 1
11367 1
11386 1
11396 1
11426 1
11447 1
11459 1
11489 1
11491 1
11505 1
11507 1
11550 1
11576 1
11577 1
11586 1
11604 1
11617 1
11619 1
11640 1
11645 1
11674 1
11698 1
11729 1
11737 1
11756 1
11759 1
11776 1
11784 1
11795 1
11822 1
11878 1
11888 1
11927 1
11932 1
11944 1
11961 1
11976 1
12006 1
12007 1
12021 1
12026 1
12029 1
12086 1
12114 1
12120 1
12138 1
12141 1
12169 1
12215 1
12228 1
12314 1
12334 1
12369 1
12421 1
12430 1
12432 1
12452 1
12454 1
12456 1
12468 1
12527 1
12554 1
12560 1
12646 1
12678 1
12696 1
12714 1
12721 1
12763 1
12782 1
12786 1
12798 1
12831 1
12874 1
12886 1
12927 1
12951 1
12974 1
12992 1
13045 1
13093 1
13105 1
13171 1
13179 1
13268 1
13350 1
13375 1
13403 1
13426 1
13440 1
13465 1
13533 1
13547 1
13564 1
13566 1
13627 1
13632 1
13660 1
13663 1
13665 1
13668 1
13698 1
13737 1
13806 1
13811 1
13832 1
13860 1
13874 1
13879 1
13899 1
13960 1
14045 1
14049 1
14058 1
14087 1
14094 1
14127 1
14140 1
14143 1
14161 1
14242 1
14249 1
14269 1
14325 1
14355 1
14362 1
14426 1
14432 1
14436 1
14504 1
14508 1
14523 1
14525 1
14551 1
14600 1
14612 1
14617 1
14619 1
14688 1
14694 1
14724 1
14737 1
14782 1
14800 1
14810 1
14843 1
14851 1
14855 1
14865 1
14896 1
14920 1
14922 1
14941 1
15043 1
15061 1
15073 1
15084 1
15086 1
15108 1
15142 1
15143 1
15157 1
15170 1
15181 1
15200 1
15201 1
15202 1
15217 1
15222 1
15287 1
15344 1
15363 1
15411 1
15439 1
15452 1
15453 1
15487 1
15509 1
15598 1
15610 1
15619 1
15629 1
15634 1
15650 1
15694 1
15705 1
15718 1
15741 1
15748 1
15839 1
15869 1
15879 1
15895 1
15928 1
15974 1
16017 1
16033 1
16034 1
16045 1
16096 1
16105 1
16143 1
16158 1
16190 1
16322 1
16327 1
16344 1
16346 1
16355 1
16362 1
16400 1
16403 1
16428 1
16476 1
16516 1
16538 1
16618 1
16642 1
16657 1
16685 1
16703 1
16714 1
16724 1
16736 1
16749 1
16890 1
16910 1
16916 1
16938 1
16950 1
17007 1
17026 1
17036 1
17055 1
17062 1
17075 1
17083 1
17106 1
17141 1
17152 1
17160 1
17208 1
17232 1
17291 1
17307 1
17331 1
17350 1
17391 1
17522 1
17528 1
17557 1
17566 1
17586 1
17602 1
17610 1
17613 1
17667 1
17670 1
17671 1
17684 1
17697 1
17741 1
17756 1
17760 1
17775 1
17789 1
17801 1
17874 1
17922 1
17928 1
17973 1
18019 1
18082 1
18093 1
18103 1
18123 1
18179 1
18219 1
18224 1
18227 1
18258 1
18283 1
18316 1
18338 1
18361 1
18410 1
18419 1
18432 1
18437 1
18500 1
18508 1
18534 1
18557 1
18654 1
18676 1
18711 1
18716 1
18723 1
18750 1
18797 1
18814 1
18844 1
18851 1
18866 1
18885 1
18907 1
18909 1
18942 1
18945 1
18952 1
18957 1
18965 1
18987 1
18991 1
19024 1
19062 1
19091 1
19110 1
19117 1
19148 1
19169 1
19170 1
19220 1
19225 1
19267 1
19282 1
19285 1
19291 1
19308 1
19311 1
19314 1
19330 1
19352 1
19361 1
19413 1
19427 1
19468 1
19563 1
19573 1
19578 1
19589 1
19609 1
19661 1
19675 1
19680 1
19696 1
19739 1
19845 1
19847 1
19850 1
19867 1
19903 1
19911 1
19958 1
19960 1
20035 1
20092 1
20097 1
20141 1
20278 1
20333 1
20342 1
20398 1
20452 1
20482 1
20486 1
20494 1
20544 1
20576 1
20618 1
20634 1
20637 1
20638 1
20734 1
20747 1
20794 1
20799 1
20855 1
20891 1
20912 1
21000 1
21036 1
21044 1
21066 1
21085 1
21100 1
21121 1
21137 1
21170 1
21292 1
21294 1
21345 1
21390 1
21405 1
21476 1
21492 1
21504 1
21521 1
21529 1
21568 1
21575 1
21585 1
21588 1
21598 1
21644 1
21690 1
21698 1
21711 1
21712 1
21725 1
21734 1
21793 1
21819 1
21835 1
21868 1
21871 1
21872 1
21887 1
21888 1
21890 1
21897 1
21962 1
21976 1
21980 1
21993 1
22006 1
22011 1
22012 1
22027 1
22043 1
22050 1
22074 1
22105 1
22138 1
22139 1
22161 1
22180 1
22203 1
22219 1
22227 1
22235 1
22241 1
22250 1
22256 1
22258 1
22265 1
22277 1
22279 1
22290 1
22296 1
22325 1
22346 1
22347 1
22352 1
22354 1
22369 1
22383 1
22387 1
22392 1
22406 1
22431 1
22460 1
22474 1
22516 1
22534 1
22757 1
22801 1
22812 1
22845 1
22852 1
22854 1
22889 1
22971 1
23001 1
23010 1
23043 1
23064 1
23085 1
23131 1
23173 1
23184 1
23221 1
23230 1
23253 1
23268 1
23333 1
23338 1
23352 1
23363 1
23389 1
23393 1
23418 1
23422 1
23446 1
23451 1
23525 1
23550 1
23586 1
23597 1
23635 1
23640 1
23656 1
23667 1
23670 1
23690 1
23734 1
23753 1
23754 1
23779 1
23782 1
23830 1
23873 1
23891 1
23901 1
23928 1
23956 1
24159 1
24172 1
24173 1
24234 1
24304 1
24346 1
24356 1
24386 1
24389 1
24401 1
24412 1
24417 1
24433 1
24441 1
24453 1
24468 1
24496 1
24536 1
24555 1
24560 1
24600 1
24630 1
24675 1
24676 1
24714 1
24741 1
24767 1
24768 1
24832 1
24843 1
24850 1
24908 1
24921 1
24925 1
24951 1
24956 1
25028 1
25039 1
25063 1
25083 1
25120 1
25121 1
25204 1
25238 1
25257 1
25322 1
25391 1
25393 1
25402 1
25404 1
25417 1
25435 1
25446 1
25449 1
25456 1
25487 1
25495 1
25499 1
25502 1
25541 1
25550 1
25572 1
25574 1
25590 1
25628 1
25631 1
25639 1
25647 1
25654 1
25656 1
25672 1
25708 1
25731 1
25744 1
25772 1
25788 1
25842 1
25852 1
25865 1
25917 1
25928 1
25931 1
25963 1
25997 1
26012 1
26036 1
26043 1
26060 1
26069 1
26093 1
26163 1
26171 1
26191 1
26210 1
26284 1
26290 1
26319 1
26337 1
26413 1
26438 1
26452 1
26457 1
26544 1
26629 1
26659 1
26688 1
26707 1
26715 1
26745 1
26761 1
26770 1
26781 1
26793 1
26819 1
26822 1
26835 1
26873 1
26930 1
26959 1
27012 1
27037 1
27060 1
27094 1
27097 1
27111 1
27117 1
27150 1
27180 1
27200 1
27205 1
27226 1
27237 1
27244 1
27265 1
27274 1
27288 1
27302 1
27381 1
27386 1
27463 1
27558 1
27596 1
27668 1
27671 1
27676 1
27677 1
27820 1
27842 1
27867 1
27894 1
27903 1
27941 1
27954 1
27956 1
27966 1
27967 1
27985 1
27995 1
27999 1
28046 1
28049 1
28065 1
28071 1
28113 1
28148 1
28204 1
28229 1
28235 1
28244 1
28281 1
28284 1
28290 1
28313 1
28358 1
28360 1
28362 1
28398 1
28407 1
28514 1
28569 1
28597 1
28609 1
28620 1
28638 1
28644 1
28717 1
28785 1
28786 1
28796 1
28813 1
28853 1
28873 1
28943 1
28960 1
28982 1
29013 1
29046 1
29059 1
29108 1
29156 1
29190 1
29192 1
29207 1
29222 1
29234 1
29246 1
29323 1
29344 1
29351 1
29365 1
29390 1
29393 1
29406 1
29409 1
29414 1
29415 1
29420 1
29421 1
29429 1
29460 1
29565 1
29577 1
29593 1
29611 1
29614 1
29628 1
29643 1
29673 1
29723 1
29730 1
29745 1
29775 1
29799 1
29841 1
29842 1
29868 1
29882 1
29884 1
29905 1
29928 1
29932 1
29934 1
29962 1
29970 1
30034 1
30110 1
30141 1
30228 1
30239 1
30244 1
30249 1
30269 1
30296 1
30302 1
30317 1
30351 1
30352 1
30407 1
30421 1
30433 1
30450 1
30460 1
30487 1
30513 1
30548 1
30551 1
30559 1
30591 1
30602 1
30604 1
30638 1
30663 1
30695 1
30699 1
30715 1
30719 1
30796 1
30799 1
30803 1
30890 1
30923 1
30931 1
30932 1
31061 1
31075 1
31087 1
31089 1
31101 1
31106 1
31125 1
31129 1
31165 1
31169 1
31170 1
31176 1
31187 1
31190 1
31191 1
31267 1
31282 1
31316 1
31322 1
31329 1
31347 1
31356 1
31358 1
31370 1
31385 1
31418 1
31436 1
31451 1
31472 1
31485 1
31508 1
31527 1
31538 1
31596 1
31631 1
31667 1
31694 1
31699 1
31720 1
31722 1
31730 1
31761 1
31788 1
31874 1
31906 1
31917 1
31920 1
31992 1
32044 1
32048 1
32058 1
32069 1
32076 1
32187 1
32189 1
32209 1
32243 1
32283 1
32297 1
32302 1
32306 1
32391 1
32446 1
32505 1
32532 1
32547 1
32565 1
32594 1
32597 1
32624 1
32659 1
32662 1
32686 1
32690 1
32699 1
32821 1
32836 1
32837 1
32913 1
32914 1
32915 1
32933 1
32943 1
32971 1
32997 1
33014 1
33019 1
33080 1
33096 1
33118 1
33151 1
33192 1
33225 1
33241 1
33252 1
33268 1
33318 1
33322 1
33356 1
33373 1
33418 1
33430 1
33444 1
33459 1
33485 1
33492 1
33580 1
33619 1
33621 1
33635 1
33651 1
33698 1
33719 1
33737 1
33785 1
33915 1
33981 1
34047 1
34106 1
34125 1
34129 1
34130 1
34136 1
34145 1
34207 1
34379 1
34401 1
34409 1
34480 1
34500 1
34563 1
34565 1
34586 1
34588 1
34609 1
34610 1
34663 1
34666 1
34705 1
34711 1
34768 1
34769 1
34783 1
34793 1
34867 1
34871 1
34874 1
34884 1
34904 1
34912 1
34919 1
34963 1
34972 1
35045 1
35057 1
35069 1
35078 1
35133 1
35148 1
35151 1
35153 1
35159 1
35166 1
35204 1
35206 1
35225 1
35235 1
35236 1
35290 1
35291 1
35322 1
35415 1
35426 1
35434 1
35437 1
35449 1
35469 1
35566 1
35567 1
35574 1
35579 1
35594 1
35599 1
35602 1
35647 1
35648 1
35680 1
35714 1
35720 1
35731 1
35778 1
35792 1
35800 1
35815 1
35823 1
35846 1
35855 1
35885 1
35887 1
35910 1
35944 1
36022 1
36033 1
36057 1
36062 1
36113 1
36140 1
36241 1
36258 1
36273 1
36297 1
36355 1
36359 1
36360 1
36392 1
36440 1
36576 1
36586 1
36619 1
36643 1
36655 1
36685 1
36714 1
36726 1
36731 1
36732 1
36778 1
36779 1
36820 1
36822 1
36840 1
36847 1
36906 1
36948 1
36986 1
36990 1
37004 1
37045 1
37054 1
37078 1
37144 1
37152 1
37189 1
37199 1
37212 1
37292 1
37299 1
37304 1
37327 1
37351 1
37391 1
37459 1
37470 1
37533 1
37540 1
37567 1
37588 1
37590 1
37725 1
37768 1
37777 1
37783 1
37785 1
37786 1
37787 1
37838 1
37923 1
37927 1
37964 1
37995 1
38019 1
38054 1
38076 1
38175 1
38181 1
38192 1
38219 1
38286 1
38316 1
38339 1
38365 1
38393 1
38418 1
38461 1
38521 1
38523 1
38544 1
38574 1
38582 1
38595 1
38648 1
38651 1
38695 1
38706 1
38716 1
38717 1
38731 1
38743 1
38779 1
38791 1
38826 1
38887 1
38902 1
38936 1
38997 1
39024 1
39029 1
39071 1
39129 1
39141 1
39155 1
39230 1
39249 1
39348 1
39368 1
39379 1
39462 1
39488 1
39496 1
39502 1
39505 1
39525 1
39541 1
39542 1
39569 1
39589 1
39606 1
39641 1
39677 1
39695 1
39712 1
39724 1
39790 1
39810 1
39811 1
39817 1
39848 1
39923 1
39949 1
39971 1
39979 1
39980 1
40040 1
40070 1
40082 1
40099 1
40104 1
40132 1
40167 1
40191 1
40201 1
40209 1
40210 1
40234 1
40243 1
40326 1
40361 1
40362 1
40364 1
40370 1
40398 1
40401 1
40466 1
40482 1
40488 1
40491 1
40503 1
40505 1
40506 1
40517 1
40526 1
40529 1
40536 1
40554 1
40556 1
40595 1
40600 1
40696 1
40702 1
40703 1
40712 1
40723 1
40730 1
40732 1
40805 1
40811 1
40842 1
40898 1
40906 1
40952 1
41013 1
41054 1
41060 1
41072 1
41076 1
41084 1
41111 1
41171 1
41199 1
41277 1
41307 1
41308 1
41317 1
41323 1
41327 1
41362 1
41367 1
41368 1
41391 1
41412 1
41454 1
41491 1
41494 1
41542 1
41554 1
41586 1
41615 1
41643 1
41661 1
41681 1
41699 1
41724 1
41741 1
41765 1
41772 1
41786 1
41792 1
41857 1
41864 1
41871 1
41879 1
41892 1
41911 1
41960 1
41963 1
41981 1
41991 1
42033 1
42176 1
42221 1
42238 1
42277 1
42313 1
42370 1
42371 1
42409 1
42410 1
42465 1
42481 1
42500 1
42562 1
42563 1
42687 1
42739 1
42746 1
42761 1
42782 1
42790 1
42844 1
42893 1
42898 1
42923 1
42934 1
42941 1
42951 1
42968 1
43062 1
43104 1
43194 1
43206 1
43207 1
43233 1
43290 1
43291 1
43348 1
43390 1
43437 1
43452 1
43460 1
43475 1
43477 1
43520 1
43553 1
43557 1
43605 1
43606 1
43653 1
43698 1
43736 1
43786 1
43790 1
43883 1
43896 1
43903 1
43908 1
43949 1
43959 1
44007 1
44025 1
44158 1
44197 1
44207 1
44218 1
44224 1
44226 1
44284 1
44286 1
44300 1
44316 1
44326 1
44343 1
44359 1
44434 1
44458 1
44475 1
44497 1
44499 1
44518 1
44602 1
44613 1
44682 1
44690 1
44707 1
44723 1
44737 1
44741 1
44767 1
44778 1
44779 1
44808 1
44834 1
44836 1
44846 1
44862 1
44872 1
44873 1
44895 1
44909 1
44943 1
45011 1
45037 1
45085 1
45195 1
45223 1
45292 1
45304 1
45315 1
45345 1
45395 1
45396 1
45411 1
45460 1
45462 1
45471 1
45512 1
45550 1
45551 1
45553 1
45598 1
45653 1
45681 1
45685 1
45704 1
45756 1
45773 1
45864 1
45887 1
45903 1
45917 1
45925 1
45963 1
45983 1
46092 1
46102 1
46134 1
46165 1
46174 1
46249 1
46253 1
46260 1
46274 1
46305 1
46374 1
46387 1
46434 1
46435 1
46472 1
46498 1
46503 1
46505 1
46559 1
46562 1
46567 1
46573 1
46592 1
46601 1
46611 1
46646 1
46661 1
46678 1
46710 1
46717 1
46721 1
46737 1
46743 1
46773 1
46777 1
46801 1
46808 1
46824 1
46832 1
46851 1
46852 1
46860 1
46912 1
46914 1
46972 1
46985 1
46995 1
47009 1
47012 1
47022 1
47077 1
47160 1
47198 1
47207 1
47220 1
47256 1
47304 1
47321 1
47356 1
47435 1
47440 1
47513 1
47546 1
47559 1
47619 1
47623 1
47647 1
47666 1
47696 1
47700 1
47703 1
47724 1
47758 1
47790 1
47791 1
47810 1
47829 1
47847 1
47854 1
47882 1
47897 1
47908 1
47913 1
47920 1
47994 1
48011 1
48027 1
48039 1
48056 1
48105 1
48116 1
48117 1
48119 1
48135 1
48176 1
48222 1
48268 1
48284 1
48302 1
48341 1
48343 1
48347 1
48362 1
48396 1
48430 1
48439 1
48453 1
48468 1
48469 1
48488 1
48498 1
48502 1
48514 1
48517 1
48520 1
48554 1
48595 1
48634 1
48639 1
48673 1
48684 1
48694 1
48710 1
48719 1
48744 1
48751 1
48757 1
48772 1
48808 1
48877 1
48894 1
48944 1
48976 1
49027 1
49070 1
49081 1
49085 1
49093 1
49126 1
49147 1
49191 1
49194 1
49235 1
49240 1
49251 1
49274 1
49304 1
49344 1
49345 1
49348 1
49358 1
49365 1
49399 1
49421 1
49427 1
49440 1
49465 1
49473 1
49524 1
49528 1
49530 1
49573 1
49598 1
49659 1
49676 1
49764 1
49817 1
49861 1
49940 1
49949 1
49952 1
49986 1
19 2
53 2
67 2
80 2
85 2
88 2
168 2
176 2
226 2
250 2
306 2
323 2
327 2
345 2
356 2
376 2
379 2
385 2
393 2
405 2
470 2
484 2
485 2
526 2
588 2
678 2
710 2
748 2
753 2
765 2
795 2
800 2
819 2
864 2
916 2
925 2
941 2
953 2
961 2
972 2
988 2
1022 2
1045 2
1055 2
1069 2
1108 2
1113 2
1121 2
1124 2
1130 2
1174 2
1191 2
1199 2
1231 2
1261 2
1272 2
1310 2
1311 2
1338 2
1339 2
1351 2
1451 2
1658 2
1694 2
1738 2
1761 2
1788 2
1833 2
1850 2
1892 2
1926 2
1951 2
1961 2
1963 2
2056 2
2071 2
2098 2
2135 2
2143 2
2146 2
2183 2
2202 2
2213 2
2217 2
2325 2
2329 2
2365 2
2367 2
2369 2
2372 2
2382 2
2420 2
2444 2
2457 2
2473 2
2487 2
2520 2
2532 2
2552 2
2634 2
2642 2
2662 2
2663 2
2683 2
2725 2
2727 2
2733 2
2753 2
2758 2
2781 2
2861 2
2864 2
2868 2
2928 2
2929 2
2960 2
2962 2
3025 2
3071 2
3104 2
3109 2
3189 2
3207 2
3231 2
3237 2
3245 2
3262 2
3275 2
3281 2
3294 2
3298 2
3309 2
3312 2
3347 2
3369 2
3373 2
3386 2
3398 2
3406 2
3417 2
3421 2
3458 2
3501 2
3520 2
3607 2
3635 2
3678 2
3696 2
3711 2
3736 2
3746 2
3749 2
3774 2
3790 2
3817 2
3826 2
3851 2
3924 2
3943 2
3964 2
3999 2
4000 2
4013 2
4037 2
4038 2
4053 2
4070 2
4111 2
4154 2
4197 2
4232 2
4267 2
4269 2
4275 2
4296 2
4349 2
4370 2
4426 2
4432 2
4438 2
4445 2
4486 2
4492 2
4514 2
4527 2
4568 2
4570 2
4578 2
4589 2
4610 2
4620 2
4636 2
4645 2
4658 2
4673 2
4682 2
4689 2
4691 2
4701 2
4705 2
4712 2
4812 2
4845 2
4910 2
4911 2
4943 2
4986 2
5015 2
5040 2
5051 2
5060 2
5075 2
5146 2
5153 2
5201 2
5234 2
5254 2
5259 2
5280 2
5292 2
5307 2
5309 2
5338 2
5341 2
5352 2
5366 2
5376 2
5381 2
5384 2
5420 2
5448 2
5557 2
5620 2
5641 2
5684 2
5710 2
5717 2
5771 2
5808 2
5817 2
5823 2
5824 2
5860 2
5912 2
5939 2
5951 2
5962 2
6003 2
6039 2
6044 2
6045 2
6060 2
6064 2
6091 2
6092 2
6108 2
6153 2
6155 2
6162 2
6166 2
6180 2
6223 2
6271 2
6278 2
6284 2
6302 2
6322 2
6328 2
6334 2
6361 2
6380 2
6490 2
6571 2
6605 2
6630 2
6636 2
6668 2
6686 2
6695 2
6725 2
6746 2
6802 2
6821 2
6832 2
6842 2
6843 2
6848 2
6897 2
6907 2
6921 2
6934 2
6944 2
6950 2
7011 2
7017 2
7053 2
7075 2
7091 2
7096 2
7105 2
7118 2
7124 2
7125 2
7173 2
7211 2
7240 2
7248 2
7250 2
7262 2
7266 2
7271 2
7294 2
7325 2
7403 2
7412 2
7485 2
7547 2
7550 2
7572 2
7573 2
7574 2
7577 2
7629 2
7682 2
7737 2
7771 2
7781 2
7790 2
7814 2
7816 2
7820 2
7822 2
7823 2
7832 2
7837 2
7855 2
7873 2
7884 2
7938 2
7961 2
8005 2
8022 2
8032 2
8089 2
8102 2
8114 2
8149 2
8150 2
8191 2
8247 2
8327 2
8397 2
8418 2
8465 2
8497 2
8505 2
8508 2
8539 2
8573 2
8598 2
8609 2
8617 2
8622 2
8640 2
8688 2
8703 2
8708 2
8709 2
8723 2
8736 2
8738 2
8753 2
8821 2
8825 2
8836 2
8912 2
8944 2
8945 2
8973 2
8974 2
8987 2
8996 2
9000 2
9006 2
9026 2
9096 2
9098 2
9103 2
9105 2
9143 2
9144 2
9156 2
9192 2
9193 2
9200 2
9203 2
9212 2
9225 2
9229 2
9275 2
9292 2
9311 2
9316 2
9355 2
9432 2
9439 2
9449 2
9450 2
9482 2
9487 2
9491 2
9554 2
9569 2
9614 2
9754 2
9764 2
9773 2
9816 2
9832 2
9853 2
9864 2
9869 2
9887 2
9899 2
9950 2
9986 2
9991 2
10004 2
10031 2
10044 2
10071 2
10116 2
10127 2
10135 2
10262 2
10273 2
10276 2
10282 2
10291 2
10304 2
10306 2
10367 2
10371 2
10393 2
10432 2
10438 2
10445 2
10460 2
10486 2
10523 2
10580 2
10602 2
10651 2
10699 2
10716 2
10751 2
10754 2
10777 2
10874 2
10876 2
10878 2
10910 2
10930 2
10938 2
10958 2
10979 2
11087 2
11105 2
11134 2
11175 2
11193 2
11210 2
11213 2
11237 2
11243 2
11252 2
11253 2
11296 2
11357 2
11436 2
11439 2
11445 2
11508 2
11515 2
11516 2
11528 2
11533 2
11539 2
11608 2
11635 2
11697 2
11707 2
11718 2
11740 2
11764 2
11769 2
11805 2
11818 2
11852 2
11862 2
11901 2
11955 2
11985 2
12001 2
12002 2
12018 2
12033 2
12040 2
12073 2
12077 2
12103 2
12132 2
12136 2
12174 2
12191 2
12200 2
12235 2
12255 2
12256 2
12260 2
12269 2
12313 2
12331 2
12339 2
12370 2
12374 2
12397 2
12402 2
12422 2
12434 2
12460 2
12463 2
12501 2
12538 2
12580 2
12587 2
12625 2
12633 2
12739 2
12777 2
12787 2
12851 2
12859 2
12869 2
12984 2
13022 2
13054 2
13076 2
13077 2
13103 2
13135 2
13170 2
13222 2
13224 2
13237 2
13242 2
13378 2
13405 2
13417 2
13418 2
13450 2
13462 2
13481 2
13496 2
13550 2
13578 2
13579 2
13581 2
13583 2
13611 2
13629 2
13648 2
13659 2
13673 2
13674 2
13686 2
13704 2
13723 2
13794 2
13839 2
13859 2
13880 2
13888 2
13906 2
13933 2
13974 2
13984 2
13987 2
14005 2
14061 2
14076 2
14126 2
14138 2
14147 2
14150 2
14155 2
14163 2
14205 2
14217 2
14241 2
14316 2
14333 2
14346 2
14374 2
14457 2
14488 2
14491 2
14498 2
14582 2
14584 2
14609 2
14613 2
14653 2
14665 2
14672 2
14674 2
14706 2
14707 2
14745 2
14770 2
14779 2
14788 2
14801 2
14819 2
14873 2
14905 2
14987 2
15005 2
15023 2
15063 2
15072 2
15110 2
15121 2
15123 2
15126 2
15131 2
15146 2
15163 2
15164 2
15193 2
15198 2
15232 2
15258 2
15271 2
15295 2
15312 2
15345 2
15355 2
15373 2
15387 2
15412 2
15418 2
15419 2
15441 2
15465 2
15501 2
15514 2
15520 2
15545 2
15555 2
15675 2
15685 2
15689 2
15756 2
15770 2
15810 2
15852 2
15871 2
15916 2
15918 2
15932 2
15938 2
15941 2
15973 2
15989 2
16006 2
16009 2
16013 2
16027 2
16059 2
16069 2
16094 2
16130 2
16263 2
16264 2
16282 2
16288 2
16293 2
16294 2
16313 2
16353 2
16354 2
16375 2
16394 2
16434 2
16437 2
16488 2
16499 2
16506 2
16509 2
16510 2
16511 2
16550 2
16566 2
16589 2
16624 2
16629 2
16677 2
16747 2
16836 2
16866 2
16886 2
16892 2
16898 2
16945 2
16958 2
16969 2
16973 2
16995 2
17023 2
17039 2
17098 2
17107 2
17127 2
17147 2
17156 2
17161 2
17163 2
17171 2
17186 2
17225 2
17229 2
17235 2
17255 2
17288 2
17293 2
17333 2
17338 2
17345 2
17372 2
17383 2
17413 2
17448 2
17456 2
17459 2
17498 2
17525 2
17531 2
17560 2
17603 2
17672 2
17681 2
17701 2
17719 2
17729 2
17794 2
17803 2
17863 2
17949 2
17953 2
17961 2
17982 2
18020 2
18024 2
18027 2
18032 2
18034 2
18036 2
18048 2
18075 2
18077 2
18105 2
18111 2
18150 2
18211 2
18215 2
18225 2
18248 2
18292 2
18294 2
18305 2
18308 2
18335 2
18346 2
18360 2
18383 2
18424 2
18426 2
18482 2
18539 2
18560 2
18592 2
18596 2
18606 2
18613 2
18630 2
18669 2
18682 2
18702 2
18737 2
18759 2
18764 2
18774 2
18832 2
18850 2
18862 2
18877 2
18908 2
18928 2
18940 2
18968 2
18981 2
19014 2
19023 2
19079 2
19111 2
19138 2
19184 2
19195 2
19230 2
19270 2
19320 2
19331 2
19334 2
19378 2
19399 2
19532 2
19692 2
19716 2
19726 2
19758 2
19791 2
19796 2
19802 2
19817 2
19837 2
19862 2
19863 2
19875 2
19880 2
19882 2
19893 2
19901 2
19907 2
19952 2
19967 2
19976 2
19990 2
20047 2
20088 2
20090 2
20101 2
20124 2
20159 2
20186 2
20199 2
20215 2
20247 2
20272 2
20386 2
20430 2
20434 2
20476 2
20484 2
20495 2
20525 2
20550 2
20581 2
20607 2
20668 2
20671 2
20681 2
20703 2
20741 2
20765 2
20783 2
20785 2
20804 2
20863 2
20878 2
20882 2
20927 2
20947 2
20949 2
20971 2
20972 2
20985 2
21074 2
21140 2
21198 2
21205 2
21227 2
21232 2
21284 2
21289 2
21330 2
21380 2
21389 2
21391 2
21475 2
21483 2
21532 2
21551 2
21560 2
21651 2
21693 2
21699 2
21742 2
21779 2
21822 2
21823 2
21828 2
21843 2
21850 2
21876 2
21903 2
21905 2
21923 2
21935 2
21958 2
21959 2
21987 2
21992 2
22001 2
22022 2
22025 2
22030 2
22049 2
22054 2
22101 2
22121 2
22198 2
22208 2
22233 2
22264 2
22297 2
22301 2
22327 2
22334 2
22337 2
22342 2
22364 2
22374 2
22382 2
22385 2
22402 2
22412 2
22455 2
22472 2
22509 2
22510 2
22519 2
22556 2
22575 2
22631 2
22704 2
22736 2
22744 2
22780 2
22828 2
22830 2
22859 2
22883 2
22884 2
22891 2
22909 2
22921 2
22925 2
22928 2
22968 2
22982 2
23007 2
23046 2
23081 2
23166 2
23188 2
23195 2
23198 2
23214 2
23236 2
23270 2
23322 2
23359 2
23362 2
23441 2
23509 2
23520 2
23540 2
23554 2
23558 2
23605 2
23618 2
23625 2
23653 2
23686 2
23730 2
23745 2
23751 2
23774 2
23790 2
23813 2
23838 2
23856 2
23861 2
23884 2
23918 2
23919 2
23923 2
23925 2
23929 2
23930 2
23935 2
23981 2
24013 2
24026 2
24074 2
24081 2
24113 2
24120 2
24196 2
24218 2
24250 2
24251 2
24272 2
24299 2
24300 2
24325 2
24333 2
24334 2
24340 2
24382 2
24422 2
24461 2
24471 2
24482 2
24498 2
24535 2
24549 2
24601 2
24659 2
24669 2
24672 2
24733 2
24751 2
24761 2
24774 2
24782 2
24812 2
24821 2
24824 2
24853 2
24881 2
24938 2
24950 2
25000 2
25045 2
25078 2
25089 2
25106 2
25185 2
25250 2
25295 2
25311 2
25341 2
25342 2
25372 2
25386 2
25409 2
25418 2
25431 2
25450 2
25460 2
25477 2
25481 2
25500 2
25526 2
25527 2
25564 2
25660 2
25664 2
25670 2
25694 2
25707 2
25749 2
25763 2
25793 2
25836 2
25846 2
25872 2
25892 2
25896 2
25904 2
25911 2
25984 2
25987 2
25989 2
26010 2
26034 2
26065 2
26068 2
26091 2
26099 2
26108 2
26144 2
26193 2
26233 2
26264 2
26273 2
26321 2
26333 2
26365 2
26370 2
26382 2
26428 2
26474 2
26497 2
26506 2
26546 2
26558 2
26560 2
26655 2
26694 2
26697 2
26725 2
26749 2
26750 2
26794 2
26848 2
26864 2
26877 2
26878 2
26888 2
26953 2
26965 2
27062 2
27079 2
27105 2
27143 2
27177 2
27207 2
27219 2
27231 2
27243 2
27292 2
27310 2
27327 2
27340 2
27353 2
27354 2
27358 2
27360 2
27402 2
27411 2
27447 2
27483 2
27487 2
27498 2
27500 2
27505 2
27511 2
27515 2
27533 2
27542 2
27552 2
27554 2
27574 2
27600 2
27653 2
27729 2
27738 2
27741 2
27757 2
27775 2
27832 2
27854 2
27882 2
28005 2
28069 2
28097 2
28138 2
28210 2
28225 2
28304 2
28336 2
28408 2
28462 2
28505 2
28642 2
28647 2
28699 2
28716 2
28772 2
28775 2
28788 2
28894 2
28914 2
28918 2
28941 2
28947 2
28969 2
28970 2
29039 2
29062 2
29063 2
29175 2
29195 2
29201 2
29268 2
29308 2
29309 2
29330 2
29334 2
29336 2
29341 2
29345 2
29356 2
29367 2
29381 2
29400 2
29401 2
29433 2
29456 2
29468 2
29471 2
29496 2
29497 2
29505 2
29530 2
29542 2
29569 2
29587 2
29619 2
29633 2
29674 2
29675 2
29676 2
29697 2
29699 2
29702 2
29776 2
29804 2
29839 2
29890 2
29916 2
29983 2
30023 2
30062 2
30068 2
30074 2
30109 2
30118 2
30225 2
30243 2
30338 2
30359 2
30397 2
30408 2
30424 2
30426 2
30439 2
30465 2
30469 2
30575 2
30578 2
30628 2
30647 2
30793 2
30834 2
30869 2
30870 2
30905 2
30916 2
30941 2
30950 2
30991 2
31036 2
31037 2
31038 2
31039 2
31040 2
31068 2
31079 2
31141 2
31197 2
31207 2
31208 2
31213 2
31260 2
31280 2
31340 2
31350 2
31368 2
31376 2
31426 2
31446 2
31492 2
31517 2
31522 2
31528 2
31533 2
31566 2
31573 2
31576 2
31610 2
31630 2
31636 2
31740 2
31757 2
31786 2
31791 2
31813 2
31819 2
31871 2
31883 2
31896 2
31928 2
31929 2
31936 2
31965 2
32029 2
32100 2
32102 2
32109 2
32129 2
32196 2
32218 2
32241 2
32301 2
32311 2
32457 2
32480 2
32502 2
32550 2
32604 2
32622 2
32661 2
32716 2
32800 2
32805 2
32808 2
32815 2
32826 2
32847 2
32858 2
32874 2
32920 2
32941 2
32942 2
32962 2
33011 2
33020 2
33025 2
33091 2
33095 2
33136 2
33171 2
33320 2
33344 2
33352 2
33364 2
33377 2
33398 2
33409 2
33429 2
33432 2
33455 2
33470 2
33476 2
33511 2
33547 2
33564 2
33588 2
33602 2
33644 2
33656 2
33710 2
33725 2
33769 2
33805 2
33808 2
33812 2
33822 2
33860 2
33861 2
33869 2
33879 2
34040 2
34053 2
34085 2
34120 2
34138 2
34153 2
34155 2
34165 2
34265 2
34269 2
34294 2
34334 2
34350 2
34372 2
34437 2
34454 2
34461 2
34519 2
34529 2
34543 2
34567 2
34581 2
34604 2
34682 2
34683 2
34741 2
34746 2
34755 2
34780 2
34790 2
34822 2
34824 2
34878 2
35036 2
35041 2
35059 2
35074 2
35084 2
35102 2
35106 2
35130 2
35132 2
35143 2
35158 2
35181 2
35190 2
35244 2
35338 2
35368 2
35427 2
35465 2
35468 2
35488 2
35526 2
35531 2
35598 2
35637 2
35651 2
35652 2
35661 2
35690 2
35697 2
35698 2
35748 2
35839 2
35879 2
35913 2
35918 2
35947 2
35996 2
36012 2
36041 2
36056 2
36066 2
36068 2
36085 2
36119 2
36168 2
36197 2
36199 2
36207 2
36270 2
36319 2
36320 2
36326 2
36327 2
36369 2
36376 2
36403 2
36444 2
36458 2
36465 2
36467 2
36535 2
36569 2
36617 2
36633 2
36692 2
36715 2
36724 2
36727 2
36746 2
36825 2
36827 2
36831 2
36834 2
36871 2
36890 2
36899 2
36917 2
36919 2
36941 2
36953 2
36965 2
37006 2
37014 2
37022 2
37043 2
37064 2
37069 2
37092 2
37113 2
37133 2
37164 2
37196 2
37198 2
37202 2
37217 2
37252 2
37255 2
37260 2
37264 2
37284 2
37310 2
37336 2
37354 2
37357 2
37410 2
37430 2
37439 2
37455 2
37464 2
37601 2
37640 2
37641 2
37674 2
37676 2
37687 2
37750 2
37755 2
37775 2
37880 2
37890 2
37898 2
37938 2
37969 2
37984 2
38017 2
38031 2
38058 2
38068 2
38080 2
38113 2
38160 2
38216 2
38224 2
38231 2
38233 2
38343 2
38363 2
38370 2
38412 2
38423 2
38434 2
38451 2
38517 2
38540 2
38542 2
38560 2
38562 2
38583 2
38587 2
38649 2
38674 2
38684 2
38685 2
38691 2
38692 2
38756 2
38782 2
38790 2
38802 2
38807 2
38820 2
38829 2
38840 2
38852 2
38868 2
38947 2
38951 2
38983 2
39010 2
39040 2
39074 2
39075 2
39095 2
39103 2
39113 2
39142 2
39161 2
39208 2
39214 2
39223 2
39239 2
39266 2
39330 2
39390 2
39432 2
39475 2
39478 2
39519 2
39529 2
39538 2
39553 2
39554 2
39597 2
39608 2
39638 2
39687 2
39691 2
39701 2
39703 2
39785 2
39786 2
39787 2
39873 2
39884 2
39977 2
39989 2
40084 2
40128 2
40152 2
40192 2
40297 2
40377 2
40409 2
40429 2
40458 2
40467 2
40468 2
40540 2
40557 2
40625 2
40634 2
40642 2
40676 2
40737 2
40740 2
40755 2
40790 2
40795 2
40807 2
40881 2
40894 2
40931 2
40944 2
40946 2
41026 2
41031 2
41102 2
41118 2
41141 2
41149 2
41162 2
41215 2
41223 2
41231 2
41233 2
41239 2
41268 2
41294 2
41318 2
41332 2
41351 2
41370 2
41399 2
41427 2
41466 2
41487 2
41496 2
41499 2
41509 2
41532 2
41536 2
41538 2
41567 2
41595 2
41658 2
41665 2
41666 2
41670 2
41779 2
41781 2
41783 2
41787 2
41796 2
41799 2
41852 2
41855 2
41974 2
41978 2
41992 2
41998 2
42004 2
42009 2
42025 2
42029 2
42043 2
42075 2
42090 2
42113 2
42145 2
42171 2
42209 2
42292 2
42333 2
42344 2
42389 2
42412 2
42419 2
42421 2
42437 2
42473 2
42479 2
42492 2
42516 2
42652 2
42666 2
42669 2
42715 2
42741 2
42742 2
42752 2
42789 2
42805 2
42806 2
42821 2
42831 2
42852 2
42860 2
42905 2
42945 2
43027 2
43050 2
43157 2
43159 2
43174 2
43183 2
43185 2
43191 2
43211 2
43243 2
43245 2
43310 2
43313 2
43368 2
43371 2
43378 2
43384 2
43393 2
43478 2
43538 2
43568 2
43589 2
43601 2
43608 2
43612 2
43684 2
43717 2
43749 2
43794 2
43797 2
43845 2
43871 2
43880 2
43913 2
43914 2
43956 2
43960 2
43993 2
44023 2
44056 2
44100 2
44131 2
44144 2
44179 2
44199 2
44213 2
44243 2
44247 2
44290 2
44319 2
44337 2
44339 2
44411 2
44423 2
44445 2
44456 2
44462 2
44467 2
44489 2
44522 2
44549 2
44653 2
44677 2
44726 2
44801 2
44805 2
44830 2
44969 2
45004 2
45015 2
45044 2
45046 2
45093 2
45140 2
45141 2
45158 2
45180 2
45221 2
45230 2
45237 2
45248 2
45255 2
45265 2
45273 2
45291 2
45327 2
45336 2
45375 2
45413 2
45414 2
45495 2
45516 2
45522 2
45530 2
45536 2
45543 2
45544 2
45561 2
45571 2
45581 2
45587 2
45588 2
45627 2
45651 2
45663 2
45700 2
45746 2
45748 2
45761 2
45777 2
45817 2
45841 2
45892 2
45899 2
45941 2
45949 2
45952 2
46077 2
46097 2
46139 2
46146 2
46169 2
46175 2
46279 2
46295 2
46452 2
46480 2
46485 2
46564 2
46588 2
46597 2
46619 2
46627 2
46662 2
46704 2
46708 2
46730 2
46735 2
46778 2
46782 2
46788 2
46856 2
46859 2
46863 2
46882 2
46887 2
46890 2
46917 2
46938 2
46949 2
46988 2
47002 2
47008 2
47011 2
47017 2
47052 2
47053 2
47065 2
47102 2
47129 2
47147 2
47155 2
47196 2
47237 2
47290 2
47300 2
47398 2
47427 2
47541 2
47599 2
47625 2
47660 2
47665 2
47668 2
47692 2
47717 2
47776 2
47806 2
47838 2
47844 2
47860 2
47871 2
47916 2
47946 2
48009 2
48168 2
48177 2
48197 2
48208 2
48215 2
48272 2
48282 2
48355 2
48369 2
48384 2
48434 2
48495 2
48504 2
48572 2
48612 2
48631 2
48671 2
48706 2
48721 2
48756 2
48761 2
48825 2
48887 2
48907 2
48927 2
48939 2
48948 2
48961 2
48973 2
49015 2
49083 2
49100 2
49123 2
49155 2
49168 2
49170 2
49188 2
49189 2
49212 2
49246 2
49264 2
49286 2
49294 2
49366 2
49372 2
49382 2
49425 2
49442 2
49451 2
49458 2
49461 2
49485 2
49508 2
49513 2
49514 2
49526 2
49544 2
49548 2
49572 2
49636 2
49655 2
49670 2
49671 2
49685 2
49727 2
49729 2
49776 2
49806 2
49808 2
49863 2
49866 2
49878 2
49916 2
49958 2
49966 2
49972 2
49981 2
0 3
1 3
20 3
34 3
76 3
185 3
215 3
219 3
230 3
236 3
267 3
279 3
357 3
361 3
373 3
461 3
476 3
492 3
521 3
551 3
575 3
644 3
672 3
716 3
737 3
741 3
750 3
768 3
785 3
788 3
792 3
944 3
980 3
983 3
1008 3
1060 3
1073 3
1128 3
1155 3
1278 3
1302 3
1323 3
1341 3
1349 3
1390 3
1402 3
1415 3
1443 3
1455 3
1476 3
1495 3
1521 3
1589 3
1596 3
1607 3
1645 3
1695 3
1759 3
1769 3
1782 3
1791 3
1894 3
1911 3
1968 3
1986 3
1989 3
2009 3
2037 3
2072 3
2086 3
2087 3
2124 3
2133 3
2141 3
2162 3
2176 3
2210 3
2253 3
2261 3
2286 3
2302 3
2354 3
2379 3
2428 3
2471 3
2510 3
2515 3
2531 3
2548 3
2581 3
2587 3
2594 3
2608 3
2617 3
2621 3
2632 3
2640 3
2660 3
2676 3
2704 3
2717 3
2721 3
2774 3
2777 3
2784 3
2807 3
2820 3
2821 3
2886 3
2894 3
2918 3
2972 3
2974 3
2976 3
2982 3
3029 3
3045 3
3061 3
3065 3
3146 3
3150 3
3228 3
3236 3
3318 3
3333 3
3411 3
3424 3
3426 3
3431 3
3468 3
3519 3
3525 3
3598 3
3614 3
3627 3
3667 3
3681 3
3734 3
3784 3
3785 3
3832 3
3857 3
3876 3
3877 3
3908 3
3950 3
3957 3
3981 3
4045 3
4089 3
4093 3
4097 3
4113 3
4114 3
4140 3
4143 3
4173 3
4176 3
4207 3
4239 3
4277 3
4318 3
4465 3
4479 3
4491 3
4552 3
4580 3
4616 3
4622 3
4625 3
4648 3
4692 3
4694 3
4718 3
4729 3
4737 3
4821 3
4835 3
4866 3
4881 3
4904 3
4912 3
4920 3
4936 3
5000 3
5003 3
5022 3
5100 3
5133 3
5137 3
5181 3
5198 3
5205 3
5226 3
5245 3
5263 3
5268 3
5311 3
5317 3
5346 3
5398 3
5421 3
5458 3
5496 3
5504 3
5509 3
5516 3
5529 3
5546 3
5556 3
5568 3
5572 3
5578 3
5588 3
5640 3
5649 3
5653 3
5658 3
5668 3
5671 3
5701 3
5724 3
5784 3
5786 3
5801 3
5849 3
5900 3
5907 3
5910 3
5950 3
5987 3
6018 3
6028 3
6059 3
6075 3
6094 3
6106 3
6114 3
6169 3
6203 3
6228 3
6269 3
6378 3
6383 3
6405 3
6452 3
6456 3
6464 3
6479 3
6485 3
6489 3
6496 3
6524 3
6547 3
6579 3
6583 3
6691 3
6736 3
6757 3
6789 3
6808 3
6838 3
6898 3
6915 3
6961 3
6995 3
7022 3
7088 3
7221 3
7229 3
7260 3
7265 3
7328 3
7344 3
7372 3
7380 3
7384 3
7423 3
7450 3
7474 3
7502 3
7529 3
7563 3
7596 3
7614 3
7626 3
7656 3
7709 3
7750 3
7774 3
7786 3
7806 3
7818 3
7834 3
7842 3
7852 3
7857 3
7858 3
7879 3
7904 3
7919 3
7921 3
7976 3
7978 3
8010 3
8033 3
8035 3
8065 3
8076 3
8128 3
8176 3
8179 3
8213 3
8222 3
8236 3
8258 3
8263 3
8276 3
8305 3
8313 3
8417 3
8431 3
8458 3
8471 3
8575 3
8627 3
8637 3
8650 3
8674 3
8701 3
8729 3
8789 3
8808 3
8817 3
8824 3
8841 3
8846 3
8870 3
8873 3
8887 3
8914 3
8942 3
8954 3
8959 3
8977 3
9004 3
9015 3
9023 3
9037 3
9063 3
9094 3
9114 3
9135 3
9176 3
9181 3
9220 3
9249 3
9270 3
9300 3
9303 3
9334 3
9339 3
9344 3
9350 3
9352 3
9356 3
9357 3
9377 3
9384 3
9411 3
9435 3
9556 3
9561 3
9570 3
9582 3
9584 3
9615 3
9618 3
9667 3
9688 3
9690 3
9702 3
9748 3
9749 3
9770 3
9778 3
9800 3
9811 3
9815 3
9822 3
9854 3
9856 3
9882 3
9892 3
9951 3
9976 3
9990 3
10021 3
10048 3
10063 3
10085 3
10232 3
10255 3
10308 3
10310 3
10327 3
10328 3
10369 3
10380 3
10405 3
10436 3
10443 3
10452 3
10478 3
10517 3
10538 3
10560 3
10606 3
10622 3
10653 3
10701 3
10732 3
10738 3
10788 3
10793 3
10808 3
10812 3
10871 3
10900 3
10978 3
10990 3
11050 3
11051 3
11074 3
11077 3
11093 3
11106 3
11119 3
11149 3
11231 3
11263 3
11324 3
11414 3
11463 3
11468 3
11470 3
11477 3
11538 3
11548 3
11595 3
11613 3
11622 3
11638 3
11660 3
11677 3
11683 3
11700 3
11717 3
11724 3
11728 3
11735 3
11741 3
11778 3
11794 3
11809 3
11833 3
11842 3
11850 3
11853 3
11891 3
11898 3
11905 3
12057 3
12064 3
12133 3
12147 3
12168 3
12170 3
12172 3
12207 3
12284 3
12298 3
12306 3
12324 3
12340 3
12352 3
12364 3
12366 3
12390 3
12406 3
12420 3
12465 3
12489 3
12490 3
12506 3
12514 3
12555 3
12590 3
12613 3
12649 3
12722 3
12736 3
12796 3
12892 3
12914 3
12954 3
12962 3
12967 3
13052 3
13113 3
13149 3
13190 3
13200 3
13203 3
13243 3
13246 3
13253 3
13295 3
13296 3
13331 3
13348 3
13373 3
13379 3
13380 3
13384 3
13386 3
13398 3
13413 3
13432 3
13438 3
13461 3
13473 3
13485 3
13530 3
13556 3
13572 3
13601 3
13631 3
13656 3
13661 3
13679 3
13690 3
13691 3
13694 3
13700 3
13747 3
13750 3
13774 3
13783 3
13787 3
13810 3
13813 3
13845 3
13856 3
13913 3
13922 3
13925 3
13931 3
13946 3
13967 3
13975 3
13988 3
13991 3
14072 3
14095 3
14110 3
14113 3
14133 3
14175 3
14288 3
14315 3
14357 3
14376 3
14386 3
14396 3
14450 3
14487 3
14507 3
14512 3
14550 3
14593 3
14621 3
14695 3
14704 3
14716 3
14732 3
14752 3
14758 3
14796 3
14838 3
14878 3
14886 3
14916 3
14965 3
14989 3
15001 3
15051 3
15083 3
15096 3
15101 3
15130 3
15135 3
15168 3
15188 3
15227 3
15246 3
15277 3
15343 3
15384 3
15406 3
15436 3
15454 3
15464 3
15476 3
15488 3
15524 3
15547 3
15560 3
15565 3
15617 3
15671 3
15691 3
15804 3
15842 3
15856 3
15922 3
15949 3
15957 3
15967 3
15969 3
16023 3
16041 3
16042 3
16060 3
16061 3
16083 3
16119 3
16127 3
16156 3
16214 3
16231 3
16238 3
16258 3
16261 3
16335 3
16338 3
16391 3
16417 3
16433 3
16436 3
16440 3
16466 3
16505 3
16528 3
16535 3
16557 3
16562 3
16579 3
16598 3
16613 3
16621 3
16631 3
16640 3
16669 3
16687 3
16726 3
16754 3
16771 3
16777 3
16804 3
16846 3
16931 3
16955 3
16956 3
17067 3
17084 3
17100 3
17129 3
17158 3
17218 3
17246 3
17251 3
17259 3
17265 3
17296 3
17298 3
17393 3
17504 3
17536 3
17547 3
17565 3
17626 3
17632 3
17648 3
17659 3
17683 3
17700 3
17748 3
17749 3
17804 3
17805 3
17855 3
17856 3
17876 3
17919 3
17936 3
17977 3
18025 3
18073 3
18094 3
18110 3
18114 3
18130 3
18146 3
18156 3
18162 3
18173 3
18177 3
18216 3
18311 3
18312 3
18409 3
18465 3
18473 3
18525 3
18538 3
18543 3
18551 3
18553 3
18600 3
18602 3
18604 3
18616 3
18633 3
18717 3
18734 3
18745 3
18755 3
18769 3
18828 3
18833 3
18873 3
18892 3
18911 3
18921 3
18930 3
18941 3
18954 3
18961 3
18977 3
18985 3
18992 3
19010 3
19018 3
19034 3
19044 3
19045 3
19050 3
19057 3
19102 3
19155 3
19178 3
19222 3
19223 3
19242 3
19251 3
19255 3
19268 3
19313 3
19315 3
19358 3
19390 3
19393 3
19396 3
19417 3
19434 3
19435 3
19447 3
19448 3
19467 3
19473 3
19500 3
19515 3
19526 3
19552 3
19555 3
19557 3
19646 3
19652 3
19670 3
19678 3
19688 3
19691 3
19711 3
19765 3
19808 3
19816 3
19821 3
19864 3
19868 3
19905 3
19942 3
19991 3
19995 3
20010 3
20023 3
20085 3
20121 3
20150 3
20160 3
20174 3
20177 3
20185 3
20187 3
20253 3
20279 3
20323 3
20359 3
20375 3
20382 3
20390 3
20409 3
20421 3
20440 3
20454 3
20455 3
20469 3
20478 3
20487 3
20498 3
20501 3
20534 3
20565 3
20587 3
20591 3
20654 3
20694 3
20710 3
20711 3
20748 3
20805 3
20826 3
20860 3
20861 3
20881 3
20893 3
20903 3
20907 3
20946 3
20957 3
21004 3
21016 3
21106 3
21112 3
21139 3
21206 3
21224 3
21245 3
21305 3
21320 3
21331 3
21338 3
21364 3
21365 3
21384 3
21392 3
21393 3
21402 3
21420 3
21440 3
21505 3
21509 3
21510 3
21557 3
21574 3
21581 3
21605 3
21658 3
21670 3
21694 3
21722 3
21800 3
21837 3
21857 3
21908 3
21928 3
21970 3
21973 3
22010 3
22019 3
22047 3
22081 3
22148 3
22159 3
22163 3
22199 3
22202 3
22267 3
22268 3
22282 3
22313 3
22318 3
22328 3
22462 3
22466 3
22530 3
22547 3
22566 3
22572 3
22577 3
22584 3
22642 3
22668 3
22762 3
22782 3
22787 3
22818 3
22856 3
22916 3
22920 3
22945 3
22951 3
22953 3
23069 3
23086 3
23097 3
23135 3
23162 3
23180 3
23189 3
23212 3
23213 3
23246 3
23260 3
23287 3
23309 3
23343 3
23355 3
23372 3
23374 3
23383 3
23396 3
23432 3
23453 3
23468 3
23528 3
23574 3
23592 3
23685 3
23688 3
23699 3
23724 3
23757 3
23799 3
23819 3
23829 3
23846 3
23887 3
23889 3
23893 3
23921 3
23941 3
23953 3
23989 3
24009 3
24030 3
24069 3
24080 3
24099 3
24175 3
24176 3
24236 3
24264 3
24278 3
24301 3
24317 3
24533 3
24567 3
24575 3
24576 3
24599 3
24655 3
24684 3
24698 3
24718 3
24737 3
24862 3
24882 3
24929 3
24987 3
25059 3
25098 3
25111 3
25113 3
25164 3
25175 3
25190 3
25191 3
25207 3
25210 3
25256 3
25277 3
25279 3
25321 3
25351 3
25365 3
25441 3
25443 3
25462 3
25469 3
25472 3
25492 3
25529 3
25546 3
25561 3
25567 3
25580 3
25648 3
25665 3
25695 3
25746 3
25762 3
25823 3
25875 3
25893 3
25895 3
25901 3
25983 3
26048 3
26050 3
26056 3
26113 3
26128 3
26140 3
26159 3
26170 3
26175 3
26182 3
26197 3
26198 3
26199 3
26207 3
26208 3
26243 3
26261 3
26311 3
26324 3
26415 3
26432 3
26446 3
26454 3
26472 3
26473 3
26490 3
26494 3
26503 3
26533 3
26555 3
26563 3
26581 3
26614 3
26624 3
26640 3
26646 3
26651 3
26713 3
26729 3
26732 3
26744 3
26775 3
26786 3
26816 3
26828 3
26844 3
26869 3
26884 3
26914 3
26934 3
26941 3
26958 3
26963 3
26969 3
26975 3
26983 3
26986 3
27005 3
27059 3
27066 3
27104 3
27112 3
27116 3
27132 3
27160 3
27182 3
27217 3
27240 3
27271 3
27281 3
27314 3
27344 3
27356 3
27373 3
27392 3
27413 3
27456 3
27517 3
27538 3
27540 3
27549 3
27563 3
27575 3
27580 3
27599 3
27627 3
27640 3
27664 3
27692 3
27740 3
27804 3
27831 3
27835 3
27868 3
27881 3
27936 3
27944 3
27970 3
27987 3
27990 3
28114 3
28116 3
28159 3
28211 3
28234 3
28241 3
28246 3
28298 3
28306 3
28355 3
28406 3
28423 3
28436 3
28456 3
28459 3
28464 3
28500 3
28523 3
28525 3
28550 3
28553 3
28666 3
28669 3
28682 3
28687 3
28726 3
28765 3
28793 3
28820 3
28831 3
28838 3
28847 3
28868 3
28942 3
28967 3
28995 3
28997 3
29051 3
29057 3
29101 3
29110 3
29129 3
29138 3
29142 3
29224 3
29238 3
29240 3
29274 3
29275 3
29277 3
29331 3
29342 3
29428 3
29469 3
29470 3
29481 3
29510 3
29520 3
29548 3
29597 3
29623 3
29650 3
29655 3
29658 3
29677 3
29685 3
29693 3
29703 3
29728 3
29737 3
29744 3
29856 3
29894 3
29930 3
29941 3
29952 3
29976 3
29981 3
30006 3
30035 3
30106 3
30114 3
30142 3
30154 3
30176 3
30185 3
30208 3
30210 3
30271 3
30274 3
30324 3
30343 3
30402 3
30406 3
30410 3
30456 3
30464 3
30466 3
30516 3
30556 3
30585 3
30629 3
30659 3
30705 3
30737 3
30748 3
30783 3
30808 3
30833 3
30840 3
30856 3
30878 3
30925 3
30953 3
30972 3
30992 3
30994 3
30997 3
31022 3
31055 3
31058 3
31073 3
31085 3
31119 3
31257 3
31262 3
31277 3
31324 3
31366 3
31377 3
31445 3
31453 3
31466 3
31470 3
31500 3
31514 3
31550 3
31568 3
31585 3
31593 3
31673 3
31688 3
31702 3
31773 3
31794 3
31811 3
31817 3
31839 3
31850 3
31879 3
31931 3
31932 3
31933 3
31979 3
32011 3
32017 3
32047 3
32092 3
32125 3
32145 3
32150 3
32170 3
32213 3
32257 3
32282 3
32324 3
32330 3
32355 3
32369 3
32395 3
32409 3
32434 3
32444 3
32462 3
32470 3
32475 3
32516 3
32611 3
32625 3
32633 3
32650 3
32664 3
32720 3
32726 3
32744 3
32755 3
32789 3
32804 3
32830 3
32869 3
32946 3
32951 3
33005 3
33048 3
33059 3
33064 3
33084 3
33087 3
33105 3
33127 3
33154 3
33158 3
33165 3
33229 3
33235 3
33283 3
33296 3
33333 3
33382 3
33389 3
33474 3
33500 3
33576 3
33606 3
33623 3
33659 3
33662 3
33689 3
33760 3
33792 3
33799 3
33832 3
33903 3
33922 3
33970 3
33973 3
33991 3
34026 3
34033 3
34054 3
34127 3
34139 3
34151 3
34170 3
34186 3
34206 3
34217 3
34223 3
34266 3
34277 3
34288 3
34331 3
34333 3
34365 3
34374 3
34387 3
34388 3
34407 3
34428 3
34429 3
34452 3
34475 3
34495 3
34511 3
34562 3
34598 3
34608 3
34649 3
34655 3
34671 3
34672 3
34716 3
34787 3
34819 3
34833 3
34886 3
34920 3
34955 3
34986 3
34994 3
35025 3
35027 3
35068 3
35093 3
35115 3
35137 3
35142 3
35191 3
35197 3
35329 3
35339 3
35350 3
35363 3
35388 3
35395 3
35405 3
35408 3
35467 3
35489 3
35532 3
35619 3
35676 3
35683 3
35685 3
35702 3
35704 3
35729 3
35787 3
35836 3
35909 3
35931 3
35936 3
35975 3
35978 3
35979 3
35980 3
35981 3
36018 3
36100 3
36138 3
36185 3
36190 3
36229 3
36250 3
36252 3
36259 3
36279 3
36282 3
36303 3
36317 3
36328 3
36372 3
36389 3
36415 3
36421 3
36496 3
36537 3
36553 3
36562 3
36578 3
36581 3
36602 3
36624 3
36635 3
36656 3
36657 3
36676 3
36717 3
36754 3
36756 3
36774 3
36819 3
36838 3
36851 3
36937 3
36980 3
37062 3
37102 3
37145 3
37149 3
37155 3
37243 3
37287 3
37300 3
37308 3
37417 3
37442 3
37447 3
37450 3
37500 3
37544 3
37559 3
37594 3
37618 3
37626 3
37677 3
37688 3
37705 3
37719 3
37730 3
37746 3
37751 3
37817 3
37837 3
37900 3
37913 3
37919 3
37934 3
37960 3
37985 3
38000 3
38047 3
38048 3
38081 3
38107 3
38110 3
38114 3
38116 3
38146 3
38158 3
38164 3
38169 3
38200 3
38213 3
38218 3
38256 3
38297 3
38352 3
38359 3
38405 3
38469 3
38504 3
38628 3
38631 3
38661 3
38670 3
38700 3
38740 3
38754 3
38792 3
38795 3
38853 3
38858 3
38862 3
38915 3
38935 3
38940 3
38964 3
38968 3
38970 3
38977 3
39009 3
39019 3
39053 3
39055 3
39067 3
39088 3
39099 3
39107 3
39118 3
39121 3
39149 3
39213 3
39286 3
39302 3
39326 3
39336 3
39339 3
39358 3
39360 3
39385 3
39409 3
39418 3
39431 3
39460 3
39485 3
39490 3
39552 3
39557 3
39578 3
39585 3
39602 3
39611 3
39659 3
39686 3
39698 3
39725 3
39842 3
39849 3
39863 3
39885 3
39903 3
39909 3
39914 3
39928 3
39936 3
40003 3
40006 3
40012 3
40067 3
40074 3
40113 3
40118 3
40156 3
40170 3
40207 3
40224 3
40226 3
40232 3
40253 3
40270 3
40286 3
40327 3
40372 3
40407 3
40415 3
40420 3
40445 3
40475 3
40518 3
40552 3
40604 3
40617 3
40709 3
40764 3
40777 3
40779 3
40808 3
40816 3
40832 3
40872 3
40873 3
40934 3
40939 3
40983 3
41004 3
41036 3
41185 3
41205 3
41219 3
41274 3
41276 3
41336 3
41344 3
41369 3
41397 3
41401 3
41403 3
41408 3
41445 3
41507 3
41510 3
41531 3
41568 3
41659 3
41709 3
41729 3
41738 3
41743 3
41753 3
41769 3
41880 3
41883 3
41905 3
41965 3
41968 3
42022 3
42077 3
42078 3
42082 3
42086 3
42110 3
42141 3
42174 3
42191 3
42203 3
42207 3
42261 3
42291 3
42294 3
42329 3
42349 3
42387 3
42398 3
42420 3
42423 3
42456 3
42502 3
42523 3
42526 3
42534 3
42548 3
42550 3
42570 3
42587 3
42622 3
42632 3
42634 3
42638 3
42674 3
42710 3
42767 3
42769 3
42781 3
42784 3
42815 3
42835 3
42907 3
42916 3
42944 3
42950 3
42984 3
42991 3
43032 3
43063 3
43074 3
43131 3
43189 3
43214 3
43252 3
43260 3
43301 3
43307 3
43311 3
43365 3
43417 3
43419 3
43453 3
43455 3
43484 3
43498 3
43512 3
43556 3
43602 3
43616 3
43628 3
43631 3
43637 3
43660 3
43667 3
43772 3
43785 3
43798 3
43813 3
43821 3
43822 3
43835 3
43868 3
43877 3
43881 3
43901 3
43909 3
43943 3
43947 3
43964 3
43970 3
43990 3
43991 3
44086 3
44093 3
44103 3
44106 3
44113 3
44114 3
44124 3
44149 3
44249 3
44253 3
44275 3
44361 3
44379 3
44391 3
44393 3
44446 3
44463 3
44490 3
44494 3
44519 3
44530 3
44572 3
44581 3
44762 3
44869 3
44885 3
44886 3
44887 3
44901 3
44946 3
44965 3
44982 3
45061 3
45075 3
45104 3
45107 3
45129 3
45192 3
45203 3
45228 3
45251 3
45260 3
45298 3
45306 3
45317 3
45331 3
45344 3
45379 3
45441 3
45446 3
45447 3
45482 3
45508 3
45538 3
45542 3
45564 3
45595 3
45596 3
45621 3
45705 3
45801 3
45803 3
45824 3
45883 3
45918 3
45931 3
45939 3
46014 3
46016 3
46033 3
46073 3
46089 3
46113 3
46143 3
46191 3
46213 3
46216 3
46230 3
46243 3
46332 3
46344 3
46350 3
46353 3
46376 3
46377 3
46385 3
46391 3
46399 3
46437 3
46456 3
46483 3
46531 3
46546 3
46582 3
46635 3
46642 3
46675 3
46677 3
46681 3
46701 3
46762 3
46829 3
46836 3
46848 3
46855 3
46909 3
46927 3
46929 3
46933 3
46941 3
46974 3
47014 3
47026 3
47029 3
47064 3
47080 3
47098 3
47107 3
47128 3
47140 3
47142 3
47154 3
47169 3
47183 3
47210 3
47222 3
47243 3
47265 3
47276 3
47286 3
47342 3
47429 3
47453 3
47501 3
47569 3
47594 3
47605 3
47615 3
47650 3
47653 3
47683 3
47698 3
47716 3
47730 3
47733 3
47750 3
47777 3
47800 3
47812 3
47815 3
47831 3
47901 3
47912 3
47958 3
47983 3
48082 3
48123 3
48131 3
48134 3
48142 3
48146 3
48169 3
48190 3
48196 3
48231 3
48236 3
48237 3
48261 3
48264 3
48270 3
48276 3
48291 3
48314 3
48333 3
48346 3
48354 3
48365 3
48412 3
48417 3
48424 3
48438 3
48480 3
48513 3
48524 3
48531 3
48556 3
48564 3
48579 3
48582 3
48613 3
48650 3
48672 3
48730 3
48764 3
48774 3
48791 3
48798 3
48820 3
48831 3
48860 3
48890 3
48919 3
48922 3
48929 3
48958 3
48963 3
48999 3
49002 3
49004 3
49011 3
49022 3
49046 3
49108 3
49127 3
49138 3
49143 3
49162 3
49201 3
49295 3
49326 3
49351 3
49394 3
49403 3
49437 3
49446 3
49449 3
49466 3
49547 3
49553 3
49632 3
49633 3
49642 3
49654 3
49667 3
49704 3
49719 3
49724 3
49726 3
49781 3
49833 3
49857 3
49872 3
49873 3
49967 3
8 4
122 4
125 4
271 4
299 4
322 4
344 4
358 4
364 4
409 4
410 4
426 4
505 4
514 4
516 4
541 4
576 4
586 4
596 4
601 4
611 4
659 4
722 4
752 4
779 4
811 4
813 4
826 4
855 4
943 4
962 4
963 4
979 4
999 4
1003 4
1067 4
1068 4
1080 4
1140 4
1167 4
1211 4
1260 4
1303 4
1309 4
1322 4
1350 4
1373 4
1376 4
1454 4
1458 4
1465 4
1520 4
1522 4
1529 4
1616 4
1644 4
1756 4
1758 4
1760 4
1772 4
1774 4
1793 4
1794 4
1800 4
1826 4
1870 4
1871 4
1905 4
1912 4
1945 4
1954 4
1980 4
1999 4
2025 4
2032 4
2084 4
2100 4
2115 4
2155 4
2167 4
2181 4
2201 4
2240 4
2289 4
2347 4
2348 4
2352 4
2426 4
2435 4
2502 4
2513 4
2533 4
2537 4
2547 4
2551 4
2603 4
2609 4
2635 4
2638 4
2643 4
2668 4
2695 4
2741 4
2767 4
2779 4
2833 4
2857 4
2901 4
2934 4
2994 4
3053 4
3087 4
3130 4
3141 4
3165 4
3181 4
3215 4
3265 4
3270 4
3289 4
3310 4
3314 4
3343 4
3375 4
3476 4
3504 4
3584 4
3622 4
3628 4
3666 4
3724 4
3731 4
3745 4
3758 4
3799 4
3807 4
3827 4
3843 4
3854 4
3864 4
3868 4
3885 4
3895 4
3912 4
3925 4
3929 4
3953 4
4015 4
4060 4
4110 4
4188 4
4200 4
4231 4
4263 4
4289 4
4306 4
4351 4
4355 4
4361 4
4384 4
4443 4
4452 4
4472 4
4594 4
4614 4
4654 4
4754 4
4802 4
4809 4
4823 4
4839 4
4919 4
4948 4
4956 4
4990 4
5062 4
5074 4
5090 4
5098 4
5115 4
5135 4
5140 4
5171 4
5188 4
5206 4
5236 4
5241 4
5270 4
5335 4
5385 4
5397 4
5399 4
5470 4
5475 4
5476 4
5583 4
5613 4
5616 4
5627 4
5669 4
5678 4
5736 4
5777 4
5796 4
5869 4
5870 4
5889 4
5914 4
5923 4
5959 4
5967 4
6017 4
6030 4
6069 4
6135 4
6142 4
6149 4
6150 4
6152 4
6168 4
6179 4
6181 4
6213 4
6248 4
6254 4
6293 4
6304 4
6365 4
6366 4
6367 4
6387 4
6390 4
6393 4
6408 4
6417 4
6431 4
6534 4
6586 4
6588 4
6614 4
6678 4
6694 4
6723 4
6754 4
6767 4
6803 4
6844 4
6860 4
6889 4
6905 4
6955 4
7012 4
7026 4
7063 4
7074 4
7113 4
7122 4
7133 4
7160 4
7169 4
7180 4
7186 4
7200 4
7214 4
7302 4
7346 4
7353 4
7354 4
7381 4
7404 4
7418 4
7441 4
7464 4
7495 4
7584 4
7592 4
7605 4
7624 4
7646 4
7653 4
7659 4
7670 4
7689 4
7704 4
7713 4
7780 4
7798 4
7880 4
7889 4
7901 4
7908 4
7931 4
8014 4
8019 4
8056 4
8067 4
8116 4
8131 4
8137 4
8146 4
8166 4
8181 4
8185 4
8195 4
8215 4
8231 4
8239 4
8240 4
8260 4
8287 4
8335 4
8360 4
8374 4
8385 4
8411 4
8479 4
8493 4
8525 4
8526 4
8532 4
8596 4
8610 4
8613 4
8632 4
8639 4
8660 4
8694 4
8743 4
8754 4
8779 4
8788 4
8803 4
8837 4
8905 4
8909 4
8947 4
8964 4
8968 4
9012 4
9018 4
9021 4
9031 4
9087 4
9109 4
9115 4
9117 4
9148 4
9153 4
9177 4
9202 4
9268 4
9271 4
9290 4
9338 4
9343 4
9348 4
9361 4
9381 4
9392 4
9444 4
9469 4
9471 4
9496 4
9499 4
9521 4
9527 4
9541 4
9562 4
9574 4
9592 4
9644 4
9683 4
9697 4
9706 4
9707 4
9731 4
9743 4
9758 4
9868 4
9876 4
9935 4
9945 4
9954 4
9961 4
10002 4
10015 4
10037 4
10045 4
10082 4
10090 4
10123 4
10131 4
10132 4
10146 4
10167 4
10176 4
10242 4
10251 4
10277 4
10355 4
10384 4
10403 4
10422 4
10454 4
10468 4
10487 4
10537 4
10609 4
10626 4
10685 4
10688 4
10700 4
10797 4
10833 4
10851 4
10856 4
10873 4
10904 4
10908 4
10929 4
10935 4
10985 4
11094 4
11108 4
11116 4
11164 4
11173 4
11180 4
11182 4
11249 4
11264 4
11318 4
11339 4
11351 4
11407 4
11431 4
11610 4
11611 4
11656 4
11691 4
11696 4
11762 4
11796 4
11808 4
11854 4
11868 4
11889 4
11912 4
11920 4
11950 4
11954 4
11963 4
11973 4
11987 4
12019 4
12053 4
12099 4
12111 4
12128 4
12245 4
12276 4
12297 4
12319 4
12328 4
12343 4
12391 4
12393 4
12400 4
12415 4
12442 4
12457 4
12487 4
12522 4
12557 4
12567 4
12582 4
12603 4
12617 4
12621 4
12669 4
12676 4
12688 4
12698 4
12699 4
12700 4
12703 4
12768 4
12788 4
12792 4
12814 4
12884 4
12888 4
12893 4
12898 4
12958 4
12965 4
12986 4
12988 4
12994 4
13062 4
13091 4
13168 4
13181 4
13186 4
13276 4
13291 4
13305 4
13336 4
13344 4
13435 4
13479 4
13487 4
13497 4
13509 4
13520 4
13526 4
13543 4
13558 4
13574 4
13626 4
13651 4
13736 4
13822 4
13842 4
13910 4
13916 4
13921 4
13926 4
13937 4
13951 4
13963 4
13996 4
14044 4
14106 4
14107 4
14130 4
14191 4
14211 4
14265 4
14272 4
14276 4
14297 4
14345 4
14387 4
14405 4
14417 4
14490 4
14542 4
14556 4
14634 4
14636 4
14667 4
14673 4
14700 4
14705 4
14772 4
14790 4
14808 4
14833 4
14834 4
14861 4
14863 4
14879 4
14881 4
14887 4
14901 4
14912 4
14946 4
14956 4
14979 4
14996 4
14999 4
15004 4
15039 4
15095 4
15109 4
15152 4
15171 4
15176 4
15205 4
15208 4
15221 4
15248 4
15259 4
15270 4
15275 4
15284 4
15308 4
15316 4
15367 4
15383 4
15386 4
15410 4
15489 4
15503 4
15511 4
15530 4
15548 4
15580 4
15600 4
15633 4
15680 4
15695 4
15757 4
15785 4
15865 4
15883 4
15885 4
15911 4
15972 4
15977 4
15983 4
15984 4
16007 4
16030 4
16031 4
16079 4
16090 4
16124 4
16182 4
16234 4
16235 4
16275 4
16318 4
16328 4
16339 4
16393 4
16431 4
16475 4
16477 4
16480 4
16485 4
16489 4
16498 4
16507 4
16532 4
16548 4
16549 4
16584 4
16587 4
16599 4
16622 4
16684 4
16691 4
16707 4
16734 4
16778 4
16792 4
16793 4
16799 4
16813 4
16847 4
16848 4
16878 4
16957 4
16977 4
16996 4
17000 4
17068 4
17082 4
17130 4
17150 4
17154 4
17189 4
17247 4
17252 4
17297 4
17309 4
17401 4
17408 4
17422 4
17431 4
17447 4
17458 4
17466 4
17476 4
17497 4
17529 4
17541 4
17556 4
17567 4
17668 4
17694 4
17776 4
17819 4
17830 4
17835 4
17842 4
17883 4
17885 4
17898 4
17908 4
17910 4
17934 4
17939 4
17978 4
18006 4
18035 4
18066 4
18092 4
18102 4
18155 4
18178 4
18186 4
18254 4
18319 4
18324 4
18325 4
18327 4
18363 4
18372 4
18389 4
18390 4
18400 4
18438 4
18475 4
18485 4
18519 4
18542 4
18547 4
18550 4
18555 4
18567 4
18580 4
18605 4
18618 4
18668 4
18670 4
18675 4
18710 4
18720 4
18767 4
18803 4
18812 4
18815 4
18818 4
18846 4
18853 4
18859 4
18867 4
18924 4
18950 4
18978 4
19004 4
19011 4
19088 4
19104 4
19136 4
19164 4
19201 4
19229 4
19240 4
19253 4
19258 4
19379 4
19404 4
19412 4
19502 4
19506 4
19512 4
19572 4
19575 4
19629 4
19644 4
19689 4
19703 4
19744 4
19751 4
19842 4
19900 4
19932 4
19962 4
19984 4
20017 4
20059 4
20106 4
20135 4
20158 4
20172 4
20198 4
20238 4
20294 4
20303 4
20310 4
20313 4
20316 4
20369 4
20373 4
20423 4
20427 4
20474 4
20517 4
20549 4
20574 4
20597 4
20683 4
20686 4
20698 4
20709 4
20738 4
20806 4
20825 4
20918 4
20928 4
20959 4
20978 4
20979 4
20991 4
20992 4
20993 4
21049 4
21071 4
21114 4
21123 4
21131 4
21204 4
21208 4
21213 4
21255 4
21258 4
21297 4
21307 4
21325 4
21415 4
21421 4
21426 4
21443 4
21458 4
21470 4
21525 4
21527 4
21538 4
21571 4
21595 4
21602 4
21610 4
21631 4
21641 4
21654 4
21661 4
21663 4
21674 4
21757 4
21786 4
21818 4
21873 4
21875 4
21893 4
21896 4
21931 4
21986 4
21995 4
21997 4
22000 4
22036 4
22046 4
22093 4
22095 4
22108 4
22116 4
22151 4
22187 4
22211 4
22216 4
22230 4
22251 4
22270 4
22274 4
22283 4
22300 4
22324 4
22332 4
22340 4
22357 4
22381 4
22437 4
22469 4
22487 4
22518 4
22527 4
22535 4
22542 4
22550 4
22562 4
22573 4
22614 4
22647 4
22674 4
22678 4
22699 4
22726 4
22750 4
22752 4
22806 4
22815 4
22834 4
22853 4
22875 4
22964 4
22984 4
23054 4
23087 4
23088 4
23094 4
23106 4
23114 4
23199 4
23208 4
23223 4
23228 4
23229 4
23266 4
23273 4
23277 4
23340 4
23345 4
23349 4
23356 4
23406 4
23413 4
23427 4
23439 4
23450 4
23454 4
23456 4
23460 4
23477 4
23500 4
23521 4
23529 4
23598 4
23623 4
23673 4
23683 4
23726 4
23739 4
23760 4
23775 4
23777 4
23805 4
23836 4
23843 4
23852 4
23899 4
23944 4
23983 4
24015 4
24051 4
24052 4
24057 4
24058 4
24066 4
24084 4
24091 4
24158 4
24167 4
24213 4
24222 4
24244 4
24341 4
24375 4
24431 4
24452 4
24495 4
24539 4
24552 4
24621 4
24639 4
24666 4
24687 4
24701 4
24706 4
24734 4
24771 4
24794 4
24796 4
24810 4
24815 4
24860 4
24868 4
24933 4
24936 4
24946 4
24949 4
24967 4
25004 4
25007 4
25073 4
25088 4
25108 4
25203 4
25260 4
25269 4
25270 4
25304 4
25346 4
25361 4
25367 4
25405 4
25415 4
25468 4
25476 4
25480 4
25510 4
25554 4
25586 4
25607 4
25611 4
25642 4
25658 4
25685 4
25691 4
25700 4
25711 4
25712 4
25777 4
25800 4
25808 4
25821 4
25828 4
25869 4
25877 4
25883 4
25884 4
25888 4
25954 4
25958 4
25959 4
25996 4
25999 4
26055 4
26115 4
26154 4
26169 4
26229 4
26237 4
26255 4
26256 4
26289 4
26301 4
26306 4
26329 4
26341 4
26342 4
26380 4
26391 4
26400 4
26445 4
26451 4
26514 4
26519 4
26528 4
26542 4
26561 4
26573 4
26578 4
26579 4
26602 4
26603 4
26609 4
26617 4
26635 4
26641 4
26664 4
26681 4
26710 4
26767 4
26798 4
26825 4
26863 4
26931 4
26943 4
26980 4
26982 4
26985 4
27000 4
27056 4
27086 4
27107 4
27123 4
27127 4
27128 4
27144 4
27164 4
27187 4
27221 4
27236 4
27239 4
27246 4
27261 4
27264 4
27298 4
27321 4
27338 4
27414 4
27422 4
27445 4
27450 4
27464 4
27472 4
27548 4
27593 4
27614 4
27618 4
27656 4
27708 4
27758 4
27797 4
27813 4
27822 4
27877 4
27889 4
27934 4
27996 4
27998 4
28004 4
28008 4
28013 4
28082 4
28092 4
28093 4
28110 4
28118 4
28134 4
28209 4
28233 4
28261 4
28315 4
28430 4
28454 4
28473 4
28499 4
28502 4
28577 4
28585 4
28603 4
28660 4
28710 4
28720 4
28800 4
28856 4
28907 4
28935 4
29000 4
29001 4
29004 4
29014 4
29024 4
29027 4
29033 4
29058 4
29065 4
29106 4
29121 4
29170 4
29215 4
29260 4
29276 4
29293 4
29298 4
29321 4
29338 4
29364 4
29436 4
29442 4
29447 4
29512 4
29559 4
29560 4
29566 4
29660 4
29690 4
29700 4
29722 4
29754 4
29769 4
29773 4
29852 4
29857 4
29865 4
29870 4
29892 4
29907 4
29915 4
29937 4
29954 4
29959 4
30025 4
30029 4
30066 4
30093 4
30125 4
30151 4
30156 4
30190 4
30193 4
30251 4
30284 4
30293 4
30307 4
30354 4
30355 4
30376 4
30393 4
30394 4
30484 4
30491 4
30517 4
30561 4
30587 4
30589 4
30622 4
30630 4
30646 4
30713 4
30717 4
30720 4
30724 4
30726 4
30746 4
30750 4
30789 4
30884 4
30897 4
30934 4
30958 4
30974 4
31000 4
31025 4
31029 4
31056 4
31059 4
31103 4
31117 4
31146 4
31154 4
31171 4
31202 4
31231 4
31239 4
31295 4
31305 4
31319 4
31337 4
31348 4
31364 4
31375 4
31379 4
31417 4
31461 4
31474 4
31491 4
31513 4
31515 4
31541 4
31601 4
31663 4
31674 4
31677 4
31733 4
31739 4
31783 4
31798 4
31852 4
31853 4
31861 4
31869 4
31907 4
31961 4
31976 4
32046 4
32073 4
32079 4
32081 4
32110 4
32134 4
32184 4
32188 4
32215 4
32224 4
32232 4
32247 4
32253 4
32281 4
32307 4
32312 4
32319 4
32363 4
32368 4
32385 4
32414 4
32418 4
32439 4
32441 4
32471 4
32484 4
32499 4
32509 4
32511 4
32548 4
32559 4
32601 4
32613 4
32747 4
32754 4
32759 4
32782 4
32788 4
32796 4
32851 4
32853 4
32931 4
32976 4
33033 4
33046 4
33056 4
33077 4
33133 4
33139 4
33177 4
33194 4
33206 4
33215 4
33250 4
33271 4
33277 4
33278 4
33306 4
33331 4
33341 4
33453 4
33496 4
33530 4
33535 4
33551 4
33575 4
33592 4
33604 4
33696 4
33747 4
33811 4
33825 4
33838 4
33854 4
33870 4
33893 4
33932 4
33974 4
33996 4
34009 4
34012 4
34017 4
34036 4
34037 4
34103 4
34113 4
34147 4
34194 4
34292 4
34316 4
34332 4
34338 4
34355 4
34361 4
34367 4
34368 4
34410 4
34468 4
34473 4
34496 4
34498 4
34502 4
34540 4
34566 4
34591 4
34611 4
34614 4
34641 4
34678 4
34679 4
34684 4
34686 4
34712 4
34776 4
34778 4
34887 4
34906 4
34916 4
34921 4
34926 4
34965 4
34991 4
35005 4
35064 4
35073 4
35097 4
35144 4
35165 4
35171 4
35201 4
35224 4
35227 4
35242 4
35265 4
35402 4
35473 4
35520 4
35523 4
35639 4
35663 4
35667 4
35691 4
35760 4
35767 4
35774 4
35832 4
35861 4
35864 4
35878 4
35963 4
35992 4
36013 4
36037 4
36044 4
36136 4
36162 4
36222 4
36321 4
36371 4
36423 4
36481 4
36513 4
36516 4
36521 4
36538 4
36550 4
36583 4
36589 4
36601 4
36604 4
36610 4
36653 4
36654 4
36666 4
36696 4
36734 4
36781 4
36808 4
36830 4
36839 4
36916 4
36921 4
36922 4
36972 4
36985 4
37002 4
37057 4
37091 4
37127 4
37135 4
37169 4
37177 4
37181 4
37213 4
37214 4
37235 4
37278 4
37283 4
37285 4
37295 4
37324 4
37338 4
37340 4
37368 4
37381 4
37437 4
37445 4
37458 4
37460 4
37512 4
37549 4
37596 4
37598 4
37679 4
37681 4
37684 4
37685 4
37747 4
37762 4
37776 4
37826 4
37830 4
37836 4
37840 4
37870 4
37883 4
37894 4
37896 4
37917 4
37922 4
37925 4
37928 4
37939 4
37941 4
37945 4
37951 4
38049 4
38052 4
38088 4
38133 4
38139 4
38184 4
38193 4
38210 4
38279 4
38280 4
38302 4
38305 4
38311 4
38338 4
38407 4
38435 4
38452 4
38491 4
38509 4
38537 4
38548 4
38575 4
38629 4
38633 4
38669 4
38680 4
38714 4
38722 4
38818 4
38833 4
38845 4
38846 4
38850 4
38863 4
38893 4
38901 4
38932 4
38945 4
39031 4
39038 4
39044 4
39052 4
39064 4
39133 4
39179 4
39184 4
39232 4
39255 4
39258 4
39281 4
39290 4
39305 4
39306 4
39307 4
39334 4
39414 4
39451 4
39452 4
39530 4
39531 4
39573 4
39584 4
39598 4
39601 4
39622 4
39623 4
39646 4
39650 4
39669 4
39699 4
39721 4
39726 4
39728 4
39755 4
39772 4
39783 4
39800 4
39805 4
39814 4
39827 4
39851 4
39865 4
39902 4
39915 4
40051 4
40254 4
40275 4
40292 4
40294 4
40306 4
40310 4
40315 4
40325 4
40333 4
40411 4
40416 4
40422 4
40431 4
40449 4
40462 4
40495 4
40496 4
40515 4
40516 4
40579 4
40582 4
40608 4
40610 4
40637 4
40673 4
40678 4
40687 4
40693 4
40698 4
40719 4
40734 4
40741 4
40765 4
40798 4
40812 4
40825 4
40829 4
40847 4
40923 4
40926 4
40936 4
40955 4
40972 4
40981 4
41002 4
41011 4
41043 4
41068 4
41069 4
41151 4
41183 4
41206 4
41213 4
41253 4
41261 4
41272 4
41346 4
41416 4
41444 4
41448 4
41469 4
41493 4
41529 4
41571 4
41606 4
41620 4
41651 4
41656 4
41669 4
41688 4
41840 4
41907 4
41931 4
41932 4
41936 4
41972 4
42003 4
42019 4
42050 4
42064 4
42065 4
42076 4
42101 4
42105 4
42108 4
42138 4
42143 4
42162 4
42167 4
42198 4
42214 4
42254 4
42307 4
42324 4
42352 4
42366 4
42378 4
42402 4
42404 4
42454 4
42460 4
42499 4
42512 4
42529 4
42552 4
42558 4
42572 4
42608 4
42630 4
42658 4
42744 4
42758 4
42819 4
42826 4
42863 4
42894 4
42897 4
42926 4
42930 4
42954 4
42972 4
42974 4
42982 4
43036 4
43042 4
43054 4
43055 4
43059 4
43066 4
43084 4
43145 4
43149 4
43165 4
43173 4
43202 4
43213 4
43235 4
43239 4
43258 4
43268 4
43277 4
43288 4
43294 4
43297 4
43338 4
43397 4
43462 4
43496 4
43509 4
43529 4
43596 4
43656 4
43683 4
43691 4
43694 4
43696 4
43704 4
43705 4
43714 4
43739 4
43761 4
43764 4
43769 4
43779 4
43843 4
43865 4
43884 4
43895 4
43935 4
43968 4
43987 4
44022 4
44045 4
44054 4
44075 4
44119 4
44122 4
44133 4
44134 4
44137 4
44155 4
44169 4
44186 4
44188 4
44200 4
44210 4
44223 4
44245 4
44298 4
44317 4
44345 4
44392 4
44394 4
44413 4
44438 4
44465 4
44492 4
44508 4
44524 4
44531 4
44586 4
44587 4
44593 4
44635 4
44640 4
44644 4
44652 4
44670 4
44768 4
44773 4
44783 4
44817 4
44823 4
44826 4
44833 4
44838 4
44842 4
44865 4
44870 4
44889 4
44898 4
44900 4
44921 4
44937 4
44941 4
44947 4
45009 4
45028 4
45041 4
45101 4
45122 4
45143 4
45145 4
45205 4
45243 4
45244 4
45311 4
45322 4
45326 4
45351 4
45366 4
45534 4
45556 4
45565 4
45584 4
45612 4
45638 4
45668 4
45676 4
45682 4
45698 4
45712 4
45728 4
45733 4
45747 4
45770 4
45790 4
45808 4
45833 4
45882 4
45902 4
45924 4
45964 4
46006 4
46026 4
46037 4
46069 4
46084 4
46111 4
46222 4
46226 4
46234 4
46254 4
46263 4
46270 4
46292 4
46328 4
46428 4
46478 4
46481 4
46484 4
46492 4
46528 4
46605 4
46606 4
46613 4
46629 4
46651 4
46665 4
46672 4
46723 4
46736 4
46794 4
46795 4
46821 4
46857 4
46862 4
46871 4
46872 4
46885 4
46919 4
46931 4
46962 4
46981 4
47048 4
47061 4
47066 4
47075 4
47097 4
47124 4
47178 4
47188 4
47227 4
47307 4
47316 4
47332 4
47385 4
47391 4
47450 4
47456 4
47460 4
47467 4
47476 4
47528 4
47542 4
47548 4
47551 4
47560 4
47671 4
47681 4
47741 4
47778 4
47821 4
47915 4
47917 4
47921 4
47966 4
47973 4
48018 4
48024 4
48036 4
48052 4
48063 4
48152 4
48195 4
48200 4
48223 4
48246 4
48277 4
48340 4
48391 4
48399 4
48443 4
48451 4
48463 4
48523 4
48545 4
48560 4
48565 4
48587 4
48623 4
48659 4
48689 4
48735 4
48742 4
48752 4
48832 4
48837 4
48864 4
48874 4
48880 4
48945 4
48960 4
49034 4
49040 4
49050 4
49089 4
49125 4
49145 4
49151 4
49176 4
49193 4
49224 4
49257 4
49259 4
49270 4
49280 4
49314 4
49325 4
49333 4
49336 4
49368 4
49397 4
49439 4
49527 4
49595 4
49602 4
49647 4
49662 4
49666 4
49680 4
49710 4
49738 4
49771 4
49826 4
49869 4
49870 4
49897 4
49935 4
