30 0
80 0
88 0
101 0
134 0
188 0
199 0
207 0
223 0
231 0
264 0
266 0
287 0
289 0
328 0
349 0
406 0
409 0
432 0
445 0
451 0
456 0
488 0
505 0
514 0
551 0
560 0
572 0
591 0
592 0
651 0
672 0
683 0
762 0
798 0
822 0
832 0
862 0
918 0
931 0
979 0
1003 0
1011 0
1059 0
1061 0
1065 0
1086 0
1109 0
1130 0
1185 0
1206 0
1232 0
1245 0
1318 0
1332 0
1401 0
1415 0
1432 0
1500 0
1503 0
1511 0
1543 0
1560 0
1618 0
1620 0
1637 0
1693 0
1754 0
1824 0
1871 0
1872 0
1885 0
1890 0
1892 0
1895 0
1947 0
1959 0
1967 0
2009 0
2084 0
2095 0
2123 0
2151 0
2171 0
2192 0
2194 0
2211 0
2259 0
2273 0
2286 0
2298 0
2312 0
2350 0
2370 0
2470 0
2477 0
2479 0
2505 0
2625 0
2631 0
2632 0
2678 0
2715 0
2754 0
2756 0
2790 0
2805 0
2820 0
2845 0
2851 0
2864 0
2929 0
2985 0
2999 0
3035 0
3050 0
3056 0
3058 0
3065 0
3072 0
3078 0
3101 0
3104 0
3113 0
3139 0
3170 0
3172 0
3198 0
3224 0
3263 0
3315 0
3346 0
3353 0
3441 0
3474 0
3482 0
3495 0
3497 0
3563 0
3567 0
3571 0
3612 0
3620 0
3623 0
3630 0
3656 0
3720 0
3776 0
3809 0
3815 0
3825 0
3838 0
3851 0
3863 0
3891 0
3969 0
4022 0
4048 0
4065 0
4101 0
4110 0
4137 0
4140 0
4146 0
4151 0
4153 0
4166 0
4197 0
4221 0
4255 0
4259 0
4282 0
4303 0
4334 0
4380 0
4381 0
4485 0
4505 0
4530 0
4532 0
4575 0
4580 0
4581 0
4601 0
4603 0
4681 0
4716 0
4722 0
4727 0
4754 0
4816 0
4820 0
4842 0
4848 0
4855 0
4995 0
4997 0
5011 0
5015 0
5031 0
5034 0
5041 0
5043 0
5074 0
5119 0
5124 0
5150 0
5160 0
5168 0
5175 0
5187 0
5204 0
5214 0
5241 0
5257 0
5302 0
5312 0
5316 0
5319 0
5341 0
5356 0
5360 0
5368 0
5391 0
5399 0
5476 0
5481 0
5504 0
5528 0
5546 0
5553 0
5560 0
5612 0
5624 0
5632 0
5647 0
5658 0
5663 0
5717 0
5730 0
5754 0
5786 0
5837 0
5841 0
5859 0
5871 0
5884 0
5921 0
5923 0
5940 0
5947 0
5952 0
5996 0
6030 0
6034 0
6075 0
6086 0
6100 0
6109 0
6112 0
6119 0
6151 0
6157 0
6166 0
6169 0
6187 0
6210 0
6218 0
6249 0
6269 0
6296 0
6321 0
6326 0
6330 0
6367 0
6397 0
6404 0
6431 0
6436 0
6445 0
6531 0
6563 0
6612 0
6621 0
6648 0
6652 0
6669 0
6672 0
6675 0
6716 0
6766 0
6784 0
6790 0
6826 0
6842 0
6858 0
6868 0
6873 0
6894 0
6917 0
6922 0
6947 0
7033 0
7037 0
7060 0
7095 0
7106 0
7130 0
7185 0
7201 0
7307 0
7350 0
7395 0
7396 0
7405 0
7431 0
7491 0
7508 0
7517 0
7553 0
7574 0
7598 0
7639 0
7740 0
7752 0
7817 0
7836 0
7841 0
7854 0
7859 0
7876 0
7923 0
7932 0
7952 0
7975 0
7977 0
7982 0
7992 0
7996 0
8004 0
8033 0
8061 0
8081 0
8127 0
8135 0
8158 0
8181 0
8184 0
8185 0
8194 0
8201 0
8207 0
8208 0
8236 0
8277 0
8287 0
8289 0
8319 0
8342 0
8373 0
8383 0
8407 0
8412 0
8438 0
8506 0
8521 0
8523 0
8541 0
8559 0
8585 0
8598 0
8602 0
8608 0
8669 0
8689 0
8710 0
8718 0
8743 0
8745 0
8784 0
8790 0
8803 0
8806 0
8836 0
8844 0
8846 0
8900 0
8926 0
8959 0
8965 0
9043 0
9067 0
9070 0
9103 0
9115 0
9129 0
9145 0
9202 0
9204 0
9226 0
9286 0
9288 0
9296 0
9306 0
9321 0
9346 0
9422 0
9423 0
9430 0
9447 0
9471 0
9490 0
9491 0
9516 0
9536 0
9615 0
9631 0
9640 0
9645 0
9670 0
9673 0
9685 0
9694 0
9765 0
9779 0
9782 0
9794 0
9814 0
9816 0
9824 0
9837 0
9854 0
9872 0
9904 0
9925 0
9936 0
9944 0
10014 0
10250 0
10262 0
10288 0
10328 0
10332 0
10362 0
10420 0
10425 0
10434 0
10440 0
10491 0
10497 0
10518 0
10580 0
10595 0
10618 0
10645 0
10646 0
10664 0
10674 0
10696 0
10708 0
10721 0
10723 0
10741 0
10751 0
10773 0
10803 0
10821 0
10920 0
10941 0
10988 0
11006 0
11031 0
11036 0
11069 0
11076 0
11123 0
11136 0
11163 0
11182 0
11202 0
11207 0
11210 0
11216 0
11219 0
11238 0
11254 0
11260 0
11338 0
11352 0
11375 0
11413 0
11414 0
11425 0
11454 0
11479 0
11491 0
11493 0
11537 0
11559 0
11584 0
11597 0
11608 0
11618 0
11638 0
11665 0
11691 0
11725 0
11754 0
11771 0
11782 0
11813 0
11869 0
11879 0
11895 0
11900 0
11917 0
11941 0
11971 0
11984 0
12010 0
12160 0
12173 0
12177 0
12183 0
12189 0
12208 0
12257 0
12274 0
12282 0
12307 0
12316 0
12335 0
12336 0
12337 0
12386 0
12434 0
12459 0
12544 0
12584 0
12601 0
12605 0
12658 0
12671 0
12688 0
12712 0
12740 0
12789 0
12819 0
12837 0
12901 0
12918 0
12976 0
13018 0
13067 0
13075 0
13095 0
13140 0
13153 0
13164 0
13177 0
13197 0
13250 0
13263 0
13312 0
13364 0
13369 0
13374 0
13386 0
13432 0
13480 0
13487 0
13499 0
13504 0
13518 0
13529 0
13589 0
13598 0
13604 0
13606 0
13628 0
13629 0
13670 0
13671 0
13737 0
13742 0
13787 0
13798 0
13800 0
13854 0
13864 0
13875 0
13879 0
13886 0
13920 0
13932 0
13978 0
14022 0
14087 0
14088 0
14129 0
14154 0
14157 0
14182 0
14183 0
14188 0
14216 0
14265 0
14277 0
14343 0
14352 0
14358 0
14404 0
14441 0
14442 0
14465 0
14513 0
14518 0
14548 0
14553 0
14626 0
14726 0
14760 0
14784 0
14794 0
14847 0
14851 0
14858 0
14919 0
14921 0
14945 0
14967 0
14983 0
15010 0
15021 0
15031 0
15044 0
15107 0
15168 0
15171 0
15216 0
15265 0
15273 0
15298 0
15339 0
15346 0
15371 0
15410 0
15413 0
15460 0
15483 0
15523 0
15541 0
15572 0
15586 0
15594 0
15616 0
15651 0
15684 0
15726 0
15762 0
15803 0
15831 0
15832 0
15841 0
15864 0
15900 0
15960 0
15961 0
15971 0
15981 0
16103 0
16169 0
16211 0
16230 0
16252 0
16290 0
16358 0
16361 0
16368 0
16434 0
16437 0
16459 0
16476 0
16510 0
16515 0
16520 0
16557 0
16567 0
16571 0
16572 0
16706 0
16741 0
16756 0
16776 0
16786 0
16819 0
16822 0
16865 0
16867 0
16868 0
16900 0
16948 0
16963 0
16967 0
16995 0
17029 0
17034 0
17057 0
17066 0
17068 0
17103 0
17122 0
17132 0
17156 0
17221 0
17236 0
17271 0
17289 0
17312 0
17347 0
17355 0
17410 0
17501 0
17521 0
17539 0
17591 0
17624 0
17662 0
17676 0
17726 0
17770 0
17804 0
17816 0
17855 0
17920 0
17965 0
17967 0
17970 0
17987 0
18012 0
18056 0
18066 0
18084 0
18116 0
18151 0
18218 0
18244 0
18268 0
18289 0
18321 0
18333 0
18338 0
18364 0
18369 0
18411 0
18437 0
18438 0
18461 0
18522 0
18531 0
18590 0
18623 0
18630 0
18661 0
18680 0
18709 0
18767 0
18802 0
18837 0
18866 0
18908 0
18936 0
18953 0
19004 0
19030 0
19076 0
19132 0
19204 0
19244 0
19252 0
19269 0
19304 0
19312 0
19326 0
19332 0
19335 0
19346 0
19360 0
19366 0
19428 0
19461 0
19495 0
19503 0
19505 0
19544 0
19610 0
19672 0
19719 0
19726 0
19733 0
19736 0
19758 0
19759 0
19793 0
19805 0
19827 0
19880 0
19893 0
19947 0
19964 0
19968 0
19997 0
20002 0
20020 0
20034 0
20074 0
20079 0
20125 0
20176 0
20182 0
20226 0
20230 0
20234 0
20239 0
20302 0
20306 0
20311 0
20330 0
20383 0
20384 0
20386 0
20408 0
20429 0
20441 0
20504 0
20536 0
20630 0
20636 0
20664 0
20720 0
20735 0
20760 0
20794 0
20818 0
20856 0
20863 0
20883 0
20903 0
20920 0
20927 0
20955 0
20970 0
20981 0
20985 0
20992 0
21034 0
21080 0
21087 0
21149 0
21223 0
21241 0
21253 0
21260 0
21271 0
21286 0
21307 0
21318 0
21330 0
21335 0
21337 0
21359 0
21372 0
21395 0
21459 0
21463 0
21492 0
21505 0
21539 0
21547 0
21577 0
21608 0
21639 0
21659 0
21674 0
21701 0
21708 0
21718 0
21726 0
21758 0
21785 0
21810 0
21823 0
21845 0
21864 0
21873 0
21877 0
21954 0
21995 0
22007 0
22014 0
22046 0
22050 0
22068 0
22077 0
22097 0
22125 0
22133 0
22153 0
22154 0
22171 0
22173 0
22195 0
22229 0
22298 0
22307 0
22309 0
22335 0
22352 0
22361 0
22369 0
22395 0
22437 0
22445 0
22456 0
22477 0
22492 0
22497 0
22566 0
22616 0
22656 0
22660 0
22670 0
22722 0
22778 0
22779 0
22807 0
22809 0
22840 0
22861 0
22872 0
22920 0
22931 0
22934 0
22937 0
23011 0
23018 0
23031 0
23084 0
23117 0
23168 0
23176 0
23177 0
23197 0
23207 0
23211 0
23230 0
23248 0
23287 0
23305 0
23325 0
23327 0
23354 0
23369 0
23411 0
23417 0
23426 0
23430 0
23440 0
23466 0
23474 0
23504 0
23510 0
23542 0
23565 0
23593 0
23633 0
23652 0
23667 0
23671 0
23673 0
23694 0
23750 0
23752 0
23775 0
23819 0
23841 0
23842 0
23871 0
23880 0
23914 0
23975 0
24022 0
24065 0
24090 0
24098 0
24126 0
24137 0
24185 0
24226 0
24229 0
24230 0
24244 0
24324 0
24325 0
24335 0
24343 0
24345 0
24411 0
24430 0
24454 0
24465 0
24475 0
24491 0
24512 0
24537 0
24672 0
24696 0
24738 0
24766 0
24774 0
24788 0
24811 0
24824 0
24852 0
24913 0
24925 0
25011 0
25080 0
25098 0
25100 0
25101 0
25106 0
25152 0
25168 0
25196 0
25205 0
25216 0
25312 0
25418 0
25421 0
25429 0
25437 0
25448 0
25450 0
25470 0
25486 0
25491 0
25542 0
25586 0
25664 0
25666 0
25667 0
25694 0
25698 0
25753 0
25798 0
25844 0
25855 0
25869 0
25926 0
25965 0
25991 0
25994 0
26029 0
26069 0
26131 0
26183 0
26188 0
26217 0
26239 0
26240 0
26241 0
26243 0
26249 0
26264 0
26275 0
26278 0
26312 0
26315 0
26402 0
26452 0
26464 0
26468 0
26471 0
26479 0
26499 0
26509 0
26564 0
26605 0
26652 0
26661 0
26681 0
26713 0
26763 0
26816 0
26817 0
26831 0
26845 0
26864 0
26876 0
26912 0
26947 0
26966 0
26972 0
26976 0
26988 0
27021 0
27023 0
27028 0
27036 0
27039 0
27056 0
27079 0
27089 0
27095 0
27103 0
27107 0
27126 0
27150 0
27194 0
27202 0
27204 0
27214 0
27217 0
27237 0
27256 0
27280 0
27285 0
27309 0
27312 0
27385 0
27414 0
27445 0
27470 0
27520 0
27581 0
27757 0
27796 0
27798 0
27810 0
27898 0
27900 0
27918 0
27988 0
27989 0
28024 0
28074 0
28094 0
28101 0
28183 0
28206 0
28224 0
28312 0
28323 0
28347 0
28373 0
28394 0
28414 0
28416 0
28446 0
28487 0
28488 0
28493 0
28519 0
28553 0
28624 0
28626 0
28644 0
28646 0
28686 0
28813 0
28825 0
28832 0
28840 0
28858 0
28922 0
28949 0
28963 0
28975 0
28976 0
29005 0
29083 0
29103 0
29118 0
29133 0
29134 0
29182 0
29188 0
29205 0
29247 0
29283 0
29302 0
29329 0
29340 0
29343 0
29446 0
29448 0
29465 0
29467 0
29472 0
29504 0
29527 0
29537 0
29550 0
29579 0
29604 0
29684 0
29695 0
29730 0
29743 0
29788 0
29789 0
29866 0
29901 0
29947 0
29981 0
30017 0
30036 0
30070 0
30126 0
30139 0
30155 0
30174 0
30196 0
30197 0
30271 0
30282 0
30312 0
30321 0
30336 0
30384 0
30417 0
30437 0
30446 0
30500 0
30538 0
30598 0
30630 0
30639 0
30675 0
30719 0
30729 0
30750 0
30760 0
30787 0
30859 0
30861 0
30922 0
30924 0
30929 0
30936 0
30968 0
30983 0
31007 0
31053 0
31057 0
31091 0
31100 0
31117 0
31131 0
31163 0
31195 0
31203 0
31207 0
31224 0
31366 0
31429 0
31503 0
31534 0
31539 0
31557 0
31581 0
31648 0
31661 0
31696 0
31716 0
31726 0
31736 0
31750 0
31760 0
31780 0
31793 0
31814 0
31846 0
31879 0
31915 0
31959 0
31974 0
32015 0
32043 0
32116 0
32263 0
32273 0
32320 0
32354 0
32363 0
32364 0
32367 0
32368 0
32370 0
32378 0
32423 0
32425 0
32483 0
32501 0
32578 0
32615 0
32639 0
32652 0
32679 0
32705 0
32809 0
32850 0
32870 0
32900 0
32925 0
32968 0
32969 0
33019 0
33028 0
33038 0
33068 0
33071 0
33110 0
33111 0
33112 0
33132 0
33134 0
33139 0
33149 0
33169 0
33200 0
33213 0
33252 0
33276 0
33324 0
33328 0
33332 0
33343 0
33353 0
33356 0
33386 0
33480 0
33511 0
33564 0
33650 0
33684 0
33691 0
33738 0
33757 0
33823 0
33841 0
33850 0
33851 0
33863 0
33870 0
33889 0
33891 0
33898 0
33901 0
33952 0
33980 0
34018 0
34042 0
34075 0
34095 0
34131 0
34133 0
34165 0
34182 0
34233 0
34264 0
34266 0
34278 0
34309 0
34320 0
34354 0
34410 0
34417 0
34419 0
34516 0
34535 0
34614 0
34634 0
34649 0
34676 0
34704 0
34738 0
34739 0
34754 0
34799 0
34835 0
34895 0
34962 0
34984 0
34999 0
35003 0
35036 0
35094 0
35102 0
35108 0
35155 0
35168 0
35174 0
35181 0
35219 0
35268 0
35291 0
35315 0
35324 0
35350 0
35404 0
35429 0
35451 0
35464 0
35540 0
35542 0
35544 0
35575 0
35580 0
35618 0
35628 0
35680 0
35703 0
35803 0
35814 0
35822 0
35844 0
35849 0
35857 0
35865 0
35900 0
35954 0
35968 0
36010 0
36038 0
36039 0
36084 0
36096 0
36180 0
36215 0
36248 0
36253 0
36277 0
36326 0
36368 0
36373 0
36437 0
36486 0
36497 0
36506 0
36528 0
36567 0
36572 0
36585 0
36637 0
36687 0
36702 0
36720 0
36726 0
36742 0
36775 0
36778 0
36856 0
36920 0
36924 0
36965 0
36972 0
37008 0
37020 0
37039 0
37070 0
37090 0
37099 0
37121 0
37130 0
37150 0
37151 0
37163 0
37177 0
37265 0
37281 0
37287 0
37301 0
37317 0
37346 0
37372 0
37387 0
37397 0
37419 0
37420 0
37425 0
37435 0
37444 0
37509 0
37523 0
37556 0
37605 0
37608 0
37663 0
37668 0
37671 0
37691 0
37714 0
37727 0
37735 0
37764 0
37780 0
37798 0
37829 0
37866 0
37879 0
37906 0
37908 0
38019 0
38056 0
38070 0
38081 0
38093 0
38103 0
38110 0
38138 0
38140 0
38240 0
38254 0
38273 0
38296 0
38304 0
38334 0
38357 0
38358 0
38373 0
38390 0
38426 0
38452 0
38453 0
38468 0
38485 0
38493 0
38570 0
38588 0
38665 0
38690 0
38725 0
38734 0
38739 0
38755 0
38765 0
38789 0
38795 0
38826 0
38832 0
38852 0
38867 0
38885 0
38952 0
38966 0
38987 0
38989 0
38996 0
39002 0
39014 0
39022 0
39039 0
39058 0
39066 0
39080 0
39091 0
39111 0
39114 0
39127 0
39140 0
39218 0
39225 0
39226 0
39246 0
39312 0
39321 0
39337 0
39382 0
39388 0
39390 0
39404 0
39429 0
39442 0
39457 0
39471 0
39474 0
39510 0
39519 0
39521 0
39552 0
39560 0
39575 0
39594 0
39603 0
39657 0
39670 0
39689 0
39750 0
39755 0
39786 0
39823 0
39854 0
39873 0
39884 0
39938 0
40100 0
40139 0
40170 0
40196 0
40259 0
40317 0
40356 0
40385 0
40404 0
40406 0
40409 0
40411 0
40430 0
40446 0
40526 0
40545 0
40581 0
40600 0
40609 0
40637 0
40680 0
40702 0
40716 0
40720 0
40768 0
40781 0
40782 0
40815 0
40827 0
40831 0
40837 0
40843 0
40863 0
40886 0
40892 0
40915 0
40943 0
40972 0
41003 0
41014 0
41040 0
41082 0
41114 0
41123 0
41237 0
41264 0
41355 0
41376 0
41384 0
41413 0
41435 0
41457 0
41502 0
41515 0
41539 0
41550 0
41553 0
41582 0
41603 0
41605 0
41610 0
41615 0
41624 0
41628 0
41650 0
41653 0
41668 0
41687 0
41698 0
41741 0
41746 0
41806 0
41844 0
41851 0
41907 0
41916 0
41917 0
41965 0
42086 0
42087 0
42091 0
42111 0
42134 0
42268 0
42270 0
42271 0
42272 0
42279 0
42324 0
42344 0
42352 0
42437 0
42439 0
42464 0
42467 0
42538 0
42602 0
42683 0
42685 0
42708 0
42750 0
42751 0
42779 0
42782 0
42796 0
42811 0
42825 0
42927 0
42951 0
42966 0
43015 0
43051 0
43077 0
43080 0
43095 0
43116 0
43161 0
43183 0
43221 0
43252 0
43306 0
43339 0
43349 0
43360 0
43386 0
43394 0
43414 0
43423 0
43430 0
43442 0
43453 0
43549 0
43581 0
43587 0
43591 0
43633 0
43663 0
43668 0
43735 0
43789 0
43840 0
43859 0
43910 0
43925 0
43931 0
43935 0
43953 0
43998 0
44005 0
44015 0
44041 0
44065 0
44072 0
44095 0
44174 0
44184 0
44191 0
44196 0
44228 0
44231 0
44242 0
44281 0
44296 0
44306 0
44367 0
44375 0
44420 0
44439 0
44460 0
44510 0
44533 0
44640 0
44692 0
44707 0
44711 0
44722 0
44737 0
44742 0
44808 0
44849 0
44850 0
44890 0
44898 0
44925 0
44931 0
44951 0
45009 0
45056 0
45061 0
45087 0
45124 0
45136 0
45143 0
45168 0
45185 0
45194 0
45214 0
45229 0
45243 0
45244 0
45276 0
45299 0
45306 0
45325 0
45355 0
45364 0
45374 0
45383 0
45407 0
45415 0
45442 0
45558 0
45604 0
45617 0
45629 0
45639 0
45647 0
45770 0
45787 0
45810 0
45824 0
45826 0
45836 0
45889 0
45895 0
45926 0
45963 0
45975 0
46011 0
46014 0
46078 0
46101 0
46108 0
46112 0
46120 0
46154 0
46159 0
46160 0
46179 0
46202 0
46294 0
46312 0
46320 0
46323 0
46356 0
46449 0
46450 0
46485 0
46489 0
46498 0
46564 0
46573 0
46584 0
46676 0
46680 0
46694 0
46734 0
46738 0
46749 0
46763 0
46764 0
46793 0
46822 0
46832 0
46847 0
46858 0
46859 0
46907 0
46939 0
46969 0
46974 0
46991 0
47000 0
47003 0
47043 0
47046 0
47048 0
47074 0
47081 0
47131 0
47132 0
47157 0
47171 0
47232 0
47243 0
47254 0
47262 0
47280 0
47286 0
47319 0
47388 0
47390 0
47392 0
47420 0
47445 0
47491 0
47492 0
47510 0
47537 0
47591 0
47606 0
47628 0
47649 0
47661 0
47773 0
47782 0
47857 0
47877 0
47882 0
47985 0
48005 0
48019 0
48025 0
48034 0
48035 0
48036 0
48047 0
48063 0
48092 0
48166 0
48170 0
48182 0
48285 0
48306 0
48379 0
48504 0
48507 0
48511 0
48523 0
48542 0
48582 0
48585 0
48640 0
48653 0
48663 0
48668 0
48724 0
48725 0
48742 0
48747 0
48758 0
48826 0
48827 0
48840 0
48844 0
48856 0
48859 0
48868 0
48891 0
48905 0
48933 0
48944 0
48973 0
48992 0
49016 0
49074 0
49137 0
49152 0
49172 0
49175 0
49256 0
49259 0
49297 0
49322 0
49406 0
49416 0
49425 0
49434 0
49444 0
49458 0
49460 0
49462 0
49475 0
49551 0
49565 0
49576 0
49615 0
49617 0
49624 0
49684 0
49723 0
49743 0
49761 0
49769 0
49773 0
49808 0
49830 0
49896 0
49903 0
49967 0
49972 0
49984 0
49991 0
31 1
65 1
121 1
141 1
150 1
203 1
216 1
247 1
274 1
277 1
278 1
307 1
309 1
318 1
319 1
324 1
400 1
401 1
414 1
421 1
429 1
452 1
468 1
479 1
504 1
543 1
553 1
564 1
570 1
582 1
631 1
673 1
686 1
828 1
844 1
879 1
890 1
906 1
929 1
937 1
942 1
952 1
996 1
1035 1
1041 1
1057 1
1167 1
1181 1
1272 1
1282 1
1342 1
1376 1
1430 1
1477 1
1508 1
1510 1
1522 1
1547 1
1614 1
1643 1
1665 1
1675 1
1687 1
1717 1
1728 1
1746 1
1768 1
1777 1
1783 1
1797 1
1815 1
1840 1
1893 1
1913 1
1914 1
1924 1
1938 1
1940 1
1944 1
1980 1
1987 1
2012 1
2064 1
2067 1
2096 1
2161 1
2181 1
2182 1
2184 1
2185 1
2231 1
2254 1
2255 1
2269 1
2307 1
2344 1
2345 1
2347 1
2366 1
2397 1
2439 1
2459 1
2483 1
2544 1
2586 1
2588 1
2607 1
2627 1
2636 1
2637 1
2689 1
2696 1
2698 1
2723 1
2748 1
2817 1
2846 1
2916 1
2942 1
2958 1
3079 1
3082 1
3096 1
3099 1
3115 1
3136 1
3163 1
3194 1
3219 1
3249 1
3264 1
3276 1
3318 1
3329 1
3371 1
3500 1
3540 1
3558 1
3584 1
3613 1
3637 1
3672 1
3703 1
3721 1
3725 1
3741 1
3769 1
3770 1
3856 1
3861 1
3905 1
3919 1
3923 1
3954 1
3973 1
3986 1
4000 1
4037 1
4039 1
4041 1
4076 1
4082 1
4083 1
4093 1
4103 1
4109 1
4130 1
4157 1
4167 1
4182 1
4281 1
4295 1
4316 1
4322 1
4360 1
4375 1
4377 1
4385 1
4422 1
4475 1
4520 1
4538 1
4545 1
4636 1
4725 1
4730 1
4731 1
4741 1
4758 1
4781 1
4783 1
4787 1
4828 1
4834 1
4839 1
4844 1
4914 1
4943 1
5003 1
5017 1
5057 1
5148 1
5197 1
5202 1
5233 1
5246 1
5259 1
5271 1
5328 1
5389 1
5407 1
5421 1
5434 1
5491 1
5563 1
5573 1
5574 1
5600 1
5607 1
5669 1
5703 1
5749 1
5784 1
5899 1
5922 1
5993 1
6054 1
6090 1
6101 1
6102 1
6123 1
6138 1
6193 1
6194 1
6213 1
6258 1
6260 1
6267 1
6290 1
6294 1
6310 1
6337 1
6344 1
6351 1
6354 1
6356 1
6357 1
6377 1
6384 1
6389 1
6491 1
6548 1
6551 1
6581 1
6627 1
6668 1
6684 1
6693 1
6701 1
6736 1
6804 1
6818 1
6827 1
6829 1
6836 1
6859 1
6896 1
6897 1
6898 1
6911 1
6926 1
6984 1
6996 1
7002 1
7005 1
7010 1
7082 1
7107 1
7142 1
7183 1
7229 1
7247 1
7257 1
7268 1
7279 1
7283 1
7294 1
7316 1
7318 1
7339 1
7370 1
7372 1
7382 1
7429 1
7443 1
7452 1
7503 1
7530 1
7540 1
7542 1
7550 1
7559 1
7583 1
7586 1
7600 1
7649 1
7698 1
7714 1
7717 1
7733 1
7753 1
7778 1
7784 1
7794 1
7800 1
7888 1
7949 1
7984 1
8044 1
8051 1
8070 1
8086 1
8091 1
8176 1
8177 1
8187 1
8196 1
8275 1
8285 1
8290 1
8298 1
8337 1
8362 1
8429 1
8434 1
8444 1
8448 1
8545 1
8566 1
8595 1
8601 1
8666 1
8680 1
8725 1
8750 1
8774 1
8825 1
8826 1
8841 1
8862 1
8876 1
8894 1
8944 1
8983 1
8997 1
9024 1
9033 1
9063 1
9065 1
9086 1
9131 1
9156 1
9158 1
9167 1
9179 1
9184 1
9198 1
9199 1
9261 1
9280 1
9287 1
9312 1
9334 1
9371 1
9403 1
9435 1
9440 1
9443 1
9467 1
9583 1
9606 1
9613 1
9614 1
9674 1
9708 1
9764 1
9789 1
9810 1
9846 1
9847 1
9849 1
9863 1
9878 1
9914 1
9942 1
9949 1
9950 1
10047 1
10050 1
10087 1
10158 1
10174 1
10199 1
10255 1
10269 1
10378 1
10397 1
10399 1
10400 1
10411 1
10412 1
10442 1
10464 1
10468 1
10472 1
10485 1
10533 1
10589 1
10651 1
10655 1
10677 1
10748 1
10788 1
10810 1
10819 1
10839 1
10851 1
10854 1
10895 1
10911 1
10940 1
10942 1
10945 1
10975 1
10981 1
11015 1
11040 1
11060 1
11119 1
11134 1
11141 1
11145 1
11167 1
11186 1
11243 1
11270 1
11301 1
11323 1
11392 1
11440 1
11464 1
11467 1
11471 1
11495 1
11527 1
11548 1
11549 1
11558 1
11560 1
11604 1
11611 1
11615 1
11636 1
11664 1
11752 1
11763 1
11800 1
11828 1
11834 1
11847 1
11857 1
11868 1
11920 1
11973 1
12000 1
12020 1
12042 1
12063 1
12065 1
12100 1
12113 1
12117 1
12119 1
12135 1
12140 1
12195 1
12226 1
12275 1
12352 1
12361 1
12365 1
12377 1
12396 1
12399 1
12400 1
12403 1
12435 1
12450 1
12475 1
12483 1
12496 1
12534 1
12543 1
12556 1
12558 1
12563 1
12578 1
12594 1
12625 1
12639 1
12648 1
12696 1
12720 1
12728 1
12766 1
12779 1
12834 1
12872 1
12875 1
12876 1
12882 1
12924 1
12937 1
12950 1
12985 1
12987 1
12991 1
12995 1
13055 1
13110 1
13138 1
13148 1
13161 1
13195 1
13201 1
13215 1
13224 1
13231 1
13279 1
13281 1
13299 1
13313 1
13338 1
13371 1
13396 1
13453 1
13463 1
13472 1
13495 1
13557 1
13600 1
13633 1
13652 1
13685 1
13704 1
13708 1
13717 1
13726 1
13747 1
13770 1
13802 1
13808 1
13810 1
13822 1
13846 1
13848 1
13868 1
13921 1
13946 1
13951 1
13961 1
14005 1
14009 1
14023 1
14036 1
14042 1
14051 1
14102 1
14111 1
14135 1
14194 1
14205 1
14250 1
14393 1
14410 1
14416 1
14447 1
14461 1
14474 1
14477 1
14535 1
14536 1
14537 1
14610 1
14670 1
14674 1
14698 1
14767 1
14777 1
14783 1
14924 1
14930 1
14939 1
14958 1
15012 1
15018 1
15088 1
15166 1
15233 1
15261 1
15275 1
15291 1
15301 1
15305 1
15323 1
15337 1
15338 1
15373 1
15375 1
15425 1
15475 1
15519 1
15530 1
15542 1
15547 1
15556 1
15571 1
15610 1
15641 1
15655 1
15734 1
15740 1
15746 1
15749 1
15770 1
15784 1
15800 1
15876 1
15939 1
15945 1
15946 1
15950 1
15983 1
16002 1
16018 1
16025 1
16030 1
16061 1
16066 1
16100 1
16114 1
16168 1
16187 1
16312 1
16350 1
16359 1
16398 1
16421 1
16435 1
16451 1
16484 1
16503 1
16538 1
16547 1
16653 1
16677 1
16708 1
16709 1
16748 1
16773 1
16809 1
16820 1
16892 1
16895 1
16904 1
16913 1
16936 1
16947 1
16960 1
16962 1
16965 1
17010 1
17017 1
17022 1
17060 1
17148 1
17184 1
17217 1
17228 1
17242 1
17276 1
17304 1
17339 1
17418 1
17430 1
17444 1
17457 1
17504 1
17512 1
17568 1
17618 1
17635 1
17667 1
17684 1
17708 1
17713 1
17750 1
17758 1
17764 1
17766 1
17768 1
17782 1
17866 1
17879 1
17882 1
17903 1
17913 1
17932 1
17959 1
18011 1
18020 1
18076 1
18090 1
18094 1
18123 1
18153 1
18196 1
18204 1
18229 1
18234 1
18248 1
18263 1
18273 1
18319 1
18394 1
18401 1
18410 1
18447 1
18503 1
18546 1
18615 1
18618 1
18626 1
18654 1
18667 1
18700 1
18701 1
18717 1
18761 1
18762 1
18842 1
18855 1
18878 1
18881 1
18886 1
18932 1
18945 1
18949 1
18951 1
18975 1
19003 1
19009 1
19048 1
19094 1
19106 1
19158 1
19162 1
19194 1
19224 1
19262 1
19291 1
19302 1
19386 1
19390 1
19397 1
19476 1
19485 1
19506 1
19570 1
19591 1
19622 1
19626 1
19647 1
19760 1
19763 1
19792 1
19806 1
19834 1
19838 1
19846 1
19853 1
19863 1
19891 1
19897 1
19899 1
19909 1
19939 1
19954 1
19984 1
20010 1
20014 1
20030 1
20064 1
20135 1
20142 1
20147 1
20164 1
20195 1
20198 1
20217 1
20229 1
20235 1
20241 1
20319 1
20375 1
20398 1
20458 1
20465 1
20477 1
20484 1
20574 1
20587 1
20591 1
20633 1
20658 1
20698 1
20701 1
20739 1
20759 1
20773 1
20784 1
20787 1
20824 1
20861 1
20879 1
20905 1
20907 1
20940 1
20941 1
21014 1
21057 1
21072 1
21076 1
21092 1
21114 1
21119 1
21159 1
21172 1
21211 1
21229 1
21272 1
21275 1
21290 1
21295 1
21300 1
21357 1
21473 1
21486 1
21487 1
21548 1
21566 1
21591 1
21663 1
21747 1
21797 1
21835 1
21870 1
21926 1
21934 1
21935 1
21979 1
22006 1
22022 1
22029 1
22061 1
22099 1
22193 1
22222 1
22294 1
22321 1
22325 1
22330 1
22339 1
22363 1
22376 1
22387 1
22388 1
22399 1
22443 1
22478 1
22485 1
22487 1
22517 1
22536 1
22538 1
22546 1
22657 1
22708 1
22711 1
22750 1
22759 1
22763 1
22796 1
22907 1
22957 1
22967 1
23017 1
23038 1
23094 1
23111 1
23149 1
23175 1
23186 1
23188 1
23203 1
23204 1
23281 1
23282 1
23290 1
23314 1
23330 1
23393 1
23413 1
23472 1
23476 1
23484 1
23492 1
23550 1
23572 1
23580 1
23619 1
23629 1
23642 1
23654 1
23657 1
23669 1
23684 1
23717 1
23727 1
23733 1
23777 1
23798 1
23812 1
23877 1
23890 1
23892 1
23926 1
23959 1
23969 1
23992 1
24012 1
24016 1
24033 1
24035 1
24059 1
24145 1
24149 1
24151 1
24174 1
24202 1
24239 1
24289 1
24290 1
24296 1
24301 1
24318 1
24329 1
24355 1
24365 1
24376 1
24406 1
24417 1
24436 1
24457 1
24467 1
24471 1
24523 1
24530 1
24550 1
24568 1
24616 1
24626 1
24645 1
24649 1
24667 1
24674 1
24688 1
24704 1
24718 1
24722 1
24730 1
24761 1
24770 1
24776 1
24896 1
24916 1
24963 1
24964 1
24965 1
25053 1
25066 1
25104 1
25105 1
25232 1
25241 1
25345 1
25346 1
25365 1
25427 1
25453 1
25458 1
25469 1
25507 1
25573 1
25630 1
25650 1
25654 1
25657 1
25678 1
25680 1
25684 1
25687 1
25714 1
25749 1
25761 1
25772 1
25783 1
25816 1
25820 1
25836 1
25859 1
25895 1
25929 1
25930 1
26020 1
26066 1
26091 1
26128 1
26133 1
26141 1
26157 1
26158 1
26197 1
26227 1
26233 1
26242 1
26260 1
26307 1
26334 1
26359 1
26371 1
26389 1
26392 1
26400 1
26412 1
26482 1
26491 1
26506 1
26510 1
26518 1
26540 1
26606 1
26623 1
26624 1
26644 1
26660 1
26698 1
26704 1
26718 1
26723 1
26729 1
26759 1
26787 1
26834 1
26955 1
26973 1
26977 1
26982 1
26987 1
26990 1
26992 1
27013 1
27017 1
27080 1
27083 1
27135 1
27138 1
27147 1
27170 1
27178 1
27235 1
27358 1
27371 1
27398 1
27422 1
27432 1
27462 1
27465 1
27484 1
27504 1
27513 1
27517 1
27535 1
27542 1
27576 1
27584 1
27586 1
27617 1
27651 1
27674 1
27705 1
27709 1
27711 1
27741 1
27783 1
27813 1
27872 1
27909 1
27911 1
27916 1
28009 1
28045 1
28135 1
28153 1
28157 1
28191 1
28217 1
28262 1
28297 1
28369 1
28424 1
28452 1
28463 1
28500 1
28542 1
28557 1
28580 1
28582 1
28585 1
28613 1
28629 1
28650 1
28654 1
28685 1
28694 1
28695 1
28715 1
28738 1
28816 1
28826 1
28861 1
28961 1
28981 1
28997 1
29010 1
29047 1
29095 1
29124 1
29125 1
29165 1
29166 1
29173 1
29243 1
29257 1
29294 1
29300 1
29311 1
29372 1
29447 1
29494 1
29497 1
29510 1
29570 1
29587 1
29598 1
29625 1
29635 1
29641 1
29660 1
29678 1
29693 1
29702 1
29723 1
29763 1
29784 1
29795 1
29813 1
29824 1
29851 1
29861 1
29876 1
29895 1
29918 1
29933 1
29941 1
29964 1
29970 1
29978 1
29991 1
29992 1
29995 1
30026 1
30053 1
30073 1
30080 1
30082 1
30085 1
30087 1
30125 1
30134 1
30140 1
30143 1
30223 1
30250 1
30252 1
30254 1
30258 1
30272 1
30302 1
30313 1
30329 1
30334 1
30364 1
30368 1
30401 1
30466 1
30492 1
30521 1
30523 1
30530 1
30539 1
30561 1
30573 1
30603 1
30659 1
30674 1
30718 1
30720 1
30728 1
30762 1
30767 1
30795 1
30803 1
30808 1
30851 1
30915 1
30925 1
30932 1
30943 1
30976 1
30988 1
30996 1
31006 1
31023 1
31041 1
31042 1
31047 1
31050 1
31054 1
31089 1
31107 1
31151 1
31156 1
31165 1
31174 1
31180 1
31190 1
31227 1
31240 1
31250 1
31258 1
31297 1
31316 1
31344 1
31347 1
31405 1
31475 1
31491 1
31497 1
31627 1
31644 1
31671 1
31733 1
31768 1
31772 1
31792 1
31818 1
31842 1
31861 1
31863 1
31865 1
31882 1
31889 1
31899 1
31911 1
31923 1
31971 1
32008 1
32041 1
32051 1
32057 1
32063 1
32072 1
32126 1
32152 1
32169 1
32191 1
32254 1
32255 1
32262 1
32326 1
32340 1
32436 1
32460 1
32478 1
32486 1
32513 1
32522 1
32581 1
32604 1
32607 1
32624 1
32651 1
32669 1
32733 1
32739 1
32759 1
32760 1
32839 1
32840 1
32844 1
32855 1
32877 1
32922 1
32951 1
33073 1
33083 1
33096 1
33125 1
33152 1
33172 1
33222 1
33250 1
33259 1
33272 1
33282 1
33306 1
33315 1
33331 1
33413 1
33476 1
33577 1
33600 1
33604 1
33640 1
33662 1
33674 1
33716 1
33723 1
33737 1
33764 1
33770 1
33810 1
33812 1
33839 1
33861 1
33942 1
33971 1
33992 1
34000 1
34016 1
34054 1
34102 1
34160 1
34166 1
34184 1
34292 1
34302 1
34303 1
34306 1
34335 1
34345 1
34367 1
34389 1
34472 1
34475 1
34476 1
34495 1
34505 1
34517 1
34527 1
34538 1
34553 1
34592 1
34594 1
34596 1
34600 1
34610 1
34631 1
34652 1
34663 1
34725 1
34729 1
34751 1
34767 1
34941 1
34982 1
34989 1
34991 1
35035 1
35052 1
35054 1
35068 1
35077 1
35140 1
35177 1
35256 1
35275 1
35279 1
35300 1
35305 1
35313 1
35319 1
35359 1
35397 1
35398 1
35431 1
35456 1
35458 1
35459 1
35550 1
35578 1
35588 1
35605 1
35676 1
35753 1
35858 1
35862 1
35867 1
35925 1
35971 1
35984 1
36018 1
36063 1
36098 1
36106 1
36109 1
36125 1
36144 1
36168 1
36193 1
36271 1
36372 1
36379 1
36400 1
36432 1
36442 1
36443 1
36473 1
36502 1
36507 1
36521 1
36535 1
36537 1
36554 1
36605 1
36621 1
36666 1
36680 1
36685 1
36719 1
36722 1
36728 1
36738 1
36756 1
36764 1
36769 1
36787 1
36796 1
36835 1
36837 1
36843 1
36870 1
36874 1
36919 1
36928 1
36966 1
36989 1
37040 1
37048 1
37112 1
37144 1
37179 1
37182 1
37215 1
37326 1
37340 1
37342 1
37382 1
37418 1
37431 1
37446 1
37464 1
37468 1
37626 1
37652 1
37657 1
37701 1
37725 1
37731 1
37742 1
37759 1
37790 1
37835 1
37854 1
37901 1
37905 1
37929 1
37939 1
37947 1
37995 1
38066 1
38083 1
38088 1
38095 1
38097 1
38143 1
38149 1
38185 1
38188 1
38201 1
38245 1
38267 1
38284 1
38315 1
38321 1
38341 1
38393 1
38401 1
38515 1
38566 1
38582 1
38599 1
38601 1
38623 1
38673 1
38699 1
38709 1
38741 1
38744 1
38754 1
38760 1
38787 1
38811 1
38833 1
38844 1
38869 1
38884 1
38894 1
38896 1
38911 1
38991 1
39026 1
39030 1
39035 1
39044 1
39109 1
39141 1
39163 1
39178 1
39196 1
39239 1
39257 1
39268 1
39287 1
39288 1
39307 1
39314 1
39348 1
39349 1
39353 1
39391 1
39456 1
39470 1
39479 1
39480 1
39494 1
39537 1
39547 1
39554 1
39632 1
39636 1
39637 1
39667 1
39672 1
39678 1
39698 1
39725 1
39745 1
39747 1
39760 1
39775 1
39792 1
39807 1
39838 1
39863 1
39929 1
39937 1
39949 1
39967 1
39988 1
39996 1
40042 1
40050 1
40111 1
40159 1
40167 1
40173 1
40190 1
40226 1
40254 1
40266 1
40273 1
40288 1
40348 1
40362 1
40396 1
40439 1
40502 1
40524 1
40532 1
40551 1
40565 1
40599 1
40626 1
40629 1
40649 1
40653 1
40662 1
40678 1
40679 1
40684 1
40721 1
40756 1
40780 1
40804 1
40849 1
40860 1
40898 1
40916 1
40928 1
40950 1
40951 1
41031 1
41038 1
41049 1
41171 1
41276 1
41313 1
41333 1
41345 1
41365 1
41389 1
41414 1
41418 1
41424 1
41464 1
41470 1
41476 1
41497 1
41508 1
41548 1
41549 1
41580 1
41608 1
41655 1
41697 1
41711 1
41718 1
41723 1
41742 1
41757 1
41762 1
41785 1
41823 1
41829 1
41834 1
41864 1
41994 1
42029 1
42031 1
42063 1
42085 1
42094 1
42122 1
42133 1
42162 1
42182 1
42189 1
42214 1
42238 1
42265 1
42269 1
42295 1
42311 1
42317 1
42334 1
42408 1
42438 1
42470 1
42482 1
42492 1
42515 1
42534 1
42539 1
42549 1
42563 1
42564 1
42607 1
42613 1
42634 1
42656 1
42666 1
42669 1
42702 1
42704 1
42718 1
42727 1
42749 1
42773 1
42799 1
42818 1
42862 1
42880 1
42899 1
42943 1
42967 1
42990 1
43012 1
43039 1
43072 1
43076 1
43128 1
43138 1
43209 1
43253 1
43289 1
43308 1
43323 1
43359 1
43402 1
43475 1
43488 1
43505 1
43508 1
43513 1
43636 1
43682 1
43688 1
43709 1
43718 1
43725 1
43739 1
43747 1
43749 1
43764 1
43850 1
43881 1
43884 1
43940 1
43962 1
43972 1
43990 1
43996 1
44053 1
44078 1
44094 1
44096 1
44111 1
44152 1
44249 1
44270 1
44278 1
44284 1
44288 1
44290 1
44315 1
44338 1
44407 1
44417 1
44499 1
44527 1
44538 1
44638 1
44684 1
44689 1
44693 1
44729 1
44736 1
44757 1
44774 1
44782 1
44796 1
44799 1
44832 1
44876 1
44886 1
44927 1
44934 1
44938 1
44952 1
44973 1
44983 1
45011 1
45075 1
45082 1
45174 1
45190 1
45219 1
45242 1
45246 1
45292 1
45295 1
45324 1
45372 1
45384 1
45441 1
45451 1
45470 1
45472 1
45480 1
45512 1
45557 1
45599 1
45610 1
45643 1
45672 1
45683 1
45702 1
45734 1
45761 1
45792 1
45894 1
45930 1
45955 1
45958 1
46020 1
46024 1
46027 1
46060 1
46103 1
46116 1
46135 1
46177 1
46186 1
46203 1
46227 1
46271 1
46326 1
46327 1
46340 1
46348 1
46366 1
46392 1
46407 1
46434 1
46443 1
46451 1
46508 1
46524 1
46532 1
46547 1
46576 1
46625 1
46634 1
46659 1
46718 1
46722 1
46739 1
46773 1
46782 1
46917 1
46932 1
46995 1
47005 1
47051 1
47056 1
47085 1
47100 1
47102 1
47108 1
47127 1
47143 1
47215 1
47240 1
47253 1
47264 1
47436 1
47512 1
47563 1
47564 1
47589 1
47604 1
47637 1
47659 1
47666 1
47692 1
47769 1
47777 1
47789 1
47803 1
47817 1
47851 1
47890 1
47923 1
47940 1
47991 1
47992 1
48043 1
48056 1
48115 1
48147 1
48186 1
48189 1
48233 1
48252 1
48270 1
48303 1
48309 1
48330 1
48363 1
48393 1
48404 1
48448 1
48520 1
48549 1
48555 1
48567 1
48586 1
48618 1
48623 1
48657 1
48703 1
48787 1
48800 1
48801 1
48824 1
48847 1
48848 1
48854 1
48882 1
48894 1
48907 1
48952 1
48972 1
49039 1
49103 1
49118 1
49149 1
49156 1
49186 1
49190 1
49252 1
49264 1
49266 1
49283 1
49293 1
49377 1
49387 1
49403 1
49459 1
49505 1
49515 1
49560 1
49584 1
49609 1
49612 1
49639 1
49646 1
49663 1
49669 1
49714 1
49734 1
49750 1
49760 1
49762 1
49770 1
49788 1
49799 1
49810 1
49832 1
49844 1
49855 1
49857 1
49869 1
49879 1
49883 1
49931 1
49942 1
49992 1
24 2
33 2
52 2
79 2
120 2
126 2
129 2
167 2
195 2
230 2
234 2
246 2
270 2
295 2
334 2
370 2
374 2
376 2
394 2
396 2
397 2
466 2
469 2
497 2
707 2
716 2
734 2
739 2
791 2
817 2
833 2
839 2
935 2
940 2
946 2
950 2
968 2
975 2
976 2
989 2
992 2
994 2
1034 2
1101 2
1121 2
1168 2
1213 2
1218 2
1243 2
1253 2
1306 2
1310 2
1364 2
1368 2
1399 2
1402 2
1404 2
1410 2
1459 2
1469 2
1492 2
1518 2
1549 2
1590 2
1606 2
1622 2
1632 2
1641 2
1651 2
1662 2
1701 2
1753 2
1758 2
1773 2
1779 2
1821 2
1829 2
1855 2
1870 2
1873 2
1904 2
1953 2
1954 2
1962 2
1963 2
1990 2
2000 2
2068 2
2131 2
2133 2
2138 2
2142 2
2153 2
2200 2
2208 2
2270 2
2280 2
2283 2
2292 2
2339 2
2359 2
2365 2
2375 2
2445 2
2471 2
2488 2
2509 2
2534 2
2548 2
2592 2
2596 2
2626 2
2672 2
2677 2
2692 2
2729 2
2814 2
2859 2
2860 2
2872 2
2888 2
2905 2
2956 2
2963 2
3053 2
3118 2
3120 2
3210 2
3212 2
3271 2
3273 2
3275 2
3310 2
3312 2
3328 2
3336 2
3374 2
3377 2
3403 2
3522 2
3536 2
3556 2
3597 2
3604 2
3639 2
3645 2
3677 2
3697 2
3700 2
3757 2
3828 2
3830 2
3835 2
3871 2
3895 2
3903 2
3912 2
3949 2
3950 2
3959 2
3971 2
3977 2
3994 2
4005 2
4029 2
4053 2
4070 2
4071 2
4098 2
4125 2
4148 2
4158 2
4159 2
4174 2
4191 2
4194 2
4209 2
4211 2
4219 2
4220 2
4233 2
4245 2
4292 2
4310 2
4312 2
4386 2
4423 2
4427 2
4451 2
4468 2
4492 2
4502 2
4517 2
4543 2
4632 2
4639 2
4648 2
4672 2
4683 2
4771 2
4802 2
4907 2
4925 2
4931 2
4939 2
4948 2
4950 2
4952 2
4962 2
4967 2
5016 2
5125 2
5153 2
5181 2
5182 2
5198 2
5208 2
5210 2
5226 2
5270 2
5287 2
5295 2
5320 2
5351 2
5392 2
5409 2
5467 2
5489 2
5502 2
5523 2
5538 2
5557 2
5604 2
5606 2
5627 2
5686 2
5694 2
5720 2
5728 2
5735 2
5863 2
5876 2
5879 2
5895 2
5929 2
5987 2
6008 2
6017 2
6088 2
6089 2
6136 2
6152 2
6155 2
6180 2
6190 2
6195 2
6204 2
6207 2
6214 2
6231 2
6252 2
6305 2
6328 2
6365 2
6386 2
6408 2
6430 2
6456 2
6460 2
6465 2
6529 2
6605 2
6651 2
6662 2
6702 2
6704 2
6728 2
6754 2
6763 2
6792 2
6806 2
6809 2
6838 2
6843 2
6876 2
6886 2
6893 2
6916 2
6928 2
6958 2
7012 2
7017 2
7019 2
7021 2
7041 2
7058 2
7073 2
7125 2
7148 2
7188 2
7212 2
7252 2
7304 2
7319 2
7322 2
7343 2
7354 2
7384 2
7391 2
7483 2
7492 2
7549 2
7561 2
7610 2
7631 2
7660 2
7669 2
7687 2
7711 2
7772 2
7783 2
7786 2
7792 2
7797 2
7868 2
7963 2
7983 2
8010 2
8026 2
8035 2
8093 2
8107 2
8125 2
8144 2
8154 2
8199 2
8225 2
8227 2
8335 2
8365 2
8408 2
8446 2
8450 2
8508 2
8533 2
8591 2
8649 2
8662 2
8676 2
8688 2
8693 2
8716 2
8747 2
8757 2
8764 2
8856 2
8877 2
8880 2
8882 2
8897 2
8901 2
8904 2
8925 2
8985 2
9001 2
9017 2
9081 2
9088 2
9126 2
9164 2
9201 2
9231 2
9273 2
9355 2
9368 2
9377 2
9392 2
9406 2
9436 2
9460 2
9497 2
9509 2
9515 2
9544 2
9571 2
9584 2
9622 2
9635 2
9650 2
9696 2
9710 2
9722 2
9772 2
9826 2
9834 2
9998 2
10020 2
10029 2
10035 2
10113 2
10132 2
10196 2
10247 2
10257 2
10266 2
10305 2
10326 2
10350 2
10357 2
10360 2
10366 2
10367 2
10407 2
10457 2
10480 2
10492 2
10495 2
10504 2
10507 2
10561 2
10578 2
10609 2
10662 2
10678 2
10679 2
10705 2
10706 2
10835 2
10888 2
10889 2
10918 2
10933 2
10939 2
10948 2
10997 2
11091 2
11131 2
11155 2
11166 2
11171 2
11177 2
11178 2
11212 2
11237 2
11277 2
11408 2
11433 2
11506 2
11519 2
11552 2
11602 2
11617 2
11689 2
11701 2
11741 2
11762 2
11773 2
11791 2
11807 2
11819 2
11825 2
11901 2
11906 2
11929 2
11969 2
12061 2
12139 2
12210 2
12225 2
12233 2
12252 2
12284 2
12294 2
12296 2
12308 2
12338 2
12346 2
12420 2
12432 2
12454 2
12484 2
12552 2
12572 2
12579 2
12603 2
12638 2
12692 2
12697 2
12703 2
12717 2
12797 2
12802 2
12836 2
12855 2
12867 2
12907 2
12923 2
12934 2
12939 2
12941 2
13037 2
13039 2
13094 2
13124 2
13128 2
13166 2
13185 2
13257 2
13291 2
13307 2
13400 2
13426 2
13428 2
13440 2
13445 2
13450 2
13460 2
13483 2
13501 2
13548 2
13556 2
13559 2
13566 2
13599 2
13614 2
13647 2
13684 2
13696 2
13698 2
13733 2
13736 2
13758 2
13801 2
13832 2
13894 2
13903 2
13929 2
13963 2
13980 2
13984 2
13993 2
14041 2
14044 2
14062 2
14109 2
14166 2
14172 2
14217 2
14275 2
14295 2
14315 2
14324 2
14377 2
14387 2
14429 2
14545 2
14556 2
14642 2
14648 2
14715 2
14755 2
14824 2
14879 2
14923 2
14934 2
15024 2
15058 2
15066 2
15115 2
15178 2
15182 2
15186 2
15200 2
15225 2
15231 2
15264 2
15270 2
15278 2
15306 2
15313 2
15347 2
15382 2
15458 2
15462 2
15481 2
15491 2
15493 2
15506 2
15512 2
15538 2
15555 2
15563 2
15576 2
15600 2
15614 2
15617 2
15677 2
15703 2
15755 2
15794 2
15842 2
15849 2
15862 2
15866 2
15908 2
15919 2
15923 2
15924 2
15977 2
16026 2
16082 2
16122 2
16159 2
16176 2
16208 2
16214 2
16224 2
16279 2
16289 2
16294 2
16356 2
16385 2
16410 2
16513 2
16514 2
16522 2
16530 2
16546 2
16612 2
16620 2
16636 2
16640 2
16681 2
16684 2
16695 2
16718 2
16725 2
16764 2
16768 2
16815 2
16856 2
16861 2
16875 2
16877 2
16884 2
16990 2
17005 2
17009 2
17014 2
17050 2
17073 2
17074 2
17151 2
17181 2
17189 2
17190 2
17195 2
17261 2
17273 2
17280 2
17281 2
17305 2
17318 2
17354 2
17356 2
17366 2
17380 2
17436 2
17449 2
17455 2
17458 2
17462 2
17485 2
17489 2
17551 2
17697 2
17701 2
17709 2
17780 2
17794 2
17823 2
17856 2
17869 2
17924 2
17948 2
17963 2
17974 2
17985 2
17992 2
17993 2
18035 2
18077 2
18087 2
18109 2
18202 2
18210 2
18271 2
18282 2
18332 2
18385 2
18386 2
18397 2
18415 2
18442 2
18470 2
18479 2
18515 2
18543 2
18553 2
18584 2
18591 2
18635 2
18650 2
18686 2
18754 2
18774 2
18781 2
18797 2
18805 2
18822 2
18840 2
18882 2
18942 2
18972 2
18976 2
18993 2
19007 2
19096 2
19122 2
19128 2
19130 2
19133 2
19163 2
19182 2
19189 2
19222 2
19268 2
19301 2
19309 2
19314 2
19333 2
19353 2
19382 2
19410 2
19441 2
19443 2
19453 2
19474 2
19501 2
19511 2
19530 2
19562 2
19566 2
19657 2
19658 2
19681 2
19686 2
19753 2
19766 2
19786 2
19797 2
19829 2
19837 2
19856 2
19902 2
20039 2
20073 2
20091 2
20112 2
20117 2
20127 2
20144 2
20168 2
20169 2
20199 2
20245 2
20254 2
20266 2
20296 2
20345 2
20355 2
20371 2
20460 2
20489 2
20510 2
20515 2
20537 2
20546 2
20548 2
20592 2
20660 2
20665 2
20717 2
20743 2
20834 2
20841 2
20862 2
20870 2
20935 2
20948 2
20976 2
21038 2
21066 2
21069 2
21104 2
21141 2
21166 2
21183 2
21184 2
21212 2
21262 2
21276 2
21278 2
21282 2
21317 2
21320 2
21342 2
21368 2
21376 2
21383 2
21426 2
21448 2
21457 2
21494 2
21507 2
21525 2
21560 2
21573 2
21579 2
21607 2
21610 2
21646 2
21707 2
21732 2
21767 2
21796 2
21804 2
21869 2
21898 2
21914 2
21928 2
21965 2
21973 2
22021 2
22091 2
22103 2
22134 2
22137 2
22142 2
22160 2
22219 2
22227 2
22233 2
22248 2
22260 2
22266 2
22270 2
22379 2
22394 2
22435 2
22457 2
22504 2
22509 2
22528 2
22530 2
22537 2
22549 2
22554 2
22562 2
22579 2
22580 2
22617 2
22626 2
22628 2
22633 2
22699 2
22710 2
22751 2
22758 2
22782 2
22924 2
22941 2
22973 2
23032 2
23061 2
23086 2
23088 2
23089 2
23114 2
23119 2
23124 2
23155 2
23213 2
23223 2
23235 2
23270 2
23302 2
23320 2
23359 2
23378 2
23453 2
23469 2
23485 2
23491 2
23519 2
23547 2
23552 2
23568 2
23576 2
23584 2
23591 2
23606 2
23607 2
23608 2
23614 2
23621 2
23702 2
23736 2
23743 2
23787 2
23796 2
23817 2
23868 2
23869 2
23886 2
23913 2
23941 2
23945 2
23963 2
24025 2
24027 2
24037 2
24114 2
24170 2
24171 2
24186 2
24187 2
24189 2
24210 2
24225 2
24228 2
24236 2
24272 2
24291 2
24295 2
24348 2
24349 2
24364 2
24400 2
24480 2
24500 2
24555 2
24574 2
24586 2
24592 2
24607 2
24644 2
24666 2
24686 2
24694 2
24701 2
24709 2
24806 2
24834 2
24847 2
24871 2
24886 2
24898 2
24910 2
24931 2
24932 2
24971 2
24983 2
24986 2
25016 2
25085 2
25118 2
25120 2
25142 2
25154 2
25193 2
25201 2
25208 2
25254 2
25272 2
25297 2
25317 2
25340 2
25354 2
25412 2
25417 2
25462 2
25498 2
25500 2
25533 2
25549 2
25629 2
25655 2
25672 2
25724 2
25726 2
25760 2
25821 2
25825 2
25840 2
25860 2
25885 2
25889 2
25907 2
25935 2
25943 2
25972 2
25973 2
25974 2
26043 2
26089 2
26100 2
26192 2
26199 2
26286 2
26288 2
26304 2
26306 2
26336 2
26339 2
26388 2
26398 2
26478 2
26481 2
26563 2
26567 2
26628 2
26630 2
26631 2
26633 2
26683 2
26693 2
26700 2
26728 2
26734 2
26753 2
26760 2
26803 2
26804 2
26805 2
26820 2
26836 2
26857 2
26861 2
26890 2
26911 2
26930 2
26939 2
26941 2
26946 2
26974 2
26995 2
27008 2
27015 2
27032 2
27062 2
27072 2
27086 2
27090 2
27105 2
27112 2
27124 2
27136 2
27143 2
27176 2
27224 2
27228 2
27239 2
27351 2
27379 2
27443 2
27453 2
27523 2
27524 2
27527 2
27545 2
27550 2
27565 2
27609 2
27622 2
27645 2
27648 2
27677 2
27678 2
27685 2
27763 2
27799 2
27841 2
27868 2
27895 2
27913 2
27925 2
27948 2
27960 2
27968 2
27970 2
27993 2
28004 2
28016 2
28035 2
28041 2
28051 2
28077 2
28120 2
28138 2
28156 2
28167 2
28171 2
28182 2
28189 2
28198 2
28204 2
28237 2
28257 2
28267 2
28308 2
28348 2
28350 2
28370 2
28390 2
28398 2
28422 2
28459 2
28479 2
28480 2
28587 2
28617 2
28701 2
28810 2
28842 2
28846 2
28853 2
28892 2
28905 2
28910 2
28980 2
29009 2
29041 2
29068 2
29071 2
29087 2
29104 2
29127 2
29164 2
29255 2
29268 2
29271 2
29280 2
29310 2
29321 2
29337 2
29378 2
29382 2
29463 2
29468 2
29477 2
29503 2
29511 2
29518 2
29552 2
29567 2
29569 2
29628 2
29630 2
29653 2
29692 2
29694 2
29705 2
29754 2
29853 2
29868 2
29943 2
29945 2
29960 2
30001 2
30027 2
30051 2
30078 2
30129 2
30137 2
30193 2
30201 2
30260 2
30381 2
30399 2
30420 2
30433 2
30489 2
30503 2
30525 2
30540 2
30553 2
30556 2
30559 2
30562 2
30673 2
30679 2
30683 2
30688 2
30696 2
30737 2
30758 2
30828 2
30856 2
30901 2
30918 2
30941 2
30958 2
30985 2
31004 2
31009 2
31040 2
31137 2
31204 2
31219 2
31237 2
31245 2
31253 2
31284 2
31294 2
31295 2
31322 2
31328 2
31373 2
31380 2
31390 2
31428 2
31439 2
31480 2
31523 2
31527 2
31533 2
31607 2
31613 2
31614 2
31619 2
31626 2
31636 2
31663 2
31666 2
31678 2
31681 2
31698 2
31737 2
31775 2
31776 2
31811 2
31812 2
31829 2
31885 2
31942 2
31963 2
31979 2
31992 2
31994 2
32067 2
32071 2
32080 2
32096 2
32112 2
32140 2
32201 2
32237 2
32247 2
32274 2
32278 2
32286 2
32321 2
32322 2
32329 2
32351 2
32412 2
32424 2
32441 2
32481 2
32519 2
32527 2
32541 2
32548 2
32699 2
32706 2
32716 2
32730 2
32752 2
32776 2
32780 2
32788 2
32851 2
32906 2
32964 2
32977 2
32989 2
33030 2
33055 2
33128 2
33140 2
33147 2
33157 2
33160 2
33188 2
33212 2
33221 2
33223 2
33227 2
33255 2
33269 2
33273 2
33357 2
33358 2
33362 2
33376 2
33393 2
33397 2
33424 2
33440 2
33442 2
33458 2
33494 2
33500 2
33502 2
33506 2
33515 2
33531 2
33567 2
33605 2
33667 2
33681 2
33692 2
33728 2
33743 2
33744 2
33754 2
33769 2
33836 2
33843 2
33859 2
33904 2
33914 2
33976 2
33981 2
33983 2
34003 2
34007 2
34014 2
34017 2
34047 2
34085 2
34100 2
34146 2
34202 2
34259 2
34262 2
34273 2
34283 2
34312 2
34315 2
34321 2
34362 2
34370 2
34379 2
34392 2
34399 2
34427 2
34441 2
34457 2
34459 2
34494 2
34497 2
34529 2
34531 2
34575 2
34599 2
34605 2
34630 2
34742 2
34753 2
34769 2
34805 2
34811 2
34812 2
34879 2
34893 2
34927 2
34988 2
34993 2
35024 2
35028 2
35071 2
35114 2
35115 2
35131 2
35157 2
35164 2
35190 2
35194 2
35252 2
35297 2
35298 2
35312 2
35322 2
35347 2
35392 2
35394 2
35411 2
35428 2
35463 2
35498 2
35530 2
35545 2
35555 2
35563 2
35584 2
35608 2
35617 2
35621 2
35633 2
35650 2
35671 2
35687 2
35713 2
35734 2
35745 2
35755 2
35793 2
35914 2
35929 2
35939 2
35987 2
35988 2
35992 2
36002 2
36003 2
36025 2
36055 2
36057 2
36090 2
36183 2
36199 2
36222 2
36226 2
36235 2
36261 2
36274 2
36308 2
36323 2
36446 2
36462 2
36467 2
36482 2
36494 2
36519 2
36520 2
36592 2
36594 2
36600 2
36604 2
36643 2
36677 2
36705 2
36729 2
36735 2
36802 2
36834 2
36840 2
36850 2
36914 2
36917 2
36925 2
36926 2
36952 2
36961 2
36996 2
37017 2
37064 2
37102 2
37126 2
37142 2
37196 2
37278 2
37345 2
37385 2
37406 2
37422 2
37474 2
37498 2
37503 2
37532 2
37562 2
37612 2
37647 2
37698 2
37706 2
37716 2
37753 2
37812 2
37824 2
37834 2
37868 2
37928 2
37959 2
38007 2
38037 2
38054 2
38116 2
38123 2
38148 2
38176 2
38187 2
38204 2
38224 2
38226 2
38242 2
38295 2
38297 2
38303 2
38308 2
38343 2
38389 2
38402 2
38404 2
38412 2
38416 2
38422 2
38474 2
38500 2
38510 2
38536 2
38541 2
38546 2
38564 2
38592 2
38669 2
38670 2
38676 2
38705 2
38748 2
38751 2
38793 2
38802 2
38808 2
38820 2
38823 2
38890 2
38965 2
38984 2
39012 2
39040 2
39045 2
39060 2
39064 2
39073 2
39097 2
39098 2
39106 2
39142 2
39182 2
39192 2
39210 2
39212 2
39219 2
39251 2
39252 2
39279 2
39334 2
39380 2
39400 2
39486 2
39495 2
39524 2
39561 2
39571 2
39596 2
39682 2
39688 2
39707 2
39709 2
39717 2
39729 2
39779 2
39877 2
39893 2
39956 2
39962 2
39982 2
39984 2
40014 2
40028 2
40031 2
40037 2
40043 2
40064 2
40092 2
40169 2
40187 2
40216 2
40223 2
40295 2
40319 2
40408 2
40435 2
40447 2
40449 2
40479 2
40539 2
40580 2
40602 2
40605 2
40711 2
40724 2
40765 2
40777 2
40779 2
40814 2
40882 2
40907 2
40913 2
41020 2
41046 2
41058 2
41072 2
41097 2
41202 2
41204 2
41242 2
41251 2
41270 2
41272 2
41293 2
41314 2
41322 2
41349 2
41372 2
41423 2
41465 2
41525 2
41529 2
41579 2
41602 2
41632 2
41643 2
41656 2
41672 2
41695 2
41710 2
41726 2
41811 2
41831 2
41835 2
41857 2
41901 2
41962 2
41969 2
41980 2
42002 2
42011 2
42040 2
42096 2
42115 2
42139 2
42152 2
42176 2
42219 2
42248 2
42259 2
42300 2
42303 2
42310 2
42316 2
42333 2
42373 2
42388 2
42396 2
42397 2
42402 2
42481 2
42532 2
42571 2
42577 2
42581 2
42595 2
42615 2
42628 2
42633 2
42680 2
42732 2
42754 2
42769 2
42798 2
42827 2
42860 2
42867 2
42921 2
42942 2
42949 2
42963 2
42975 2
42982 2
43005 2
43026 2
43045 2
43058 2
43092 2
43143 2
43151 2
43165 2
43254 2
43267 2
43275 2
43296 2
43302 2
43333 2
43352 2
43362 2
43389 2
43392 2
43395 2
43421 2
43446 2
43455 2
43479 2
43485 2
43492 2
43506 2
43561 2
43578 2
43613 2
43626 2
43654 2
43696 2
43759 2
43768 2
43804 2
43810 2
43822 2
43827 2
43831 2
43833 2
43837 2
43869 2
43895 2
43907 2
43932 2
43980 2
44014 2
44017 2
44034 2
44037 2
44106 2
44148 2
44194 2
44230 2
44239 2
44277 2
44280 2
44305 2
44312 2
44313 2
44320 2
44340 2
44436 2
44446 2
44473 2
44475 2
44518 2
44530 2
44563 2
44575 2
44624 2
44667 2
44682 2
44694 2
44708 2
44719 2
44731 2
44759 2
44771 2
44772 2
44773 2
44813 2
44823 2
44831 2
44841 2
44867 2
44875 2
44880 2
44919 2
44971 2
44980 2
45008 2
45015 2
45044 2
45093 2
45101 2
45139 2
45158 2
45234 2
45290 2
45307 2
45331 2
45362 2
45378 2
45424 2
45434 2
45466 2
45492 2
45553 2
45632 2
45651 2
45679 2
45709 2
45728 2
45756 2
45768 2
45773 2
45833 2
45835 2
45838 2
45839 2
45890 2
45893 2
45896 2
45909 2
45943 2
45960 2
45972 2
45977 2
46032 2
46067 2
46073 2
46109 2
46158 2
46161 2
46248 2
46249 2
46261 2
46278 2
46301 2
46353 2
46382 2
46396 2
46397 2
46403 2
46419 2
46453 2
46456 2
46457 2
46465 2
46502 2
46507 2
46601 2
46627 2
46636 2
46642 2
46670 2
46733 2
46753 2
46762 2
46769 2
46791 2
46798 2
46816 2
46844 2
46861 2
46893 2
46958 2
46986 2
47026 2
47123 2
47133 2
47154 2
47159 2
47179 2
47198 2
47222 2
47239 2
47267 2
47292 2
47322 2
47343 2
47348 2
47368 2
47393 2
47412 2
47421 2
47470 2
47497 2
47508 2
47509 2
47536 2
47617 2
47642 2
47718 2
47760 2
47805 2
47900 2
47925 2
47938 2
47953 2
47980 2
48023 2
48026 2
48090 2
48114 2
48153 2
48160 2
48164 2
48188 2
48198 2
48201 2
48203 2
48224 2
48243 2
48266 2
48322 2
48328 2
48334 2
48343 2
48349 2
48418 2
48443 2
48466 2
48469 2
48496 2
48508 2
48524 2
48557 2
48588 2
48590 2
48601 2
48652 2
48676 2
48678 2
48682 2
48695 2
48702 2
48708 2
48776 2
48814 2
48815 2
48892 2
48927 2
48930 2
48946 2
48967 2
49001 2
49011 2
49017 2
49025 2
49027 2
49054 2
49083 2
49121 2
49138 2
49159 2
49161 2
49165 2
49189 2
49195 2
49199 2
49238 2
49245 2
49336 2
49338 2
49350 2
49368 2
49389 2
49394 2
49414 2
49433 2
49445 2
49461 2
49469 2
49486 2
49497 2
49592 2
49622 2
49636 2
49712 2
49727 2
49747 2
49763 2
49779 2
49780 2
49805 2
49807 2
49828 2
49835 2
49854 2
49862 2
49885 2
49890 2
49904 2
49919 2
49936 2
49945 2
19 3
105 3
163 3
170 3
212 3
237 3
282 3
285 3
291 3
323 3
358 3
371 3
387 3
424 3
447 3
448 3
471 3
477 3
487 3
542 3
557 3
562 3
597 3
610 3
636 3
637 3
647 3
671 3
703 3
724 3
726 3
738 3
750 3
758 3
771 3
785 3
793 3
843 3
845 3
865 3
878 3
900 3
974 3
1038 3
1045 3
1050 3
1052 3
1074 3
1094 3
1134 3
1155 3
1170 3
1197 3
1198 3
1203 3
1207 3
1211 3
1237 3
1297 3
1304 3
1337 3
1356 3
1357 3
1358 3
1359 3
1428 3
1434 3
1445 3
1451 3
1490 3
1494 3
1499 3
1509 3
1517 3
1527 3
1561 3
1567 3
1570 3
1571 3
1617 3
1716 3
1732 3
1750 3
1751 3
1761 3
1795 3
1802 3
1806 3
1843 3
1861 3
1900 3
1930 3
1935 3
1976 3
1981 3
2020 3
2047 3
2168 3
2191 3
2224 3
2291 3
2383 3
2406 3
2437 3
2438 3
2446 3
2455 3
2525 3
2532 3
2537 3
2567 3
2576 3
2605 3
2609 3
2610 3
2623 3
2633 3
2648 3
2659 3
2675 3
2683 3
2688 3
2717 3
2718 3
2742 3
2768 3
2783 3
2885 3
2911 3
2968 3
2974 3
2996 3
3009 3
3039 3
3041 3
3084 3
3085 3
3125 3
3162 3
3182 3
3214 3
3248 3
3257 3
3269 3
3283 3
3316 3
3376 3
3410 3
3435 3
3448 3
3451 3
3462 3
3489 3
3514 3
3515 3
3518 3
3526 3
3557 3
3581 3
3610 3
3617 3
3621 3
3674 3
3732 3
3734 3
3844 3
3868 3
3880 3
3881 3
3911 3
3987 3
3991 3
4090 3
4121 3
4139 3
4248 3
4257 3
4262 3
4285 3
4306 3
4331 3
4347 3
4372 3
4421 3
4444 3
4457 3
4471 3
4479 3
4499 3
4596 3
4631 3
4664 3
4684 3
4692 3
4733 3
4761 3
4767 3
4779 3
4785 3
4833 3
4869 3
4921 3
4924 3
4993 3
5036 3
5051 3
5108 3
5155 3
5163 3
5189 3
5190 3
5247 3
5285 3
5291 3
5304 3
5330 3
5352 3
5386 3
5465 3
5500 3
5532 3
5558 3
5643 3
5693 3
5701 3
5710 3
5712 3
5731 3
5782 3
5826 3
5834 3
5890 3
5896 3
5911 3
5975 3
5977 3
6004 3
6006 3
6035 3
6082 3
6104 3
6145 3
6146 3
6150 3
6192 3
6208 3
6251 3
6288 3
6292 3
6314 3
6324 3
6376 3
6409 3
6424 3
6490 3
6504 3
6519 3
6524 3
6540 3
6544 3
6561 3
6574 3
6623 3
6624 3
6632 3
6759 3
6834 3
6835 3
6867 3
6870 3
6895 3
6906 3
6913 3
6939 3
6951 3
6955 3
6959 3
7003 3
7029 3
7116 3
7124 3
7136 3
7224 3
7239 3
7278 3
7296 3
7323 3
7337 3
7352 3
7394 3
7398 3
7424 3
7474 3
7547 3
7558 3
7615 3
7632 3
7646 3
7651 3
7662 3
7680 3
7834 3
7845 3
7864 3
7887 3
7899 3
7920 3
7927 3
7931 3
7940 3
8000 3
8001 3
8003 3
8024 3
8066 3
8136 3
8148 3
8159 3
8221 3
8241 3
8301 3
8361 3
8374 3
8394 3
8435 3
8436 3
8457 3
8458 3
8513 3
8520 3
8527 3
8542 3
8590 3
8616 3
8621 3
8644 3
8647 3
8660 3
8709 3
8723 3
8733 3
8761 3
8773 3
8838 3
8849 3
8878 3
8883 3
8910 3
8971 3
8976 3
8978 3
9004 3
9018 3
9025 3
9062 3
9083 3
9138 3
9148 3
9203 3
9207 3
9233 3
9343 3
9382 3
9439 3
9505 3
9508 3
9524 3
9589 3
9599 3
9638 3
9666 3
9679 3
9778 3
9786 3
9808 3
9812 3
9857 3
9905 3
9945 3
9960 3
9969 3
9984 3
9987 3
10002 3
10017 3
10022 3
10045 3
10066 3
10068 3
10085 3
10102 3
10103 3
10109 3
10130 3
10152 3
10220 3
10226 3
10239 3
10254 3
10268 3
10279 3
10283 3
10352 3
10364 3
10369 3
10390 3
10391 3
10405 3
10446 3
10453 3
10455 3
10567 3
10573 3
10591 3
10603 3
10623 3
10641 3
10660 3
10676 3
10683 3
10685 3
10691 3
10724 3
10753 3
10755 3
10764 3
10813 3
10832 3
10926 3
10953 3
10964 3
11022 3
11051 3
11082 3
11093 3
11094 3
11181 3
11223 3
11225 3
11244 3
11292 3
11305 3
11307 3
11308 3
11331 3
11342 3
11388 3
11421 3
11422 3
11461 3
11498 3
11542 3
11576 3
11587 3
11612 3
11613 3
11621 3
11658 3
11676 3
11704 3
11705 3
11759 3
11808 3
11820 3
11860 3
11884 3
11897 3
11907 3
11938 3
11940 3
11950 3
11954 3
11959 3
12025 3
12044 3
12098 3
12116 3
12127 3
12164 3
12168 3
12171 3
12214 3
12223 3
12247 3
12263 3
12295 3
12317 3
12355 3
12385 3
12393 3
12402 3
12436 3
12443 3
12464 3
12529 3
12540 3
12632 3
12633 3
12670 3
12672 3
12698 3
12714 3
12721 3
12738 3
12758 3
12821 3
12841 3
12868 3
12871 3
12900 3
12951 3
12997 3
13023 3
13036 3
13041 3
13073 3
13086 3
13088 3
13102 3
13105 3
13117 3
13137 3
13139 3
13191 3
13218 3
13223 3
13239 3
13271 3
13288 3
13323 3
13339 3
13393 3
13397 3
13415 3
13425 3
13434 3
13447 3
13459 3
13491 3
13527 3
13535 3
13541 3
13552 3
13555 3
13570 3
13583 3
13618 3
13658 3
13691 3
13699 3
13806 3
13852 3
13862 3
13901 3
13904 3
13930 3
13970 3
14014 3
14025 3
14031 3
14090 3
14094 3
14106 3
14136 3
14151 3
14220 3
14223 3
14291 3
14300 3
14313 3
14363 3
14368 3
14374 3
14376 3
14392 3
14394 3
14444 3
14446 3
14448 3
14476 3
14493 3
14522 3
14544 3
14663 3
14681 3
14710 3
14711 3
14723 3
14735 3
14739 3
14757 3
14799 3
14835 3
14862 3
14866 3
14874 3
14908 3
14917 3
14951 3
15027 3
15036 3
15102 3
15125 3
15152 3
15172 3
15194 3
15220 3
15288 3
15332 3
15356 3
15357 3
15386 3
15405 3
15407 3
15418 3
15434 3
15463 3
15507 3
15510 3
15514 3
15534 3
15554 3
15621 3
15647 3
15662 3
15666 3
15671 3
15682 3
15688 3
15760 3
15796 3
15903 3
15918 3
15930 3
15934 3
15955 3
15963 3
15969 3
16014 3
16043 3
16050 3
16094 3
16115 3
16128 3
16132 3
16135 3
16158 3
16179 3
16181 3
16186 3
16246 3
16339 3
16378 3
16447 3
16462 3
16495 3
16525 3
16536 3
16537 3
16545 3
16580 3
16627 3
16632 3
16644 3
16655 3
16688 3
16740 3
16769 3
16785 3
16789 3
16797 3
16810 3
16823 3
16852 3
16880 3
16899 3
17048 3
17051 3
17095 3
17097 3
17155 3
17158 3
17162 3
17193 3
17209 3
17235 3
17268 3
17299 3
17373 3
17387 3
17389 3
17432 3
17456 3
17488 3
17513 3
17518 3
17519 3
17525 3
17560 3
17609 3
17611 3
17655 3
17658 3
17659 3
17674 3
17704 3
17722 3
17739 3
17742 3
17753 3
17765 3
17847 3
17853 3
17858 3
17888 3
17898 3
17909 3
17917 3
17927 3
17939 3
17940 3
17941 3
18017 3
18036 3
18054 3
18149 3
18215 3
18219 3
18305 3
18323 3
18337 3
18360 3
18377 3
18416 3
18417 3
18423 3
18471 3
18474 3
18488 3
18624 3
18625 3
18662 3
18690 3
18702 3
18725 3
18763 3
18772 3
18814 3
18927 3
18934 3
18943 3
18958 3
18991 3
19002 3
19028 3
19050 3
19067 3
19070 3
19084 3
19108 3
19113 3
19117 3
19136 3
19143 3
19198 3
19203 3
19209 3
19236 3
19238 3
19263 3
19266 3
19275 3
19279 3
19295 3
19311 3
19323 3
19337 3
19349 3
19351 3
19377 3
19427 3
19432 3
19435 3
19440 3
19451 3
19499 3
19507 3
19554 3
19579 3
19581 3
19605 3
19619 3
19633 3
19650 3
19653 3
19721 3
19735 3
19796 3
19798 3
19815 3
19841 3
19843 3
19881 3
19904 3
19962 3
19991 3
19992 3
20019 3
20029 3
20050 3
20057 3
20066 3
20084 3
20166 3
20181 3
20249 3
20255 3
20277 3
20286 3
20294 3
20309 3
20317 3
20322 3
20327 3
20335 3
20361 3
20365 3
20393 3
20492 3
20494 3
20499 3
20502 3
20511 3
20512 3
20513 3
20557 3
20567 3
20599 3
20637 3
20667 3
20673 3
20713 3
20716 3
20724 3
20741 3
20752 3
20780 3
20800 3
20850 3
20933 3
20957 3
21005 3
21031 3
21099 3
21128 3
21135 3
21227 3
21267 3
21269 3
21349 3
21396 3
21406 3
21441 3
21453 3
21475 3
21489 3
21515 3
21518 3
21570 3
21575 3
21622 3
21651 3
21680 3
21681 3
21790 3
21836 3
21838 3
21848 3
21911 3
21919 3
21978 3
21984 3
21986 3
22042 3
22043 3
22094 3
22108 3
22111 3
22209 3
22247 3
22263 3
22273 3
22288 3
22313 3
22354 3
22370 3
22373 3
22375 3
22389 3
22400 3
22465 3
22495 3
22505 3
22531 3
22581 3
22645 3
22695 3
22715 3
22753 3
22754 3
22768 3
22776 3
22833 3
22881 3
22915 3
22943 3
22964 3
23066 3
23092 3
23099 3
23110 3
23113 3
23129 3
23201 3
23228 3
23241 3
23272 3
23275 3
23278 3
23334 3
23339 3
23468 3
23473 3
23480 3
23488 3
23531 3
23560 3
23562 3
23590 3
23602 3
23611 3
23615 3
23628 3
23645 3
23647 3
23688 3
23690 3
23705 3
23719 3
23808 3
23834 3
23881 3
23896 3
23899 3
23908 3
23981 3
23997 3
24008 3
24019 3
24043 3
24072 3
24073 3
24084 3
24092 3
24100 3
24103 3
24123 3
24179 3
24195 3
24249 3
24308 3
24354 3
24366 3
24369 3
24378 3
24399 3
24409 3
24437 3
24464 3
24484 3
24502 3
24517 3
24581 3
24585 3
24594 3
24600 3
24606 3
24614 3
24697 3
24706 3
24707 3
24714 3
24717 3
24745 3
24775 3
24779 3
24782 3
24791 3
24814 3
24832 3
24836 3
24854 3
24905 3
24918 3
24953 3
24993 3
25044 3
25067 3
25186 3
25219 3
25275 3
25281 3
25313 3
25374 3
25377 3
25388 3
25399 3
25415 3
25432 3
25459 3
25492 3
25505 3
25506 3
25528 3
25541 3
25556 3
25635 3
25651 3
25685 3
25723 3
25741 3
25800 3
25810 3
25812 3
25831 3
25858 3
25878 3
25882 3
25894 3
25952 3
25968 3
26003 3
26015 3
26035 3
26052 3
26073 3
26074 3
26111 3
26115 3
26140 3
26216 3
26237 3
26238 3
26265 3
26297 3
26331 3
26341 3
26357 3
26395 3
26428 3
26461 3
26543 3
26551 3
26559 3
26560 3
26634 3
26639 3
26669 3
26688 3
26746 3
26749 3
26767 3
26792 3
26810 3
26837 3
26840 3
26846 3
26858 3
26874 3
26878 3
26913 3
26928 3
26978 3
26979 3
26997 3
27006 3
27049 3
27092 3
27094 3
27108 3
27159 3
27163 3
27164 3
27210 3
27213 3
27229 3
27246 3
27265 3
27286 3
27306 3
27361 3
27410 3
27420 3
27427 3
27466 3
27482 3
27489 3
27519 3
27521 3
27525 3
27532 3
27594 3
27626 3
27637 3
27668 3
27686 3
27702 3
27734 3
27747 3
27761 3
27768 3
27791 3
27812 3
27824 3
27845 3
27846 3
27935 3
27954 3
28002 3
28037 3
28141 3
28190 3
28208 3
28214 3
28229 3
28232 3
28238 3
28251 3
28279 3
28337 3
28568 3
28596 3
28620 3
28658 3
28666 3
28689 3
28703 3
28716 3
28731 3
28802 3
28831 3
28835 3
28879 3
28912 3
28977 3
29002 3
29007 3
29023 3
29024 3
29032 3
29035 3
29048 3
29080 3
29086 3
29130 3
29151 3
29179 3
29207 3
29270 3
29281 3
29312 3
29314 3
29327 3
29353 3
29374 3
29383 3
29400 3
29412 3
29425 3
29473 3
29481 3
29498 3
29524 3
29535 3
29543 3
29609 3
29633 3
29639 3
29651 3
29654 3
29682 3
29691 3
29709 3
29737 3
29739 3
29804 3
29835 3
29897 3
29907 3
29956 3
29958 3
29961 3
29963 3
30007 3
30041 3
30066 3
30079 3
30113 3
30142 3
30167 3
30181 3
30204 3
30212 3
30229 3
30274 3
30285 3
30291 3
30380 3
30444 3
30447 3
30478 3
30552 3
30558 3
30580 3
30599 3
30608 3
30649 3
30650 3
30680 3
30686 3
30712 3
30752 3
30754 3
30783 3
30794 3
30806 3
30813 3
30830 3
30895 3
30910 3
30973 3
30997 3
31076 3
31079 3
31092 3
31141 3
31143 3
31145 3
31161 3
31229 3
31241 3
31255 3
31262 3
31290 3
31310 3
31337 3
31365 3
31367 3
31369 3
31385 3
31388 3
31411 3
31438 3
31458 3
31464 3
31465 3
31466 3
31468 3
31490 3
31493 3
31496 3
31506 3
31538 3
31625 3
31677 3
31697 3
31715 3
31822 3
31840 3
31856 3
31859 3
31870 3
31910 3
31916 3
31928 3
31930 3
31932 3
31933 3
31952 3
31953 3
32000 3
32032 3
32109 3
32122 3
32130 3
32134 3
32154 3
32159 3
32179 3
32306 3
32408 3
32437 3
32449 3
32533 3
32542 3
32546 3
32547 3
32563 3
32590 3
32635 3
32642 3
32659 3
32677 3
32688 3
32710 3
32726 3
32749 3
32758 3
32787 3
32798 3
32866 3
32873 3
32874 3
32886 3
32943 3
32967 3
33017 3
33056 3
33059 3
33065 3
33108 3
33126 3
33190 3
33209 3
33313 3
33317 3
33337 3
33350 3
33372 3
33373 3
33382 3
33390 3
33394 3
33404 3
33419 3
33453 3
33463 3
33477 3
33542 3
33560 3
33583 3
33625 3
33652 3
33669 3
33686 3
33747 3
33774 3
33797 3
33806 3
33807 3
33828 3
33838 3
33868 3
33871 3
33897 3
33921 3
33995 3
34002 3
34019 3
34069 3
34083 3
34098 3
34116 3
34159 3
34220 3
34256 3
34286 3
34297 3
34317 3
34329 3
34352 3
34371 3
34468 3
34507 3
34525 3
34534 3
34560 3
34561 3
34569 3
34574 3
34579 3
34598 3
34653 3
34655 3
34720 3
34747 3
34755 3
34795 3
34797 3
34833 3
34841 3
34854 3
34865 3
34915 3
34947 3
34950 3
34974 3
34983 3
35009 3
35079 3
35128 3
35135 3
35237 3
35241 3
35272 3
35288 3
35363 3
35413 3
35416 3
35489 3
35517 3
35526 3
35625 3
35644 3
35649 3
35695 3
35776 3
35784 3
35798 3
35837 3
35877 3
35887 3
35898 3
35902 3
35990 3
36047 3
36078 3
36081 3
36085 3
36129 3
36149 3
36164 3
36192 3
36224 3
36258 3
36269 3
36316 3
36336 3
36339 3
36392 3
36449 3
36471 3
36475 3
36498 3
36513 3
36561 3
36603 3
36610 3
36613 3
36623 3
36628 3
36730 3
36825 3
36903 3
36947 3
37013 3
37027 3
37029 3
37035 3
37068 3
37081 3
37108 3
37118 3
37131 3
37164 3
37167 3
37206 3
37310 3
37367 3
37368 3
37379 3
37415 3
37482 3
37585 3
37662 3
37678 3
37680 3
37682 3
37689 3
37709 3
37713 3
37723 3
37765 3
37813 3
37852 3
37869 3
37943 3
37951 3
37957 3
37958 3
37976 3
37984 3
37987 3
37992 3
38009 3
38038 3
38072 3
38077 3
38087 3
38115 3
38260 3
38265 3
38287 3
38345 3
38354 3
38433 3
38439 3
38441 3
38449 3
38454 3
38481 3
38507 3
38521 3
38522 3
38530 3
38587 3
38591 3
38595 3
38610 3
38628 3
38649 3
38658 3
38674 3
38714 3
38767 3
38780 3
38810 3
38819 3
38842 3
38843 3
38865 3
38908 3
38963 3
38972 3
38976 3
39000 3
39006 3
39020 3
39041 3
39048 3
39054 3
39132 3
39150 3
39235 3
39240 3
39243 3
39270 3
39280 3
39309 3
39313 3
39341 3
39355 3
39373 3
39407 3
39410 3
39428 3
39460 3
39477 3
39556 3
39565 3
39590 3
39601 3
39614 3
39627 3
39630 3
39631 3
39655 3
39660 3
39665 3
39681 3
39686 3
39741 3
39752 3
39765 3
39809 3
39810 3
39886 3
39894 3
39901 3
39916 3
39932 3
39946 3
39974 3
39989 3
40000 3
40006 3
40036 3
40070 3
40072 3
40074 3
40089 3
40143 3
40189 3
40199 3
40212 3
40222 3
40230 3
40241 3
40248 3
40267 3
40269 3
40277 3
40287 3
40306 3
40335 3
40339 3
40355 3
40407 3
40417 3
40470 3
40517 3
40554 3
40635 3
40665 3
40681 3
40731 3
40732 3
40794 3
40846 3
40883 3
40970 3
40986 3
41005 3
41009 3
41017 3
41055 3
41091 3
41102 3
41105 3
41112 3
41130 3
41148 3
41156 3
41181 3
41184 3
41236 3
41249 3
41267 3
41269 3
41273 3
41303 3
41307 3
41331 3
41383 3
41388 3
41452 3
41459 3
41462 3
41472 3
41477 3
41518 3
41555 3
41623 3
41625 3
41663 3
41665 3
41675 3
41755 3
41918 3
41925 3
41940 3
41951 3
41964 3
41970 3
41988 3
42018 3
42050 3
42088 3
42095 3
42114 3
42140 3
42153 3
42156 3
42177 3
42212 3
42237 3
42252 3
42284 3
42288 3
42319 3
42327 3
42351 3
42369 3
42394 3
42413 3
42428 3
42447 3
42483 3
42493 3
42512 3
42610 3
42645 3
42678 3
42698 3
42706 3
42778 3
42807 3
42821 3
42847 3
42878 3
42897 3
42898 3
42903 3
42910 3
42957 3
42970 3
43000 3
43025 3
43075 3
43088 3
43118 3
43207 3
43233 3
43251 3
43256 3
43282 3
43294 3
43328 3
43346 3
43363 3
43445 3
43447 3
43491 3
43538 3
43558 3
43569 3
43595 3
43603 3
43744 3
43775 3
43807 3
43816 3
43825 3
43830 3
43877 3
43917 3
43918 3
43923 3
43951 3
44007 3
44032 3
44043 3
44075 3
44101 3
44120 3
44130 3
44134 3
44142 3
44144 3
44183 3
44193 3
44201 3
44215 3
44237 3
44262 3
44274 3
44299 3
44368 3
44402 3
44462 3
44482 3
44561 3
44574 3
44581 3
44618 3
44620 3
44637 3
44639 3
44658 3
44677 3
44718 3
44733 3
44747 3
44750 3
44779 3
44786 3
44815 3
44818 3
44834 3
44947 3
44976 3
45024 3
45035 3
45040 3
45043 3
45048 3
45070 3
45092 3
45095 3
45112 3
45126 3
45148 3
45193 3
45226 3
45231 3
45260 3
45278 3
45281 3
45301 3
45459 3
45476 3
45536 3
45567 3
45572 3
45585 3
45608 3
45615 3
45631 3
45653 3
45657 3
45660 3
45665 3
45675 3
45681 3
45707 3
45738 3
45767 3
45772 3
45782 3
45811 3
45815 3
45832 3
45916 3
45935 3
45938 3
45939 3
45970 3
45974 3
45976 3
45984 3
45985 3
46002 3
46050 3
46100 3
46134 3
46142 3
46185 3
46246 3
46255 3
46286 3
46289 3
46322 3
46360 3
46387 3
46394 3
46411 3
46458 3
46459 3
46515 3
46531 3
46544 3
46566 3
46599 3
46616 3
46668 3
46699 3
46700 3
46766 3
46767 3
46908 3
46918 3
46944 3
46987 3
47047 3
47052 3
47064 3
47103 3
47110 3
47114 3
47155 3
47181 3
47276 3
47447 3
47485 3
47488 3
47522 3
47549 3
47555 3
47567 3
47596 3
47635 3
47674 3
47715 3
47725 3
47740 3
47839 3
47867 3
47881 3
47894 3
47906 3
47907 3
47910 3
47919 3
47947 3
47955 3
48069 3
48073 3
48074 3
48079 3
48081 3
48086 3
48119 3
48204 3
48226 3
48273 3
48282 3
48295 3
48319 3
48373 3
48411 3
48421 3
48426 3
48461 3
48482 3
48505 3
48506 3
48529 3
48576 3
48589 3
48592 3
48615 3
48622 3
48649 3
48685 3
48687 3
48707 3
48715 3
48717 3
48720 3
48727 3
48734 3
48751 3
48754 3
48760 3
48784 3
48804 3
48806 3
48833 3
48884 3
48911 3
48918 3
48922 3
48940 3
48965 3
48974 3
48989 3
48998 3
49015 3
49045 3
49062 3
49126 3
49133 3
49136 3
49155 3
49180 3
49200 3
49203 3
49207 3
49244 3
49272 3
49291 3
49295 3
49296 3
49312 3
49358 3
49385 3
49390 3
49391 3
49428 3
49479 3
49494 3
49587 3
49595 3
49658 3
49670 3
49671 3
49677 3
49755 3
49764 3
49791 3
49795 3
49802 3
49804 3
49819 3
49881 3
49901 3
49934 3
49946 3
49969 3
49990 3
59 4
63 4
77 4
156 4
178 4
206 4
209 4
211 4
260 4
276 4
280 4
298 4
303 4
311 4
330 4
348 4
357 4
378 4
381 4
395 4
461 4
496 4
507 4
521 4
546 4
573 4
581 4
588 4
612 4
717 4
732 4
775 4
776 4
796 4
852 4
927 4
971 4
1040 4
1102 4
1138 4
1140 4
1163 4
1180 4
1194 4
1195 4
1204 4
1217 4
1226 4
1242 4
1257 4
1258 4
1273 4
1290 4
1333 4
1348 4
1361 4
1372 4
1436 4
1465 4
1472 4
1473 4
1480 4
1483 4
1498 4
1588 4
1609 4
1625 4
1634 4
1702 4
1775 4
1790 4
1794 4
1832 4
1837 4
1867 4
1908 4
2011 4
2029 4
2031 4
2173 4
2190 4
2279 4
2287 4
2358 4
2362 4
2380 4
2405 4
2464 4
2512 4
2561 4
2572 4
2579 4
2581 4
2585 4
2615 4
2657 4
2703 4
2704 4
2726 4
2744 4
2745 4
2807 4
2894 4
2907 4
2927 4
2939 4
2946 4
2971 4
2995 4
3004 4
3019 4
3046 4
3052 4
3077 4
3093 4
3112 4
3129 4
3133 4
3135 4
3144 4
3179 4
3190 4
3221 4
3223 4
3226 4
3239 4
3240 4
3256 4
3266 4
3293 4
3303 4
3311 4
3341 4
3375 4
3385 4
3391 4
3404 4
3447 4
3449 4
3469 4
3535 4
3577 4
3636 4
3644 4
3685 4
3702 4
3727 4
3738 4
3746 4
3893 4
3925 4
3938 4
3948 4
3953 4
3958 4
3966 4
3975 4
3982 4
3983 4
3996 4
4006 4
4008 4
4059 4
4081 4
4116 4
4129 4
4152 4
4155 4
4169 4
4183 4
4202 4
4222 4
4299 4
4369 4
4376 4
4470 4
4473 4
4482 4
4515 4
4562 4
4565 4
4591 4
4616 4
4633 4
4635 4
4652 4
4653 4
4662 4
4691 4
4703 4
4726 4
4729 4
4759 4
4791 4
4792 4
4797 4
4809 4
4845 4
4864 4
4923 4
4972 4
4988 4
5039 4
5050 4
5172 4
5196 4
5200 4
5222 4
5238 4
5244 4
5262 4
5267 4
5268 4
5361 4
5366 4
5494 4
5497 4
5517 4
5525 4
5601 4
5753 4
5825 4
5928 4
5943 4
5956 4
5965 4
5978 4
5980 4
6050 4
6080 4
6110 4
6147 4
6176 4
6186 4
6198 4
6211 4
6225 4
6244 4
6279 4
6291 4
6313 4
6316 4
6318 4
6449 4
6481 4
6493 4
6497 4
6499 4
6568 4
6579 4
6587 4
6588 4
6640 4
6658 4
6742 4
6772 4
6785 4
6807 4
6810 4
6874 4
6924 4
6949 4
6993 4
7007 4
7035 4
7065 4
7090 4
7108 4
7119 4
7121 4
7141 4
7145 4
7157 4
7205 4
7207 4
7243 4
7249 4
7265 4
7286 4
7287 4
7298 4
7299 4
7306 4
7312 4
7320 4
7328 4
7340 4
7353 4
7383 4
7428 4
7454 4
7457 4
7460 4
7482 4
7556 4
7576 4
7609 4
7625 4
7689 4
7696 4
7709 4
7728 4
7734 4
7744 4
7765 4
7773 4
7849 4
7850 4
7877 4
7881 4
7900 4
7911 4
7917 4
7918 4
7961 4
7974 4
7987 4
7999 4
8068 4
8103 4
8109 4
8153 4
8182 4
8248 4
8309 4
8328 4
8340 4
8353 4
8385 4
8391 4
8406 4
8410 4
8414 4
8454 4
8467 4
8483 4
8484 4
8529 4
8539 4
8568 4
8626 4
8656 4
8690 4
8701 4
8736 4
8754 4
8767 4
8768 4
8861 4
8886 4
8948 4
8963 4
8972 4
8990 4
9007 4
9035 4
9046 4
9053 4
9075 4
9089 4
9092 4
9095 4
9176 4
9186 4
9208 4
9227 4
9244 4
9247 4
9277 4
9279 4
9281 4
9295 4
9317 4
9360 4
9363 4
9374 4
9404 4
9407 4
9414 4
9438 4
9449 4
9457 4
9499 4
9506 4
9532 4
9651 4
9655 4
9684 4
9712 4
9748 4
9756 4
9771 4
9823 4
9900 4
9941 4
9957 4
10012 4
10041 4
10044 4
10059 4
10069 4
10092 4
10131 4
10142 4
10156 4
10180 4
10184 4
10193 4
10198 4
10208 4
10231 4
10245 4
10256 4
10265 4
10286 4
10294 4
10320 4
10327 4
10329 4
10432 4
10436 4
10456 4
10503 4
10530 4
10546 4
10552 4
10564 4
10569 4
10615 4
10621 4
10630 4
10643 4
10647 4
10657 4
10671 4
10731 4
10759 4
10762 4
10804 4
10805 4
10818 4
10844 4
10876 4
10887 4
10901 4
10905 4
10952 4
10957 4
10987 4
11024 4
11073 4
11115 4
11185 4
11204 4
11235 4
11251 4
11275 4
11295 4
11310 4
11317 4
11349 4
11450 4
11472 4
11518 4
11523 4
11538 4
11553 4
11594 4
11598 4
11627 4
11680 4
11751 4
11756 4
11767 4
11772 4
11787 4
11806 4
11850 4
11867 4
11944 4
11952 4
12012 4
12032 4
12047 4
12049 4
12107 4
12134 4
12136 4
12149 4
12176 4
12191 4
12196 4
12200 4
12202 4
12229 4
12258 4
12278 4
12285 4
12381 4
12382 4
12413 4
12447 4
12467 4
12491 4
12570 4
12592 4
12608 4
12612 4
12618 4
12621 4
12635 4
12654 4
12666 4
12689 4
12701 4
12734 4
12756 4
12788 4
12799 4
12826 4
12839 4
12860 4
12877 4
12885 4
12928 4
12973 4
13022 4
13056 4
13066 4
13070 4
13082 4
13118 4
13146 4
13192 4
13210 4
13220 4
13233 4
13235 4
13261 4
13300 4
13322 4
13349 4
13350 4
13398 4
13403 4
13417 4
13455 4
13458 4
13465 4
13475 4
13496 4
13509 4
13511 4
13521 4
13558 4
13611 4
13622 4
13625 4
13660 4
13679 4
13690 4
13713 4
13722 4
13723 4
13735 4
13818 4
13828 4
13830 4
13833 4
13881 4
13935 4
13952 4
13996 4
14002 4
14020 4
14059 4
14085 4
14128 4
14143 4
14165 4
14171 4
14184 4
14186 4
14242 4
14274 4
14336 4
14340 4
14353 4
14367 4
14435 4
14437 4
14440 4
14505 4
14514 4
14528 4
14530 4
14562 4
14574 4
14602 4
14607 4
14650 4
14658 4
14688 4
14712 4
14721 4
14724 4
14728 4
14740 4
14754 4
14786 4
14796 4
14807 4
14811 4
14825 4
14868 4
15001 4
15015 4
15022 4
15055 4
15075 4
15082 4
15155 4
15169 4
15193 4
15213 4
15237 4
15244 4
15254 4
15297 4
15415 4
15422 4
15471 4
15472 4
15473 4
15495 4
15498 4
15526 4
15537 4
15642 4
15686 4
15693 4
15710 4
15713 4
15715 4
15723 4
15743 4
15772 4
15785 4
15788 4
15815 4
15818 4
15828 4
15848 4
15880 4
15906 4
15965 4
16008 4
16010 4
16056 4
16068 4
16071 4
16076 4
16088 4
16101 4
16228 4
16320 4
16349 4
16363 4
16439 4
16474 4
16490 4
16528 4
16604 4
16621 4
16649 4
16691 4
16723 4
16920 4
17011 4
17028 4
17102 4
17125 4
17126 4
17128 4
17143 4
17216 4
17218 4
17256 4
17258 4
17275 4
17301 4
17331 4
17332 4
17421 4
17471 4
17516 4
17535 4
17559 4
17563 4
17616 4
17660 4
17670 4
17680 4
17687 4
17702 4
17738 4
17774 4
17795 4
17820 4
17834 4
17944 4
17968 4
18021 4
18025 4
18040 4
18089 4
18095 4
18186 4
18206 4
18237 4
18239 4
18252 4
18262 4
18291 4
18316 4
18320 4
18374 4
18376 4
18431 4
18485 4
18539 4
18563 4
18579 4
18580 4
18594 4
18616 4
18636 4
18688 4
18695 4
18729 4
18750 4
18827 4
18877 4
18903 4
18914 4
18968 4
18971 4
18988 4
19043 4
19059 4
19151 4
19157 4
19165 4
19166 4
19183 4
19280 4
19281 4
19290 4
19372 4
19385 4
19395 4
19480 4
19481 4
19508 4
19517 4
19523 4
19556 4
19561 4
19588 4
19594 4
19625 4
19679 4
19692 4
19693 4
19708 4
19780 4
19816 4
19822 4
19824 4
19867 4
19878 4
19913 4
19917 4
19949 4
19957 4
19971 4
19982 4
19996 4
20048 4
20120 4
20123 4
20136 4
20257 4
20295 4
20305 4
20333 4
20387 4
20388 4
20391 4
20405 4
20406 4
20442 4
20454 4
20493 4
20519 4
20542 4
20564 4
20585 4
20596 4
20645 4
20681 4
20685 4
20749 4
20767 4
20779 4
20827 4
20838 4
20857 4
20868 4
20869 4
20889 4
20901 4
20919 4
20964 4
20966 4
20988 4
20990 4
20997 4
21004 4
21006 4
21060 4
21071 4
21074 4
21084 4
21096 4
21109 4
21154 4
21186 4
21194 4
21256 4
21259 4
21312 4
21326 4
21377 4
21444 4
21454 4
21464 4
21471 4
21517 4
21556 4
21559 4
21562 4
21563 4
21625 4
21682 4
21689 4
21754 4
21757 4
21769 4
21781 4
21786 4
21842 4
21859 4
21883 4
21899 4
21924 4
21945 4
21969 4
21974 4
21991 4
22000 4
22002 4
22069 4
22084 4
22123 4
22131 4
22204 4
22253 4
22286 4
22317 4
22319 4
22341 4
22358 4
22405 4
22406 4
22407 4
22431 4
22432 4
22439 4
22454 4
22458 4
22459 4
22503 4
22515 4
22539 4
22563 4
22565 4
22603 4
22606 4
22609 4
22614 4
22635 4
22653 4
22687 4
22689 4
22705 4
22749 4
22788 4
22789 4
22801 4
22825 4
22848 4
22890 4
22896 4
22900 4
22901 4
22923 4
22994 4
22996 4
22999 4
23036 4
23054 4
23097 4
23122 4
23163 4
23210 4
23232 4
23243 4
23252 4
23294 4
23328 4
23343 4
23349 4
23361 4
23372 4
23377 4
23390 4
23395 4
23431 4
23439 4
23478 4
23489 4
23500 4
23524 4
23573 4
23636 4
23641 4
23650 4
23693 4
23704 4
23720 4
23735 4
23742 4
23770 4
23781 4
23801 4
23814 4
23858 4
23872 4
23895 4
23905 4
23942 4
23998 4
24001 4
24021 4
24039 4
24075 4
24088 4
24089 4
24116 4
24130 4
24142 4
24153 4
24173 4
24175 4
24253 4
24263 4
24284 4
24344 4
24368 4
24381 4
24394 4
24439 4
24445 4
24450 4
24482 4
24485 4
24497 4
24498 4
24514 4
24516 4
24549 4
24561 4
24563 4
24683 4
24734 4
24762 4
24794 4
24835 4
24840 4
24848 4
24857 4
24863 4
24870 4
24919 4
24920 4
24928 4
24969 4
25037 4
25050 4
25071 4
25090 4
25093 4
25132 4
25200 4
25239 4
25240 4
25242 4
25259 4
25268 4
25288 4
25353 4
25387 4
25401 4
25465 4
25478 4
25482 4
25501 4
25568 4
25590 4
25596 4
25665 4
25744 4
25762 4
25847 4
25909 4
25915 4
25946 4
25951 4
25958 4
25963 4
25983 4
26048 4
26084 4
26095 4
26116 4
26179 4
26191 4
26231 4
26247 4
26254 4
26305 4
26311 4
26332 4
26433 4
26439 4
26443 4
26449 4
26568 4
26571 4
26598 4
26627 4
26736 4
26739 4
26822 4
26835 4
26849 4
26896 4
26948 4
27027 4
27115 4
27154 4
27165 4
27196 4
27249 4
27259 4
27260 4
27377 4
27388 4
27438 4
27472 4
27485 4
27530 4
27546 4
27572 4
27587 4
27671 4
27716 4
27736 4
27756 4
27787 4
27792 4
27808 4
27834 4
27836 4
27838 4
27894 4
27980 4
27983 4
28040 4
28056 4
28069 4
28070 4
28079 4
28088 4
28093 4
28099 4
28106 4
28172 4
28181 4
28185 4
28240 4
28250 4
28268 4
28282 4
28285 4
28286 4
28314 4
28386 4
28418 4
28435 4
28438 4
28440 4
28448 4
28451 4
28481 4
28484 4
28524 4
28554 4
28590 4
28616 4
28669 4
28711 4
28760 4
28798 4
28828 4
28829 4
28850 4
28871 4
28878 4
28911 4
28940 4
28995 4
29036 4
29042 4
29094 4
29099 4
29108 4
29109 4
29137 4
29142 4
29147 4
29168 4
29208 4
29245 4
29267 4
29284 4
29289 4
29309 4
29318 4
29333 4
29344 4
29512 4
29561 4
29575 4
29605 4
29612 4
29623 4
29631 4
29645 4
29673 4
29688 4
29700 4
29727 4
29741 4
29744 4
29786 4
29793 4
29801 4
29827 4
29834 4
29863 4
29871 4
29888 4
29892 4
29910 4
29932 4
29934 4
29942 4
29944 4
29966 4
29993 4
29994 4
29998 4
30006 4
30009 4
30114 4
30121 4
30168 4
30199 4
30210 4
30230 4
30268 4
30277 4
30280 4
30281 4
30300 4
30319 4
30327 4
30346 4
30376 4
30419 4
30460 4
30481 4
30502 4
30509 4
30511 4
30569 4
30582 4
30591 4
30642 4
30692 4
30735 4
30764 4
30777 4
30818 4
30872 4
30896 4
30972 4
30979 4
31001 4
31074 4
31078 4
31093 4
31115 4
31118 4
31152 4
31197 4
31222 4
31230 4
31244 4
31278 4
31279 4
31285 4
31300 4
31313 4
31329 4
31335 4
31339 4
31348 4
31398 4
31403 4
31418 4
31510 4
31524 4
31536 4
31596 4
31646 4
31688 4
31727 4
31735 4
31789 4
31824 4
31839 4
31855 4
31868 4
31955 4
31957 4
31993 4
32033 4
32056 4
32103 4
32107 4
32118 4
32207 4
32245 4
32253 4
32282 4
32376 4
32382 4
32473 4
32538 4
32564 4
32566 4
32618 4
32707 4
32709 4
32833 4
32838 4
32854 4
32857 4
32893 4
32897 4
32959 4
32960 4
32999 4
33002 4
33010 4
33011 4
33014 4
33018 4
33041 4
33050 4
33064 4
33080 4
33089 4
33092 4
33143 4
33146 4
33171 4
33174 4
33181 4
33216 4
33230 4
33265 4
33277 4
33311 4
33312 4
33321 4
33402 4
33465 4
33472 4
33525 4
33539 4
33552 4
33561 4
33565 4
33568 4
33589 4
33624 4
33658 4
33663 4
33688 4
33697 4
33698 4
33714 4
33762 4
33763 4
33768 4
33790 4
33803 4
33817 4
33822 4
33937 4
33946 4
33950 4
33954 4
33969 4
33993 4
34001 4
34006 4
34025 4
34030 4
34063 4
34088 4
34101 4
34109 4
34114 4
34117 4
34137 4
34158 4
34198 4
34215 4
34234 4
34247 4
34279 4
34301 4
34347 4
34365 4
34404 4
34426 4
34428 4
34431 4
34442 4
34460 4
34478 4
34487 4
34488 4
34502 4
34506 4
34513 4
34536 4
34578 4
34647 4
34665 4
34682 4
34731 4
34733 4
34763 4
34774 4
34796 4
34802 4
34809 4
34847 4
34848 4
34863 4
34875 4
34887 4
34919 4
34922 4
34943 4
34961 4
34964 4
34973 4
35037 4
35049 4
35055 4
35099 4
35106 4
35161 4
35198 4
35216 4
35231 4
35289 4
35306 4
35357 4
35368 4
35378 4
35388 4
35415 4
35448 4
35462 4
35568 4
35572 4
35613 4
35657 4
35659 4
35664 4
35681 4
35682 4
35712 4
35718 4
35740 4
35754 4
35757 4
35769 4
35883 4
35921 4
35931 4
35946 4
35973 4
35977 4
35996 4
36119 4
36133 4
36142 4
36217 4
36251 4
36309 4
36419 4
36420 4
36430 4
36463 4
36478 4
36493 4
36500 4
36553 4
36574 4
36575 4
36576 4
36577 4
36612 4
36656 4
36671 4
36674 4
36695 4
36744 4
36789 4
36798 4
36809 4
36831 4
36842 4
36854 4
36892 4
36960 4
36971 4
36981 4
36991 4
37002 4
37018 4
37025 4
37074 4
37122 4
37128 4
37147 4
37149 4
37157 4
37259 4
37274 4
37289 4
37303 4
37350 4
37390 4
37409 4
37442 4
37445 4
37458 4
37530 4
37535 4
37538 4
37573 4
37596 4
37628 4
37633 4
37650 4
37672 4
37740 4
37802 4
37807 4
37823 4
37843 4
37845 4
37874 4
37922 4
37935 4
37952 4
37998 4
38029 4
38090 4
38099 4
38106 4
38109 4
38120 4
38124 4
38128 4
38135 4
38142 4
38145 4
38163 4
38164 4
38177 4
38211 4
38258 4
38330 4
38359 4
38370 4
38371 4
38431 4
38446 4
38447 4
38459 4
38529 4
38533 4
38581 4
38621 4
38657 4
38718 4
38770 4
38781 4
38809 4
38813 4
38837 4
38839 4
38854 4
38940 4
38943 4
38961 4
38973 4
39010 4
39028 4
39078 4
39082 4
39129 4
39153 4
39174 4
39247 4
39255 4
39283 4
39352 4
39379 4
39402 4
39403 4
39427 4
39434 4
39438 4
39445 4
39451 4
39465 4
39499 4
39555 4
39568 4
39574 4
39581 4
39588 4
39612 4
39613 4
39622 4
39651 4
39675 4
39684 4
39699 4
39706 4
39771 4
39837 4
39846 4
39849 4
39855 4
39867 4
39876 4
39917 4
39926 4
39978 4
39998 4
40008 4
40082 4
40093 4
40145 4
40156 4
40245 4
40278 4
40282 4
40290 4
40291 4
40293 4
40303 4
40323 4
40340 4
40373 4
40392 4
40415 4
40422 4
40424 4
40555 4
40559 4
40566 4
40698 4
40718 4
40739 4
40743 4
40770 4
40790 4
40796 4
40817 4
40825 4
40875 4
40884 4
40891 4
40959 4
40971 4
40984 4
40992 4
40995 4
41034 4
41052 4
41054 4
41056 4
41057 4
41065 4
41073 4
41083 4
41085 4
41094 4
41119 4
41155 4
41209 4
41214 4
41230 4
41280 4
41281 4
41285 4
41312 4
41316 4
41334 4
41369 4
41371 4
41402 4
41406 4
41421 4
41427 4
41442 4
41448 4
41474 4
41511 4
41554 4
41567 4
41626 4
41644 4
41651 4
41659 4
41666 4
41708 4
41717 4
41784 4
41795 4
41805 4
41840 4
41842 4
41879 4
41887 4
41904 4
41905 4
41946 4
41960 4
41972 4
41974 4
42005 4
42047 4
42123 4
42150 4
42174 4
42203 4
42242 4
42278 4
42321 4
42341 4
42381 4
42406 4
42418 4
42448 4
42490 4
42510 4
42653 4
42671 4
42709 4
42731 4
42781 4
42790 4
42822 4
42866 4
42934 4
42989 4
43001 4
43032 4
43037 4
43041 4
43061 4
43127 4
43135 4
43176 4
43211 4
43225 4
43245 4
43300 4
43304 4
43377 4
43396 4
43408 4
43440 4
43468 4
43498 4
43503 4
43542 4
43566 4
43645 4
43680 4
43689 4
43708 4
43741 4
43779 4
43781 4
43788 4
43790 4
43809 4
43836 4
43868 4
43916 4
43941 4
43944 4
43964 4
43975 4
43985 4
44022 4
44048 4
44055 4
44104 4
44204 4
44213 4
44222 4
44279 4
44357 4
44388 4
44450 4
44464 4
44481 4
44513 4
44537 4
44594 4
44696 4
44709 4
44720 4
44730 4
44761 4
44825 4
44836 4
44878 4
44884 4
44893 4
44939 4
44941 4
44946 4
44994 4
45007 4
45039 4
45058 4
45108 4
45119 4
45125 4
45131 4
45159 4
45249 4
45269 4
45314 4
45348 4
45351 4
45400 4
45411 4
45444 4
45502 4
45504 4
45511 4
45520 4
45521 4
45522 4
45529 4
45537 4
45595 4
45622 4
45638 4
45664 4
45674 4
45697 4
45751 4
45814 4
45858 4
45925 4
45957 4
46006 4
46069 4
46075 4
46089 4
46090 4
46110 4
46114 4
46117 4
46124 4
46127 4
46138 4
46143 4
46144 4
46147 4
46150 4
46245 4
46264 4
46266 4
46351 4
46375 4
46378 4
46399 4
46415 4
46416 4
46424 4
46436 4
46445 4
46447 4
46474 4
46500 4
46516 4
46553 4
46556 4
46626 4
46651 4
46684 4
46740 4
46744 4
46770 4
46826 4
46837 4
46862 4
46878 4
46905 4
46920 4
46943 4
46978 4
47009 4
47015 4
47021 4
47044 4
47053 4
47077 4
47101 4
47112 4
47117 4
47146 4
47152 4
47189 4
47196 4
47211 4
47282 4
47294 4
47295 4
47312 4
47328 4
47344 4
47359 4
47369 4
47395 4
47428 4
47434 4
47438 4
47464 4
47526 4
47532 4
47541 4
47608 4
47636 4
47643 4
47676 4
47681 4
47686 4
47705 4
47730 4
47748 4
47762 4
47808 4
47827 4
47841 4
47859 4
47928 4
47957 4
47962 4
47963 4
48008 4
48012 4
48029 4
48037 4
48072 4
48108 4
48132 4
48151 4
48195 4
48237 4
48305 4
48325 4
48329 4
48378 4
48423 4
48432 4
48437 4
48513 4
48625 4
48629 4
48656 4
48659 4
48670 4
48709 4
48716 4
48726 4
48745 4
48753 4
48797 4
48798 4
48821 4
48863 4
48870 4
48871 4
48899 4
48906 4
48953 4
48961 4
48993 4
49032 4
49035 4
49056 4
49058 4
49064 4
49088 4
49090 4
49092 4
49100 4
49117 4
49142 4
49151 4
49166 4
49173 4
49241 4
49242 4
49253 4
49356 4
49395 4
49421 4
49446 4
49453 4
49477 4
49525 4
49557 4
49561 4
49568 4
49604 4
49623 4
49650 4
49661 4
49693 4
49754 4
49829 4
49840 4
49918 4
49950 4
49954 4
49978 4
49997 4
