2 0
3 0
31 0
37 0
74 0
77 0
124 0
141 0
158 0
162 0
218 0
275 0
294 0
311 0
319 0
374 0
419 0
445 0
454 0
458 0
505 0
514 0
578 0
618 0
642 0
647 0
667 0
712 0
725 0
758 0
791 0
831 0
852 0
1003 0
1028 0
1052 0
1089 0
1102 0
1119 0
1166 0
1184 0
1216 0
1238 0
1239 0
1251 0
1257 0
1260 0
1262 0
1305 0
1356 0
1360 0
1374 0
1397 0
1440 0
1442 0
1455 0
1494 0
1505 0
1512 0
1517 0
1546 0
1547 0
1582 0
1667 0
1682 0
1684 0
1699 0
1721 0
1757 0
1873 0
1941 0
2000 0
2004 0
2037 0
2041 0
2042 0
2054 0
2075 0
2082 0
2122 0
2154 0
2191 0
2266 0
2284 0
2302 0
2344 0
2347 0
2366 0
2402 0
2412 0
2418 0
2609 0
2627 0
2673 0
2675 0
2678 0
2690 0
2692 0
2697 0
2728 0
2751 0
2820 0
2887 0
2892 0
2899 0
2926 0
2955 0
2970 0
3036 0
3054 0
3064 0
3070 0
3119 0
3172 0
3201 0
3222 0
3323 0
3328 0
3359 0
3391 0
3497 0
3510 0
3560 0
3563 0
3585 0
3612 0
3632 0
3633 0
3641 0
3660 0
3669 0
3675 0
3707 0
3709 0
3805 0
3831 0
3837 0
3846 0
3861 0
3876 0
3917 0
3927 0
3934 0
3959 0
3991 0
4006 0
4043 0
4050 0
4052 0
4059 0
4072 0
4118 0
4141 0
4161 0
4221 0
4226 0
4285 0
4296 0
4299 0
4319 0
4324 0
4328 0
4353 0
4385 0
4416 0
4497 0
4501 0
4524 0
4533 0
4566 0
4595 0
4598 0
4606 0
4664 0
4672 0
4681 0
4704 0
4722 0
4741 0
4744 0
4751 0
4780 0
4793 0
4823 0
4847 0
4879 0
4890 0
4947 0
4951 0
4973 0
4994 0
4997 0
5043 0
5065 0
5117 0
5138 0
5161 0
5163 0
5172 0
5178 0
5212 0
5247 0
5273 0
5275 0
5346 0
5354 0
5421 0
5490 0
5492 0
5503 0
5552 0
5556 0
5575 0
5606 0
5607 0
5624 0
5667 0
5730 0
5771 0
5814 0
5843 0
5850 0
5906 0
5911 0
5915 0
5937 0
5952 0
6002 0
6010 0
6091 0
6134 0
6143 0
6163 0
6263 0
6269 0
6278 0
6355 0
6362 0
6366 0
6368 0
6433 0
6456 0
6463 0
6529 0
6539 0
6541 0
6544 0
6546 0
6562 0
6565 0
6566 0
6589 0
6613 0
6616 0
6667 0
6677 0
6680 0
6693 0
6728 0
6754 0
6784 0
6786 0
6824 0
6844 0
6855 0
6890 0
6896 0
6906 0
6910 0
6932 0
6937 0
7011 0
7057 0
7100 0
7106 0
7132 0
7135 0
7155 0
7158 0
7166 0
7174 0
7231 0
7278 0
7281 0
7292 0
7314 0
7316 0
7319 0
7334 0
7357 0
7374 0
7433 0
7454 0
7464 0
7505 0
7523 0
7547 0
7548 0
7591 0
7600 0
7678 0
7682 0
7708 0
7751 0
7783 0
7792 0
7793 0
7805 0
7815 0
7864 0
7939 0
7984 0
7997 0
8003 0
8029 0
8091 0
8094 0
8152 0
8153 0
8201 0
8208 0
8296 0
8320 0
8338 0
8350 0
8413 0
8416 0
8419 0
8424 0
8441 0
8457 0
8498 0
8503 0
8520 0
8548 0
8588 0
8601 0
8722 0
8776 0
8857 0
8859 0
8885 0
8905 0
8927 0
8943 0
8947 0
8954 0
9008 0
9027 0
9045 0
9049 0
9110 0
9117 0
9134 0
9158 0
9212 0
9214 0
9229 0
9263 0
9309 0
9388 0
9449 0
9468 0
9490 0
9511 0
9523 0
9596 0
9646 0
9680 0
9690 0
9730 0
9736 0
9762 0
9775 0
9807 0
9824 0
9865 0
9884 0
9907 0
9940 0
9988 0
9997 0
10002 0
10008 0
10061 0
10067 0
10102 0
10121 0
10129 0
10145 0
10171 0
10199 0
10235 0
10280 0
10287 0
10301 0
10323 0
10327 0
10365 0
10378 0
10386 0
10389 0
10397 0
10399 0
10400 0
10402 0
10414 0
10449 0
10489 0
10502 0
10508 0
10513 0
10558 0
10701 0
10709 0
10762 0
10772 0
10796 0
10874 0
10893 0
10899 0
10918 0
10922 0
10924 0
10964 0
10967 0
10973 0
10994 0
11010 0
11017 0
11022 0
11038 0
11083 0
11091 0
11096 0
11111 0
11159 0
11207 0
11226 0
11274 0
11294 0
11306 0
11308 0
11312 0
11345 0
11350 0
11381 0
11406 0
11477 0
11488 0
11521 0
11557 0
11580 0
11588 0
11624 0
11627 0
11684 0
11691 0
11706 0
11723 0
11725 0
11776 0
11777 0
11783 0
11813 0
11865 0
11869 0
11891 0
11893 0
11896 0
11915 0
11935 0
11936 0
11953 0
11958 0
11971 0
11972 0
11986 0
11998 0
12006 0
12016 0
12020 0
12021 0
12079 0
12094 0
12098 0
12103 0
12155 0
12156 0
12187 0
12188 0
12219 0
12231 0
12236 0
12246 0
12248 0
12249 0
12293 0
12322 0
12348 0
12377 0
12396 0
12446 0
12459 0
12473 0
12476 0
12477 0
12529 0
12550 0
12569 0
12573 0
12584 0
12626 0
12735 0
12799 0
12804 0
12848 0
12918 0
12932 0
12946 0
12947 0
12948 0
12957 0
13037 0
13102 0
13118 0
13144 0
13161 0
13190 0
13192 0
13255 0
13256 0
13279 0
13294 0
13356 0
13392 0
13398 0
13414 0
13438 0
13446 0
13453 0
13485 0
13494 0
13518 0
13547 0
13549 0
13627 0
13649 0
13698 0
13700 0
13701 0
13727 0
13729 0
13752 0
13777 0
13800 0
13802 0
13805 0
13821 0
13823 0
13848 0
13850 0
13854 0
14022 0
14034 0
14039 0
14048 0
14061 0
14076 0
14084 0
14098 0
14103 0
14142 0
14148 0
14166 0
14172 0
14181 0
14195 0
14204 0
14224 0
14226 0
14233 0
14255 0
14257 0
14286 0
14299 0
14353 0
14400 0
14414 0
14441 0
14465 0
14488 0
14493 0
14498 0
14534 0
14628 0
14652 0
14667 0
14670 0
14672 0
14738 0
14741 0
14831 0
14867 0
14898 0
14902 0
14934 0
14994 0
15004 0
15006 0
15014 0
15023 0
15038 0
15079 0
15094 0
15171 0
15212 0
15214 0
15244 0
15262 0
15271 0
15307 0
15322 0
15339 0
15388 0
15391 0
15414 0
15415 0
15442 0
15477 0
15492 0
15511 0
15515 0
15591 0
15648 0
15666 0
15675 0
15676 0
15684 0
15722 0
15732 0
15774 0
15793 0
15813 0
15876 0
15898 0
15918 0
15928 0
15957 0
15960 0
16008 0
16051 0
16066 0
16101 0
16114 0
16115 0
16139 0
16140 0
16147 0
16182 0
16216 0
16258 0
16268 0
16335 0
16339 0
16352 0
16371 0
16393 0
16402 0
16406 0
16412 0
16414 0
16418 0
16433 0
16441 0
16472 0
16479 0
16504 0
16510 0
16523 0
16530 0
16573 0
16580 0
16583 0
16611 0
16615 0
16619 0
16622 0
16653 0
16655 0
16670 0
16679 0
16683 0
16698 0
16755 0
16776 0
16805 0
16952 0
16958 0
17024 0
17039 0
17043 0
17062 0
17080 0
17100 0
17124 0
17204 0
17214 0
17229 0
17232 0
17234 0
17246 0
17268 0
17294 0
17352 0
17362 0
17384 0
17463 0
17474 0
17490 0
17495 0
17522 0
17533 0
17605 0
17636 0
17707 0
17758 0
17793 0
17795 0
17844 0
17865 0
17898 0
17904 0
17920 0
17946 0
18019 0
18071 0
18127 0
18138 0
18143 0
18168 0
18191 0
18242 0
18250 0
18291 0
18332 0
18351 0
18382 0
18385 0
18396 0
18408 0
18455 0
18485 0
18495 0
18499 0
18526 0
18555 0
18564 0
18608 0
18621 0
18623 0
18687 0
18717 0
18719 0
18732 0
18734 0
18776 0
18785 0
18830 0
18852 0
18868 0
18877 0
18878 0
18904 0
18925 0
18968 0
18995 0
19004 0
19028 0
19129 0
19166 0
19198 0
19236 0
19262 0
19269 0
19288 0
19307 0
19314 0
19363 0
19370 0
19400 0
19444 0
19500 0
19517 0
19559 0
19571 0
19579 0
19582 0
19673 0
19676 0
19679 0
19680 0
19687 0
19722 0
19734 0
19750 0
19788 0
19791 0
19793 0
19807 0
19828 0
19864 0
19948 0
19965 0
20012 0
20031 0
20042 0
20085 0
20145 0
20158 0
20163 0
20194 0
20208 0
20223 0
20229 0
20242 0
20264 0
20271 0
20284 0
20300 0
20356 0
20372 0
20378 0
20390 0
20415 0
20551 0
20560 0
20633 0
20660 0
20741 0
20785 0
20797 0
20807 0
20812 0
20813 0
20839 0
20866 0
20875 0
20910 0
20919 0
20921 0
20959 0
20994 0
20997 0
21014 0
21046 0
21081 0
21096 0
21104 0
21114 0
21116 0
21130 0
21139 0
21162 0
21165 0
21194 0
21262 0
21273 0
21295 0
21348 0
21349 0
21350 0
21361 0
21369 0
21395 0
21441 0
21451 0
21496 0
21512 0
21557 0
21565 0
21578 0
21582 0
21599 0
21641 0
21654 0
21680 0
21683 0
21706 0
21718 0
21786 0
21804 0
21820 0
21856 0
21861 0
21862 0
21922 0
21932 0
21962 0
21964 0
21990 0
21994 0
21997 0
22001 0
22005 0
22031 0
22034 0
22048 0
22145 0
22149 0
22156 0
22165 0
22237 0
22271 0
22286 0
22295 0
22300 0
22302 0
22317 0
22319 0
22337 0
22359 0
22388 0
22391 0
22426 0
22488 0
22489 0
22545 0
22555 0
22573 0
22654 0
22666 0
22670 0
22677 0
22700 0
22714 0
22721 0
22747 0
22755 0
22772 0
22811 0
22842 0
22849 0
22928 0
22937 0
22948 0
22965 0
22973 0
22984 0
22998 0
23013 0
23018 0
23043 0
23166 0
23185 0
23206 0
23345 0
23383 0
23384 0
23387 0
23390 0
23392 0
23414 0
23422 0
23446 0
23455 0
23486 0
23519 0
23529 0
23615 0
23644 0
23781 0
23850 0
23856 0
23881 0
23903 0
23961 0
23964 0
23983 0
23995 0
23998 0
24010 0
24015 0
24061 0
24103 0
24123 0
24153 0
24161 0
24188 0
24262 0
24279 0
24293 0
24307 0
24315 0
24354 0
24405 0
24428 0
24436 0
24438 0
24474 0
24510 0
24572 0
24648 0
24660 0
24667 0
24725 0
24743 0
24774 0
24781 0
24784 0
24844 0
24845 0
24994 0
25012 0
25031 0
25039 0
25072 0
25119 0
25143 0
25160 0
25177 0
25200 0
25257 0
25319 0
25334 0
25348 0
25352 0
25356 0
25395 0
25402 0
25445 0
25475 0
25481 0
25518 0
25635 0
25650 0
25710 0
25713 0
25742 0
25743 0
25752 0
25794 0
25890 0
25891 0
25920 0
25927 0
26021 0
26042 0
26066 0
26073 0
26152 0
26162 0
26167 0
26268 0
26299 0
26319 0
26371 0
26373 0
26385 0
26451 0
26453 0
26467 0
26487 0
26521 0
26541 0
26551 0
26555 0
26560 0
26568 0
26577 0
26604 0
26611 0
26617 0
26627 0
26629 0
26702 0
26703 0
26713 0
26717 0
26722 0
26732 0
26750 0
26754 0
26772 0
26801 0
26830 0
26878 0
26898 0
26917 0
26933 0
26997 0
27055 0
27110 0
27119 0
27130 0
27169 0
27180 0
27181 0
27225 0
27235 0
27304 0
27337 0
27340 0
27367 0
27368 0
27416 0
27428 0
27502 0
27526 0
27558 0
27561 0
27580 0
27607 0
27750 0
27751 0
27762 0
27790 0
27851 0
27856 0
27894 0
27931 0
27943 0
27946 0
27973 0
28031 0
28074 0
28076 0
28116 0
28129 0
28184 0
28221 0
28225 0
28253 0
28255 0
28286 0
28388 0
28474 0
28478 0
28482 0
28511 0
28536 0
28570 0
28584 0
28601 0
28620 0
28627 0
28643 0
28690 0
28725 0
28745 0
28786 0
28802 0
28808 0
28811 0
28835 0
28885 0
28911 0
28935 0
28974 0
29027 0
29059 0
29077 0
29079 0
29116 0
29133 0
29135 0
29142 0
29152 0
29154 0
29161 0
29164 0
29264 0
29278 0
29296 0
29346 0
29396 0
29399 0
29405 0
29416 0
29434 0
29454 0
29500 0
29506 0
29544 0
29547 0
29563 0
29577 0
29612 0
29617 0
29620 0
29630 0
29665 0
29689 0
29727 0
29749 0
29763 0
29770 0
29787 0
29794 0
29817 0
29831 0
29868 0
29987 0
29996 0
30005 0
30014 0
30021 0
30033 0
30041 0
30095 0
30101 0
30154 0
30160 0
30179 0
30185 0
30201 0
30208 0
30210 0
30240 0
30252 0
30255 0
30264 0
30304 0
30312 0
30315 0
30323 0
30361 0
30381 0
30383 0
30398 0
30417 0
30424 0
30446 0
30450 0
30483 0
30508 0
30523 0
30543 0
30632 0
30641 0
30645 0
30652 0
30655 0
30665 0
30684 0
30713 0
30719 0
30745 0
30814 0
30838 0
30849 0
30901 0
30919 0
30934 0
30993 0
31006 0
31055 0
31066 0
31104 0
31110 0
31118 0
31217 0
31283 0
31303 0
31334 0
31340 0
31346 0
31355 0
31371 0
31383 0
31409 0
31411 0
31426 0
31439 0
31463 0
31474 0
31479 0
31499 0
31549 0
31587 0
31591 0
31617 0
31621 0
31659 0
31673 0
31725 0
31728 0
31757 0
31760 0
31772 0
31775 0
31795 0
31811 0
31821 0
31826 0
31830 0
31840 0
31868 0
31876 0
31937 0
31951 0
31985 0
31991 0
32015 0
32039 0
32046 0
32066 0
32095 0
32110 0
32207 0
32216 0
32245 0
32321 0
32343 0
32361 0
32377 0
32380 0
32412 0
32420 0
32455 0
32472 0
32488 0
32498 0
32506 0
32513 0
32535 0
32564 0
32580 0
32617 0
32647 0
32651 0
32660 0
32696 0
32724 0
32738 0
32751 0
32753 0
32764 0
32803 0
32839 0
32840 0
32852 0
32866 0
32869 0
32873 0
32880 0
32979 0
33011 0
33095 0
33114 0
33129 0
33148 0
33152 0
33156 0
33163 0
33206 0
33248 0
33287 0
33388 0
33420 0
33435 0
33512 0
33545 0
33551 0
33561 0
33575 0
33577 0
33590 0
33602 0
33662 0
33691 0
33748 0
33757 0
33784 0
33814 0
33818 0
33855 0
33872 0
33880 0
33881 0
33888 0
33904 0
33930 0
33949 0
33960 0
33980 0
34022 0
34027 0
34044 0
34055 0
34074 0
34103 0
34112 0
34121 0
34147 0
34153 0
34193 0
34209 0
34242 0
34251 0
34301 0
34316 0
34323 0
34326 0
34327 0
34351 0
34385 0
34416 0
34421 0
34449 0
34470 0
34488 0
34543 0
34571 0
34576 0
34655 0
34713 0
34733 0
34782 0
34816 0
34872 0
34958 0
35021 0
35072 0
35086 0
35150 0
35170 0
35178 0
35197 0
35204 0
35246 0
35292 0
35314 0
35339 0
35355 0
35364 0
35391 0
35459 0
35471 0
35480 0
35508 0
35541 0
35555 0
35570 0
35599 0
35637 0
35658 0
35732 0
35733 0
35761 0
35769 0
35784 0
35810 0
35811 0
35848 0
35918 0
35955 0
35959 0
35974 0
36003 0
36065 0
36068 0
36071 0
36096 0
36099 0
36100 0
36108 0
36132 0
36183 0
36254 0
36338 0
36359 0
36378 0
36391 0
36396 0
36480 0
36520 0
36537 0
36548 0
36551 0
36581 0
36587 0
36654 0
36658 0
36704 0
36724 0
36734 0
36750 0
36789 0
36794 0
36796 0
36808 0
36838 0
36867 0
36901 0
37006 0
37065 0
37083 0
37106 0
37128 0
37131 0
37139 0
37226 0
37252 0
37257 0
37286 0
37294 0
37306 0
37321 0
37355 0
37394 0
37411 0
37451 0
37461 0
37508 0
37512 0
37533 0
37575 0
37602 0
37624 0
37625 0
37654 0
37658 0
37687 0
37689 0
37745 0
37838 0
37843 0
37865 0
37879 0
37885 0
37911 0
37930 0
37946 0
37971 0
37979 0
37993 0
38022 0
38024 0
38079 0
38102 0
38135 0
38136 0
38204 0
38205 0
38218 0
38256 0
38259 0
38279 0
38280 0
38299 0
38317 0
38356 0
38379 0
38403 0
38459 0
38494 0
38512 0
38522 0
38556 0
38574 0
38588 0
38607 0
38627 0
38664 0
38683 0
38691 0
38831 0
38854 0
38892 0
38909 0
38948 0
38967 0
39020 0
39052 0
39061 0
39067 0
39076 0
39137 0
39201 0
39219 0
39260 0
39265 0
39272 0
39328 0
39335 0
39355 0
39358 0
39365 0
39416 0
39417 0
39428 0
39438 0
39439 0
39471 0
39495 0
39515 0
39520 0
39524 0
39535 0
39543 0
39576 0
39596 0
39605 0
39685 0
39689 0
39706 0
39737 0
39738 0
39761 0
39778 0
39823 0
39854 0
39869 0
39895 0
39900 0
39960 0
39994 0
39999 0
40034 0
40059 0
40064 0
40091 0
40120 0
40125 0
40129 0
40130 0
40139 0
40152 0
40154 0
40170 0
40186 0
40207 0
40218 0
40224 0
40228 0
40286 0
40327 0
40333 0
40340 0
40348 0
40450 0
40480 0
40559 0
40591 0
40596 0
40601 0
40669 0
40697 0
40706 0
40711 0
40757 0
40758 0
40781 0
40788 0
40821 0
40860 0
40876 0
40927 0
40962 0
40985 0
41005 0
41014 0
41037 0
41048 0
41051 0
41099 0
41116 0
41161 0
41203 0
41228 0
41251 0
41315 0
41343 0
41348 0
41421 0
41455 0
41476 0
41482 0
41502 0
41535 0
41614 0
41649 0
41653 0
41654 0
41659 0
41681 0
41731 0
41763 0
41764 0
41770 0
41799 0
41814 0
41833 0
41854 0
41856 0
41882 0
41885 0
41890 0
41899 0
41906 0
41920 0
41921 0
41947 0
41966 0
42002 0
42010 0
42026 0
42049 0
42161 0
42189 0
42190 0
42195 0
42210 0
42255 0
42269 0
42317 0
42322 0
42336 0
42338 0
42342 0
42405 0
42430 0
42435 0
42446 0
42448 0
42449 0
42450 0
42484 0
42493 0
42499 0
42519 0
42620 0
42625 0
42626 0
42652 0
42655 0
42670 0
42671 0
42682 0
42704 0
42713 0
42715 0
42740 0
42743 0
42779 0
42793 0
42811 0
42833 0
42845 0
42856 0
42930 0
42973 0
43001 0
43021 0
43054 0
43071 0
43094 0
43108 0
43129 0
43145 0
43154 0
43195 0
43227 0
43261 0
43442 0
43459 0
43480 0
43501 0
43510 0
43543 0
43551 0
43572 0
43585 0
43609 0
43643 0
43653 0
43709 0
43740 0
43797 0
43822 0
43823 0
43825 0
43856 0
43884 0
43932 0
43958 0
43983 0
44017 0
44025 0
44046 0
44061 0
44067 0
44179 0
44208 0
44224 0
44231 0
44236 0
44240 0
44257 0
44386 0
44420 0
44451 0
44472 0
44701 0
44724 0
44739 0
44749 0
44772 0
44783 0
44851 0
44889 0
44905 0
44962 0
45078 0
45096 0
45123 0
45124 0
45135 0
45142 0
45188 0
45189 0
45193 0
45240 0
45258 0
45296 0
45329 0
45334 0
45338 0
45358 0
45421 0
45430 0
45437 0
45468 0
45565 0
45588 0
45618 0
45666 0
45676 0
45710 0
45733 0
45756 0
45766 0
45805 0
45917 0
45922 0
45969 0
45972 0
46005 0
46020 0
46029 0
46063 0
46130 0
46159 0
46219 0
46224 0
46237 0
46243 0
46259 0
46272 0
46298 0
46346 0
46399 0
46428 0
46464 0
46472 0
46493 0
46517 0
46519 0
46531 0
46591 0
46599 0
46612 0
46650 0
46681 0
46686 0
46694 0
46732 0
46768 0
46875 0
46937 0
46952 0
46964 0
46967 0
46987 0
46992 0
47011 0
47091 0
47100 0
47109 0
47144 0
47148 0
47165 0
47167 0
47185 0
47226 0
47232 0
47252 0
47270 0
47296 0
47310 0
47317 0
47318 0
47426 0
47474 0
47488 0
47498 0
47580 0
47591 0
47595 0
47598 0
47654 0
47670 0
47686 0
47719 0
47776 0
47810 0
47841 0
47845 0
47853 0
47862 0
47879 0
47953 0
47987 0
48043 0
48055 0
48056 0
48087 0
48091 0
48177 0
48237 0
48275 0
48310 0
48350 0
48372 0
48406 0
48419 0
48442 0
48447 0
48485 0
48558 0
48581 0
48606 0
48621 0
48635 0
48659 0
48675 0
48680 0
48681 0
48689 0
48721 0
48785 0
48793 0
48807 0
48842 0
48892 0
48894 0
48917 0
48934 0
48940 0
48952 0
49000 0
49098 0
49124 0
49127 0
49135 0
49138 0
49147 0
49165 0
49180 0
49235 0
49239 0
49305 0
49317 0
49319 0
49343 0
49349 0
49462 0
49468 0
49499 0
49515 0
49516 0
49545 0
49546 0
49551 0
49557 0
49617 0
49667 0
49716 0
49721 0
49770 0
49799 0
49801 0
49847 0
49849 0
49877 0
49889 0
49944 0
49951 0
49953 0
14 1
22 1
49 1
59 1
72 1
80 1
99 1
102 1
181 1
261 1
266 1
272 1
362 1
384 1
385 1
407 1
416 1
420 1
449 1
488 1
498 1
531 1
553 1
622 1
624 1
637 1
669 1
728 1
742 1
749 1
848 1
864 1
915 1
928 1
945 1
957 1
963 1
968 1
990 1
1002 1
1034 1
1041 1
1043 1
1045 1
1051 1
1064 1
1077 1
1131 1
1147 1
1150 1
1224 1
1229 1
1326 1
1348 1
1369 1
1381 1
1420 1
1478 1
1498 1
1520 1
1525 1
1556 1
1560 1
1577 1
1604 1
1642 1
1696 1
1707 1
1728 1
1748 1
1753 1
1758 1
1771 1
1774 1
1801 1
1825 1
1876 1
1886 1
1892 1
1919 1
1972 1
1987 1
1997 1
2011 1
2029 1
2035 1
2036 1
2150 1
2197 1
2198 1
2212 1
2226 1
2239 1
2254 1
2326 1
2379 1
2417 1
2421 1
2424 1
2432 1
2437 1
2442 1
2464 1
2482 1
2483 1
2488 1
2544 1
2553 1
2583 1
2587 1
2606 1
2628 1
2660 1
2734 1
2761 1
2768 1
2770 1
2774 1
2846 1
2885 1
2910 1
2925 1
2973 1
3002 1
3025 1
3049 1
3063 1
3069 1
3079 1
3096 1
3121 1
3123 1
3150 1
3175 1
3195 1
3212 1
3215 1
3367 1
3425 1
3481 1
3483 1
3493 1
3518 1
3530 1
3537 1
3562 1
3574 1
3610 1
3674 1
3682 1
3704 1
3735 1
3758 1
3767 1
3791 1
3800 1
3809 1
3826 1
3829 1
3832 1
3844 1
3873 1
3894 1
3933 1
4042 1
4080 1
4199 1
4223 1
4264 1
4276 1
4336 1
4363 1
4378 1
4386 1
4413 1
4439 1
4456 1
4457 1
4470 1
4565 1
4569 1
4582 1
4631 1
4670 1
4675 1
4683 1
4684 1
4688 1
4696 1
4709 1
4710 1
4731 1
4764 1
4775 1
4803 1
4856 1
4875 1
4904 1
4956 1
5047 1
5087 1
5094 1
5129 1
5157 1
5176 1
5209 1
5230 1
5249 1
5271 1
5296 1
5299 1
5321 1
5379 1
5385 1
5391 1
5394 1
5456 1
5494 1
5523 1
5583 1
5595 1
5604 1
5652 1
5720 1
5725 1
5751 1
5839 1
5879 1
5914 1
5919 1
5943 1
5946 1
5958 1
5967 1
5993 1
6032 1
6036 1
6059 1
6121 1
6123 1
6128 1
6171 1
6227 1
6282 1
6290 1
6302 1
6327 1
6357 1
6398 1
6417 1
6419 1
6442 1
6454 1
6458 1
6459 1
6479 1
6488 1
6515 1
6537 1
6605 1
6619 1
6631 1
6639 1
6647 1
6872 1
6879 1
6881 1
6912 1
6914 1
6923 1
6949 1
6955 1
6957 1
7018 1
7062 1
7145 1
7156 1
7185 1
7196 1
7209 1
7266 1
7285 1
7313 1
7342 1
7411 1
7448 1
7466 1
7480 1
7502 1
7527 1
7573 1
7582 1
7660 1
7697 1
7720 1
7737 1
7838 1
7866 1
7876 1
7886 1
7887 1
7897 1
7938 1
7957 1
7962 1
7967 1
7987 1
8007 1
8008 1
8037 1
8038 1
8057 1
8067 1
8104 1
8121 1
8159 1
8176 1
8245 1
8250 1
8276 1
8331 1
8344 1
8362 1
8396 1
8411 1
8420 1
8440 1
8444 1
8453 1
8496 1
8506 1
8541 1
8554 1
8655 1
8660 1
8701 1
8708 1
8717 1
8729 1
8764 1
8845 1
8883 1
8887 1
8930 1
8964 1
8976 1
8980 1
8983 1
8994 1
9019 1
9047 1
9097 1
9138 1
9193 1
9202 1
9204 1
9240 1
9241 1
9272 1
9285 1
9290 1
9316 1
9326 1
9347 1
9382 1
9406 1
9448 1
9452 1
9456 1
9458 1
9541 1
9547 1
9591 1
9605 1
9629 1
9686 1
9702 1
9703 1
9733 1
9759 1
9778 1
9855 1
9873 1
9886 1
9909 1
9916 1
9917 1
9976 1
9994 1
10020 1
10051 1
10063 1
10064 1
10065 1
10133 1
10155 1
10165 1
10200 1
10202 1
10216 1
10223 1
10250 1
10275 1
10329 1
10350 1
10354 1
10357 1
10407 1
10416 1
10476 1
10479 1
10563 1
10591 1
10615 1
10641 1
10665 1
10716 1
10730 1
10752 1
10763 1
10764 1
10774 1
10834 1
10836 1
10868 1
10877 1
10911 1
10926 1
10949 1
10951 1
10960 1
10976 1
11005 1
11012 1
11024 1
11026 1
11028 1
11030 1
11032 1
11058 1
11060 1
11082 1
11084 1
11088 1
11104 1
11141 1
11143 1
11150 1
11188 1
11192 1
11200 1
11228 1
11241 1
11269 1
11286 1
11311 1
11339 1
11355 1
11362 1
11390 1
11398 1
11422 1
11442 1
11462 1
11484 1
11485 1
11496 1
11551 1
11562 1
11574 1
11646 1
11667 1
11668 1
11686 1
11704 1
11720 1
11727 1
11805 1
11810 1
11811 1
11820 1
11854 1
11861 1
11888 1
11912 1
11945 1
11982 1
11985 1
12040 1
12065 1
12088 1
12096 1
12111 1
12135 1
12136 1
12164 1
12201 1
12251 1
12277 1
12334 1
12353 1
12356 1
12370 1
12384 1
12449 1
12462 1
12484 1
12485 1
12515 1
12527 1
12630 1
12707 1
12721 1
12737 1
12748 1
12764 1
12806 1
12825 1
12832 1
12839 1
12866 1
12870 1
12887 1
12889 1
12911 1
12930 1
12984 1
13025 1
13067 1
13075 1
13076 1
13085 1
13097 1
13116 1
13133 1
13137 1
13168 1
13180 1
13254 1
13270 1
13345 1
13346 1
13360 1
13394 1
13422 1
13435 1
13450 1
13467 1
13486 1
13541 1
13565 1
13571 1
13576 1
13597 1
13616 1
13703 1
13724 1
13782 1
13786 1
13788 1
13827 1
13835 1
13877 1
13890 1
13928 1
13968 1
13981 1
14009 1
14087 1
14113 1
14237 1
14241 1
14247 1
14280 1
14292 1
14303 1
14328 1
14337 1
14372 1
14380 1
14404 1
14426 1
14427 1
14439 1
14451 1
14452 1
14485 1
14495 1
14496 1
14504 1
14509 1
14535 1
14582 1
14587 1
14625 1
14641 1
14697 1
14706 1
14714 1
14793 1
14808 1
14816 1
14882 1
14894 1
14896 1
14910 1
14933 1
14937 1
14940 1
14965 1
14971 1
14976 1
15039 1
15043 1
15069 1
15101 1
15106 1
15140 1
15153 1
15177 1
15202 1
15211 1
15242 1
15247 1
15314 1
15355 1
15425 1
15499 1
15513 1
15551 1
15579 1
15582 1
15605 1
15618 1
15623 1
15625 1
15630 1
15704 1
15805 1
15811 1
15843 1
15858 1
15888 1
15894 1
15927 1
15931 1
15934 1
15936 1
15944 1
15961 1
15993 1
16000 1
16013 1
16087 1
16109 1
16121 1
16122 1
16188 1
16194 1
16271 1
16308 1
16320 1
16345 1
16363 1
16400 1
16444 1
16496 1
16527 1
16546 1
16547 1
16554 1
16579 1
16599 1
16636 1
16638 1
16691 1
16716 1
16726 1
16740 1
16743 1
16809 1
16818 1
16837 1
16851 1
16866 1
16872 1
16901 1
16983 1
16987 1
16997 1
17004 1
17005 1
17007 1
17028 1
17047 1
17131 1
17136 1
17151 1
17177 1
17201 1
17261 1
17305 1
17314 1
17341 1
17359 1
17436 1
17454 1
17459 1
17550 1
17584 1
17601 1
17620 1
17645 1
17656 1
17671 1
17681 1
17690 1
17710 1
17718 1
17736 1
17751 1
17771 1
17772 1
17787 1
17806 1
17917 1
17924 1
17925 1
17936 1
17942 1
17945 1
17985 1
18036 1
18060 1
18066 1
18070 1
18078 1
18080 1
18113 1
18198 1
18221 1
18270 1
18279 1
18283 1
18288 1
18300 1
18310 1
18313 1
18320 1
18328 1
18354 1
18362 1
18375 1
18431 1
18450 1
18461 1
18469 1
18473 1
18487 1
18489 1
18518 1
18519 1
18539 1
18575 1
18704 1
18762 1
18806 1
18829 1
18884 1
18897 1
18913 1
18947 1
18971 1
18988 1
19005 1
19053 1
19059 1
19148 1
19154 1
19163 1
19171 1
19195 1
19208 1
19210 1
19217 1
19227 1
19233 1
19241 1
19244 1
19284 1
19328 1
19388 1
19443 1
19459 1
19513 1
19546 1
19563 1
19655 1
19714 1
19747 1
19752 1
19837 1
19876 1
19882 1
19916 1
19941 1
19951 1
19952 1
19954 1
20000 1
20029 1
20059 1
20113 1
20121 1
20184 1
20269 1
20279 1
20280 1
20335 1
20352 1
20402 1
20404 1
20425 1
20451 1
20519 1
20521 1
20525 1
20526 1
20547 1
20548 1
20558 1
20561 1
20625 1
20630 1
20699 1
20704 1
20790 1
20799 1
20849 1
20886 1
20892 1
20905 1
20927 1
21068 1
21122 1
21159 1
21208 1
21227 1
21235 1
21269 1
21314 1
21315 1
21372 1
21374 1
21397 1
21398 1
21408 1
21417 1
21453 1
21480 1
21606 1
21631 1
21657 1
21775 1
21782 1
21783 1
21810 1
21818 1
21846 1
21935 1
22022 1
22028 1
22079 1
22081 1
22138 1
22146 1
22153 1
22155 1
22185 1
22409 1
22439 1
22441 1
22458 1
22462 1
22500 1
22518 1
22610 1
22661 1
22790 1
22826 1
22855 1
22865 1
22910 1
22914 1
22926 1
22979 1
23024 1
23035 1
23038 1
23070 1
23092 1
23112 1
23126 1
23156 1
23160 1
23163 1
23168 1
23176 1
23189 1
23223 1
23225 1
23245 1
23264 1
23325 1
23339 1
23375 1
23396 1
23398 1
23406 1
23421 1
23425 1
23448 1
23472 1
23475 1
23514 1
23517 1
23558 1
23585 1
23586 1
23616 1
23620 1
23623 1
23624 1
23693 1
23706 1
23739 1
23744 1
23752 1
23784 1
23873 1
23883 1
23885 1
23894 1
23898 1
23921 1
23941 1
24034 1
24085 1
24086 1
24097 1
24113 1
24154 1
24178 1
24218 1
24219 1
24240 1
24242 1
24251 1
24291 1
24320 1
24330 1
24347 1
24359 1
24407 1
24410 1
24495 1
24508 1
24539 1
24559 1
24570 1
24582 1
24609 1
24611 1
24663 1
24809 1
24826 1
24828 1
24837 1
24847 1
24851 1
24874 1
24908 1
24910 1
24919 1
24978 1
24998 1
25021 1
25054 1
25070 1
25076 1
25086 1
25101 1
25115 1
25149 1
25213 1
25218 1
25259 1
25366 1
25381 1
25433 1
25434 1
25468 1
25492 1
25495 1
25516 1
25654 1
25676 1
25729 1
25731 1
25736 1
25764 1
25796 1
25810 1
25855 1
25873 1
25892 1
25913 1
25917 1
25969 1
25995 1
26025 1
26027 1
26030 1
26047 1
26067 1
26079 1
26095 1
26126 1
26149 1
26173 1
26179 1
26204 1
26208 1
26227 1
26269 1
26292 1
26304 1
26311 1
26344 1
26346 1
26375 1
26382 1
26387 1
26393 1
26473 1
26483 1
26486 1
26495 1
26550 1
26620 1
26633 1
26643 1
26666 1
26674 1
26684 1
26719 1
26739 1
26765 1
26774 1
26810 1
26842 1
26850 1
26916 1
26935 1
26954 1
27008 1
27011 1
27081 1
27099 1
27132 1
27141 1
27144 1
27183 1
27246 1
27251 1
27258 1
27298 1
27317 1
27327 1
27446 1
27501 1
27516 1
27543 1
27565 1
27609 1
27619 1
27635 1
27653 1
27657 1
27664 1
27679 1
27697 1
27698 1
27704 1
27712 1
27713 1
27732 1
27764 1
27776 1
27799 1
27839 1
27867 1
27875 1
27918 1
27957 1
27976 1
27992 1
28032 1
28071 1
28090 1
28100 1
28123 1
28152 1
28202 1
28235 1
28236 1
28292 1
28305 1
28421 1
28445 1
28471 1
28492 1
28519 1
28566 1
28737 1
28768 1
28776 1
28780 1
28806 1
28877 1
28897 1
28925 1
28933 1
28965 1
28985 1
28986 1
29004 1
29006 1
29019 1
29047 1
29084 1
29110 1
29138 1
29163 1
29190 1
29231 1
29272 1
29370 1
29408 1
29427 1
29438 1
29472 1
29504 1
29505 1
29517 1
29524 1
29535 1
29582 1
29596 1
29622 1
29624 1
29645 1
29648 1
29654 1
29690 1
29722 1
29723 1
29728 1
29729 1
29735 1
29757 1
29844 1
29845 1
29852 1
29890 1
30024 1
30038 1
30046 1
30065 1
30085 1
30107 1
30111 1
30113 1
30123 1
30168 1
30205 1
30214 1
30216 1
30267 1
30291 1
30303 1
30305 1
30321 1
30347 1
30348 1
30387 1
30404 1
30454 1
30484 1
30502 1
30510 1
30560 1
30588 1
30606 1
30612 1
30633 1
30637 1
30714 1
30764 1
30820 1
30837 1
30855 1
30861 1
30870 1
30904 1
30948 1
31000 1
31010 1
31044 1
31108 1
31122 1
31180 1
31188 1
31232 1
31287 1
31372 1
31387 1
31456 1
31498 1
31507 1
31510 1
31551 1
31555 1
31597 1
31656 1
31683 1
31696 1
31702 1
31723 1
31729 1
31732 1
31802 1
31836 1
31848 1
31852 1
31874 1
31879 1
31897 1
31905 1
31925 1
32025 1
32101 1
32112 1
32150 1
32183 1
32265 1
32278 1
32315 1
32334 1
32382 1
32391 1
32398 1
32416 1
32421 1
32424 1
32504 1
32534 1
32571 1
32592 1
32607 1
32666 1
32683 1
32713 1
32768 1
32792 1
32818 1
32874 1
32876 1
32882 1
32916 1
32942 1
32971 1
32989 1
33018 1
33111 1
33187 1
33191 1
33207 1
33230 1
33266 1
33300 1
33322 1
33372 1
33377 1
33427 1
33447 1
33477 1
33500 1
33522 1
33557 1
33588 1
33596 1
33621 1
33644 1
33659 1
33669 1
33670 1
33705 1
33718 1
33758 1
33760 1
33785 1
33789 1
33902 1
33939 1
34033 1
34092 1
34110 1
34132 1
34152 1
34163 1
34164 1
34220 1
34232 1
34248 1
34255 1
34265 1
34353 1
34354 1
34401 1
34466 1
34484 1
34491 1
34493 1
34533 1
34614 1
34641 1
34660 1
34665 1
34692 1
34784 1
34787 1
34795 1
34854 1
34875 1
34884 1
34889 1
34927 1
34935 1
34987 1
34999 1
35012 1
35033 1
35039 1
35127 1
35154 1
35159 1
35167 1
35181 1
35187 1
35192 1
35194 1
35223 1
35224 1
35239 1
35252 1
35278 1
35293 1
35302 1
35306 1
35342 1
35343 1
35353 1
35381 1
35463 1
35486 1
35505 1
35512 1
35518 1
35519 1
35538 1
35549 1
35562 1
35572 1
35578 1
35584 1
35612 1
35630 1
35678 1
35711 1
35742 1
35747 1
35750 1
35766 1
35842 1
35850 1
35857 1
35866 1
35894 1
35933 1
35948 1
35965 1
36005 1
36019 1
36020 1
36024 1
36052 1
36067 1
36155 1
36174 1
36193 1
36219 1
36228 1
36234 1
36237 1
36255 1
36267 1
36268 1
36380 1
36402 1
36403 1
36407 1
36412 1
36442 1
36460 1
36479 1
36499 1
36508 1
36524 1
36527 1
36538 1
36565 1
36598 1
36606 1
36618 1
36638 1
36670 1
36681 1
36711 1
36759 1
36764 1
36778 1
36798 1
36833 1
36834 1
36869 1
36934 1
36946 1
37095 1
37150 1
37223 1
37225 1
37235 1
37236 1
37240 1
37292 1
37301 1
37315 1
37346 1
37366 1
37380 1
37390 1
37405 1
37457 1
37462 1
37469 1
37480 1
37488 1
37502 1
37561 1
37577 1
37588 1
37591 1
37596 1
37634 1
37663 1
37667 1
37678 1
37686 1
37701 1
37724 1
37727 1
37728 1
37747 1
37759 1
37763 1
37826 1
37850 1
37875 1
37892 1
37905 1
37913 1
37926 1
37942 1
38017 1
38034 1
38038 1
38042 1
38053 1
38055 1
38080 1
38121 1
38127 1
38148 1
38153 1
38154 1
38157 1
38163 1
38168 1
38174 1
38178 1
38199 1
38214 1
38216 1
38276 1
38291 1
38325 1
38338 1
38358 1
38370 1
38371 1
38378 1
38434 1
38481 1
38503 1
38507 1
38521 1
38524 1
38552 1
38559 1
38567 1
38576 1
38668 1
38677 1
38779 1
38813 1
38824 1
38829 1
38832 1
38838 1
38849 1
38878 1
38930 1
38993 1
39015 1
39017 1
39021 1
39100 1
39135 1
39150 1
39155 1
39165 1
39167 1
39220 1
39246 1
39322 1
39359 1
39374 1
39387 1
39390 1
39445 1
39491 1
39506 1
39533 1
39579 1
39604 1
39609 1
39672 1
39703 1
39729 1
39747 1
39791 1
39802 1
39827 1
39902 1
39913 1
39933 1
39945 1
39977 1
40003 1
40042 1
40070 1
40076 1
40087 1
40142 1
40149 1
40179 1
40181 1
40191 1
40256 1
40315 1
40338 1
40353 1
40390 1
40407 1
40431 1
40446 1
40467 1
40483 1
40581 1
40631 1
40640 1
40656 1
40657 1
40663 1
40670 1
40720 1
40725 1
40759 1
40770 1
40784 1
40809 1
40846 1
40852 1
40911 1
40934 1
40942 1
40958 1
41007 1
41035 1
41049 1
41057 1
41083 1
41086 1
41096 1
41127 1
41141 1
41145 1
41191 1
41199 1
41224 1
41271 1
41284 1
41334 1
41365 1
41411 1
41430 1
41452 1
41495 1
41498 1
41514 1
41524 1
41530 1
41538 1
41539 1
41563 1
41580 1
41604 1
41619 1
41633 1
41651 1
41655 1
41690 1
41699 1
41717 1
41728 1
41729 1
41762 1
41766 1
41792 1
41796 1
41802 1
41824 1
41911 1
41962 1
41997 1
42012 1
42014 1
42034 1
42040 1
42052 1
42053 1
42058 1
42094 1
42188 1
42191 1
42218 1
42264 1
42267 1
42326 1
42364 1
42403 1
42480 1
42492 1
42531 1
42542 1
42545 1
42582 1
42607 1
42611 1
42631 1
42644 1
42694 1
42719 1
42762 1
42764 1
42772 1
42773 1
42808 1
42830 1
42835 1
42848 1
42859 1
42860 1
42862 1
42872 1
42873 1
42885 1
42911 1
42968 1
43010 1
43025 1
43069 1
43070 1
43090 1
43103 1
43125 1
43133 1
43136 1
43141 1
43150 1
43191 1
43239 1
43248 1
43391 1
43399 1
43414 1
43431 1
43440 1
43460 1
43463 1
43471 1
43479 1
43486 1
43521 1
43531 1
43556 1
43565 1
43606 1
43625 1
43701 1
43711 1
43796 1
43831 1
43853 1
43887 1
43891 1
43894 1
43977 1
44063 1
44096 1
44112 1
44114 1
44175 1
44185 1
44204 1
44278 1
44298 1
44307 1
44347 1
44358 1
44377 1
44383 1
44419 1
44526 1
44578 1
44659 1
44665 1
44694 1
44717 1
44789 1
44791 1
44805 1
44809 1
44818 1
44850 1
44853 1
44868 1
44879 1
44894 1
44896 1
44911 1
44956 1
44983 1
44986 1
45003 1
45044 1
45063 1
45081 1
45083 1
45092 1
45127 1
45158 1
45200 1
45203 1
45214 1
45218 1
45222 1
45235 1
45250 1
45265 1
45267 1
45268 1
45281 1
45308 1
45323 1
45350 1
45363 1
45369 1
45435 1
45549 1
45560 1
45562 1
45566 1
45582 1
45583 1
45629 1
45633 1
45640 1
45673 1
45762 1
45810 1
45828 1
45865 1
45938 1
45957 1
45981 1
45995 1
45997 1
46006 1
46016 1
46019 1
46057 1
46066 1
46071 1
46107 1
46113 1
46118 1
46145 1
46158 1
46169 1
46170 1
46183 1
46185 1
46275 1
46312 1
46333 1
46387 1
46401 1
46456 1
46503 1
46529 1
46533 1
46535 1
46554 1
46598 1
46679 1
46695 1
46751 1
46792 1
46810 1
46854 1
46860 1
46872 1
46910 1
46914 1
46927 1
46944 1
46950 1
46955 1
46991 1
47031 1
47053 1
47056 1
47061 1
47063 1
47097 1
47103 1
47108 1
47125 1
47135 1
47136 1
47195 1
47210 1
47256 1
47307 1
47316 1
47328 1
47357 1
47363 1
47365 1
47407 1
47431 1
47471 1
47486 1
47497 1
47502 1
47526 1
47533 1
47559 1
47569 1
47597 1
47614 1
47653 1
47674 1
47703 1
47704 1
47706 1
47737 1
47743 1
47826 1
47857 1
47888 1
47889 1
47993 1
48023 1
48028 1
48077 1
48086 1
48131 1
48153 1
48284 1
48289 1
48297 1
48312 1
48323 1
48341 1
48355 1
48356 1
48375 1
48382 1
48396 1
48426 1
48429 1
48490 1
48496 1
48516 1
48527 1
48555 1
48563 1
48585 1
48601 1
48625 1
48671 1
48699 1
48708 1
48719 1
48728 1
48747 1
48795 1
48796 1
48876 1
48924 1
48981 1
48999 1
49027 1
49043 1
49045 1
49053 1
49121 1
49152 1
49207 1
49213 1
49247 1
49299 1
49325 1
49327 1
49331 1
49335 1
49342 1
49371 1
49379 1
49381 1
49412 1
49428 1
49433 1
49449 1
49480 1
49493 1
49517 1
49524 1
49528 1
49542 1
49625 1
49633 1
49663 1
49675 1
49696 1
49706 1
49739 1
49761 1
49800 1
49807 1
49809 1
49818 1
49859 1
49868 1
49967 1
49974 1
49976 1
64 2
88 2
132 2
220 2
262 2
285 2
293 2
321 2
363 2
368 2
455 2
494 2
495 2
550 2
557 2
615 2
648 2
662 2
670 2
706 2
743 2
835 2
863 2
877 2
917 2
918 2
941 2
951 2
1029 2
1084 2
1107 2
1137 2
1145 2
1171 2
1255 2
1258 2
1277 2
1285 2
1377 2
1407 2
1410 2
1414 2
1428 2
1431 2
1484 2
1495 2
1501 2
1504 2
1528 2
1531 2
1562 2
1602 2
1612 2
1670 2
1698 2
1750 2
1806 2
1902 2
1906 2
1926 2
1984 2
1985 2
2006 2
2021 2
2028 2
2057 2
2069 2
2099 2
2146 2
2149 2
2211 2
2238 2
2260 2
2273 2
2303 2
2352 2
2357 2
2358 2
2362 2
2378 2
2397 2
2434 2
2454 2
2458 2
2460 2
2495 2
2506 2
2598 2
2611 2
2689 2
2715 2
2725 2
2784 2
2801 2
2822 2
2823 2
2855 2
2870 2
2875 2
2877 2
2944 2
2949 2
2963 2
2989 2
3026 2
3047 2
3074 2
3102 2
3103 2
3132 2
3213 2
3226 2
3228 2
3233 2
3238 2
3280 2
3300 2
3311 2
3355 2
3398 2
3486 2
3544 2
3626 2
3637 2
3642 2
3676 2
3740 2
3745 2
3753 2
3754 2
3764 2
3771 2
3843 2
3877 2
3889 2
3898 2
3918 2
4004 2
4016 2
4019 2
4061 2
4088 2
4100 2
4102 2
4124 2
4131 2
4149 2
4197 2
4198 2
4214 2
4217 2
4237 2
4248 2
4306 2
4343 2
4434 2
4467 2
4481 2
4551 2
4589 2
4602 2
4609 2
4629 2
4659 2
4680 2
4686 2
4699 2
4706 2
4759 2
4763 2
4767 2
4821 2
4833 2
4835 2
4850 2
4864 2
4885 2
4901 2
4926 2
4957 2
4988 2
4992 2
5015 2
5050 2
5064 2
5070 2
5106 2
5113 2
5122 2
5141 2
5191 2
5205 2
5224 2
5256 2
5261 2
5294 2
5323 2
5343 2
5371 2
5445 2
5466 2
5470 2
5502 2
5513 2
5563 2
5569 2
5573 2
5584 2
5589 2
5600 2
5672 2
5690 2
5741 2
5755 2
5769 2
5786 2
5794 2
5805 2
5864 2
5936 2
5990 2
6005 2
6019 2
6037 2
6127 2
6168 2
6183 2
6184 2
6215 2
6245 2
6247 2
6259 2
6288 2
6335 2
6389 2
6484 2
6499 2
6545 2
6573 2
6606 2
6629 2
6723 2
6731 2
6746 2
6782 2
6866 2
6901 2
6958 2
6968 2
7000 2
7023 2
7038 2
7039 2
7050 2
7078 2
7103 2
7144 2
7181 2
7186 2
7193 2
7204 2
7239 2
7273 2
7291 2
7310 2
7324 2
7328 2
7335 2
7381 2
7423 2
7446 2
7465 2
7490 2
7499 2
7546 2
7647 2
7653 2
7676 2
7728 2
7778 2
7814 2
7820 2
7899 2
7929 2
7966 2
7981 2
8000 2
8028 2
8046 2
8098 2
8174 2
8203 2
8224 2
8278 2
8314 2
8315 2
8393 2
8406 2
8464 2
8502 2
8518 2
8539 2
8550 2
8561 2
8575 2
8597 2
8615 2
8657 2
8658 2
8678 2
8682 2
8683 2
8710 2
8742 2
8755 2
8774 2
8797 2
8815 2
8826 2
8833 2
8842 2
8855 2
8862 2
8864 2
8879 2
8928 2
8957 2
8982 2
8998 2
9004 2
9020 2
9039 2
9113 2
9135 2
9170 2
9213 2
9242 2
9249 2
9267 2
9274 2
9334 2
9407 2
9420 2
9462 2
9520 2
9565 2
9569 2
9570 2
9582 2
9608 2
9627 2
9671 2
9673 2
9677 2
9707 2
9709 2
9755 2
9803 2
9818 2
9827 2
9840 2
9857 2
9862 2
9869 2
9876 2
9888 2
9896 2
9897 2
9902 2
9905 2
9925 2
9942 2
9945 2
9950 2
9959 2
10024 2
10042 2
10059 2
10080 2
10083 2
10105 2
10135 2
10157 2
10191 2
10217 2
10264 2
10284 2
10300 2
10343 2
10417 2
10428 2
10461 2
10488 2
10498 2
10538 2
10579 2
10584 2
10585 2
10587 2
10602 2
10623 2
10626 2
10657 2
10682 2
10706 2
10712 2
10754 2
10755 2
10795 2
10811 2
10817 2
10888 2
10966 2
10991 2
11008 2
11016 2
11031 2
11037 2
11086 2
11097 2
11103 2
11119 2
11137 2
11233 2
11251 2
11261 2
11277 2
11283 2
11285 2
11386 2
11443 2
11451 2
11487 2
11517 2
11530 2
11572 2
11577 2
11583 2
11595 2
11597 2
11622 2
11655 2
11657 2
11673 2
11676 2
11683 2
11774 2
11841 2
11880 2
11934 2
11942 2
11952 2
11973 2
12014 2
12023 2
12029 2
12059 2
12066 2
12068 2
12160 2
12173 2
12186 2
12223 2
12243 2
12260 2
12315 2
12323 2
12367 2
12375 2
12379 2
12385 2
12389 2
12408 2
12435 2
12438 2
12466 2
12474 2
12498 2
12507 2
12523 2
12574 2
12591 2
12593 2
12598 2
12605 2
12622 2
12646 2
12664 2
12681 2
12807 2
12820 2
12834 2
12874 2
12936 2
12975 2
13022 2
13034 2
13080 2
13128 2
13141 2
13153 2
13154 2
13157 2
13164 2
13216 2
13218 2
13352 2
13366 2
13378 2
13412 2
13460 2
13469 2
13498 2
13513 2
13514 2
13515 2
13545 2
13591 2
13640 2
13690 2
13696 2
13713 2
13719 2
13791 2
13824 2
13938 2
13967 2
14010 2
14023 2
14042 2
14067 2
14116 2
14138 2
14144 2
14194 2
14198 2
14214 2
14236 2
14266 2
14273 2
14277 2
14289 2
14315 2
14348 2
14365 2
14371 2
14405 2
14408 2
14444 2
14455 2
14492 2
14505 2
14539 2
14553 2
14558 2
14560 2
14570 2
14586 2
14627 2
14657 2
14673 2
14736 2
14740 2
14767 2
14798 2
14830 2
14897 2
14930 2
14961 2
14964 2
14980 2
14993 2
15075 2
15084 2
15095 2
15108 2
15185 2
15200 2
15219 2
15233 2
15275 2
15290 2
15327 2
15333 2
15360 2
15369 2
15378 2
15398 2
15413 2
15441 2
15445 2
15455 2
15457 2
15478 2
15485 2
15489 2
15493 2
15506 2
15517 2
15603 2
15606 2
15653 2
15695 2
15715 2
15743 2
15763 2
15765 2
15820 2
15822 2
15825 2
15831 2
15841 2
15860 2
15882 2
15904 2
15923 2
15945 2
15946 2
16016 2
16018 2
16055 2
16062 2
16082 2
16083 2
16105 2
16106 2
16141 2
16162 2
16165 2
16171 2
16254 2
16316 2
16317 2
16318 2
16323 2
16356 2
16361 2
16366 2
16381 2
16475 2
16480 2
16486 2
16489 2
16513 2
16551 2
16572 2
16585 2
16603 2
16647 2
16750 2
16796 2
16808 2
16853 2
16880 2
16891 2
16945 2
16977 2
17037 2
17038 2
17054 2
17056 2
17057 2
17063 2
17088 2
17092 2
17096 2
17116 2
17180 2
17211 2
17216 2
17283 2
17296 2
17322 2
17331 2
17346 2
17400 2
17418 2
17447 2
17457 2
17510 2
17512 2
17513 2
17564 2
17612 2
17619 2
17621 2
17637 2
17658 2
17666 2
17699 2
17891 2
17892 2
17938 2
17958 2
17972 2
17984 2
18002 2
18012 2
18013 2
18015 2
18064 2
18083 2
18097 2
18108 2
18125 2
18153 2
18158 2
18217 2
18218 2
18229 2
18236 2
18245 2
18331 2
18358 2
18359 2
18381 2
18402 2
18510 2
18553 2
18592 2
18646 2
18656 2
18671 2
18685 2
18731 2
18752 2
18796 2
18813 2
18824 2
18827 2
18850 2
18858 2
18864 2
18893 2
18908 2
18909 2
18915 2
18960 2
18999 2
19007 2
19012 2
19040 2
19047 2
19111 2
19204 2
19228 2
19255 2
19256 2
19285 2
19308 2
19327 2
19366 2
19398 2
19470 2
19538 2
19590 2
19624 2
19694 2
19697 2
19740 2
19766 2
19832 2
19847 2
19852 2
19863 2
19868 2
19878 2
19985 2
20001 2
20002 2
20047 2
20069 2
20074 2
20093 2
20178 2
20186 2
20187 2
20262 2
20289 2
20307 2
20324 2
20374 2
20381 2
20400 2
20412 2
20426 2
20440 2
20485 2
20520 2
20545 2
20605 2
20611 2
20643 2
20679 2
20719 2
20735 2
20756 2
20782 2
20831 2
20842 2
20851 2
20864 2
20874 2
20891 2
20909 2
20913 2
20923 2
20925 2
20933 2
20953 2
20981 2
20984 2
20986 2
21007 2
21051 2
21089 2
21192 2
21206 2
21215 2
21284 2
21289 2
21298 2
21353 2
21371 2
21401 2
21405 2
21432 2
21476 2
21481 2
21503 2
21506 2
21528 2
21537 2
21551 2
21572 2
21616 2
21648 2
21653 2
21662 2
21715 2
21778 2
21795 2
21868 2
21873 2
21953 2
21956 2
22068 2
22076 2
22115 2
22123 2
22137 2
22168 2
22172 2
22202 2
22240 2
22264 2
22328 2
22348 2
22351 2
22370 2
22434 2
22456 2
22469 2
22471 2
22493 2
22526 2
22549 2
22570 2
22582 2
22602 2
22605 2
22624 2
22635 2
22642 2
22651 2
22740 2
22750 2
22760 2
22818 2
22825 2
22834 2
22864 2
22935 2
22941 2
22944 2
22978 2
23022 2
23028 2
23136 2
23145 2
23148 2
23177 2
23191 2
23226 2
23238 2
23278 2
23280 2
23308 2
23346 2
23349 2
23362 2
23374 2
23391 2
23426 2
23484 2
23490 2
23523 2
23533 2
23538 2
23583 2
23591 2
23640 2
23646 2
23651 2
23662 2
23673 2
23700 2
23746 2
23761 2
23787 2
23796 2
23797 2
23805 2
23808 2
23872 2
23880 2
23884 2
23889 2
23904 2
23916 2
23953 2
24004 2
24025 2
24029 2
24037 2
24047 2
24048 2
24109 2
24144 2
24146 2
24164 2
24206 2
24212 2
24254 2
24271 2
24322 2
24380 2
24398 2
24424 2
24462 2
24470 2
24511 2
24528 2
24595 2
24616 2
24629 2
24633 2
24645 2
24647 2
24651 2
24657 2
24659 2
24683 2
24697 2
24720 2
24722 2
24731 2
24772 2
24799 2
24812 2
24821 2
24830 2
24835 2
24871 2
24875 2
24882 2
24895 2
25023 2
25092 2
25141 2
25157 2
25168 2
25176 2
25186 2
25237 2
25264 2
25270 2
25276 2
25289 2
25291 2
25302 2
25330 2
25431 2
25490 2
25535 2
25542 2
25553 2
25557 2
25559 2
25596 2
25598 2
25608 2
25622 2
25626 2
25669 2
25705 2
25725 2
25783 2
25801 2
25809 2
25825 2
25827 2
25832 2
25842 2
25942 2
25954 2
25960 2
25975 2
26037 2
26088 2
26090 2
26101 2
26108 2
26139 2
26153 2
26166 2
26182 2
26235 2
26239 2
26263 2
26285 2
26314 2
26337 2
26372 2
26406 2
26440 2
26454 2
26459 2
26517 2
26553 2
26576 2
26579 2
26590 2
26601 2
26605 2
26649 2
26724 2
26770 2
26788 2
26890 2
26903 2
26910 2
26981 2
26982 2
26987 2
27045 2
27060 2
27096 2
27160 2
27191 2
27199 2
27205 2
27210 2
27266 2
27302 2
27335 2
27373 2
27389 2
27436 2
27467 2
27496 2
27500 2
27505 2
27527 2
27533 2
27535 2
27554 2
27575 2
27595 2
27671 2
27677 2
27681 2
27688 2
27726 2
27777 2
27780 2
27849 2
27888 2
27891 2
27942 2
27975 2
27997 2
28027 2
28036 2
28041 2
28043 2
28108 2
28118 2
28130 2
28167 2
28203 2
28242 2
28285 2
28334 2
28349 2
28368 2
28398 2
28399 2
28437 2
28449 2
28465 2
28568 2
28670 2
28695 2
28733 2
28739 2
28756 2
28765 2
28787 2
28794 2
28850 2
28869 2
28891 2
28909 2
28927 2
28934 2
28942 2
28969 2
28971 2
29029 2
29038 2
29044 2
29046 2
29053 2
29056 2
29092 2
29104 2
29113 2
29122 2
29147 2
29170 2
29214 2
29238 2
29257 2
29281 2
29293 2
29328 2
29329 2
29330 2
29351 2
29361 2
29413 2
29444 2
29469 2
29522 2
29534 2
29616 2
29639 2
29640 2
29656 2
29681 2
29708 2
29750 2
29810 2
29813 2
29910 2
29963 2
29993 2
30050 2
30052 2
30069 2
30152 2
30174 2
30195 2
30197 2
30207 2
30219 2
30224 2
30275 2
30298 2
30411 2
30423 2
30433 2
30448 2
30471 2
30480 2
30505 2
30519 2
30535 2
30561 2
30568 2
30574 2
30596 2
30608 2
30615 2
30627 2
30708 2
30790 2
30802 2
30835 2
30844 2
30886 2
30915 2
30967 2
30981 2
31005 2
31040 2
31051 2
31075 2
31078 2
31083 2
31098 2
31140 2
31172 2
31209 2
31215 2
31254 2
31306 2
31379 2
31388 2
31395 2
31438 2
31453 2
31486 2
31494 2
31523 2
31534 2
31635 2
31645 2
31657 2
31734 2
31738 2
31768 2
31798 2
31818 2
31823 2
31844 2
31892 2
31894 2
31955 2
31993 2
32007 2
32024 2
32042 2
32050 2
32056 2
32108 2
32170 2
32182 2
32191 2
32194 2
32223 2
32227 2
32252 2
32264 2
32268 2
32270 2
32287 2
32293 2
32313 2
32337 2
32341 2
32345 2
32347 2
32370 2
32371 2
32387 2
32406 2
32419 2
32430 2
32474 2
32481 2
32599 2
32609 2
32623 2
32630 2
32631 2
32663 2
32711 2
32719 2
32732 2
32756 2
32762 2
32776 2
32784 2
32836 2
32838 2
32857 2
32860 2
32913 2
32918 2
32920 2
32933 2
33001 2
33014 2
33082 2
33124 2
33132 2
33135 2
33166 2
33219 2
33232 2
33247 2
33272 2
33276 2
33289 2
33331 2
33351 2
33448 2
33495 2
33501 2
33514 2
33552 2
33585 2
33624 2
33712 2
33715 2
33716 2
33719 2
33720 2
33733 2
33734 2
33781 2
33848 2
33854 2
33865 2
33871 2
33879 2
33910 2
33924 2
33962 2
34004 2
34028 2
34107 2
34122 2
34172 2
34197 2
34276 2
34335 2
34352 2
34356 2
34357 2
34377 2
34397 2
34411 2
34438 2
34445 2
34490 2
34505 2
34586 2
34608 2
34628 2
34651 2
34652 2
34673 2
34677 2
34737 2
34744 2
34783 2
34791 2
34817 2
34824 2
34893 2
34912 2
35010 2
35053 2
35109 2
35172 2
35183 2
35196 2
35199 2
35205 2
35225 2
35230 2
35241 2
35262 2
35282 2
35365 2
35394 2
35395 2
35401 2
35406 2
35410 2
35420 2
35438 2
35445 2
35466 2
35482 2
35487 2
35501 2
35525 2
35583 2
35586 2
35605 2
35634 2
35642 2
35667 2
35688 2
35727 2
35736 2
35752 2
35759 2
35782 2
35801 2
35803 2
35818 2
35913 2
35962 2
35975 2
35996 2
35999 2
36008 2
36029 2
36034 2
36054 2
36059 2
36073 2
36082 2
36083 2
36106 2
36147 2
36167 2
36204 2
36226 2
36279 2
36294 2
36337 2
36344 2
36365 2
36419 2
36432 2
36476 2
36498 2
36511 2
36533 2
36561 2
36580 2
36635 2
36659 2
36682 2
36700 2
36703 2
36708 2
36727 2
36738 2
36772 2
36785 2
36788 2
36809 2
36861 2
36863 2
36972 2
36999 2
37007 2
37030 2
37068 2
37079 2
37112 2
37137 2
37193 2
37198 2
37227 2
37244 2
37288 2
37307 2
37323 2
37338 2
37445 2
37464 2
37473 2
37482 2
37507 2
37519 2
37607 2
37639 2
37666 2
37732 2
37733 2
37749 2
37784 2
37785 2
37804 2
37808 2
37823 2
37837 2
37859 2
37887 2
37896 2
37918 2
37922 2
37947 2
37999 2
38005 2
38045 2
38081 2
38107 2
38118 2
38125 2
38143 2
38159 2
38177 2
38198 2
38201 2
38219 2
38223 2
38247 2
38278 2
38304 2
38346 2
38347 2
38376 2
38402 2
38436 2
38438 2
38471 2
38478 2
38490 2
38498 2
38504 2
38505 2
38539 2
38553 2
38600 2
38613 2
38670 2
38675 2
38696 2
38734 2
38743 2
38759 2
38772 2
38791 2
38848 2
38851 2
38867 2
38913 2
38926 2
38998 2
39006 2
39068 2
39080 2
39086 2
39123 2
39147 2
39179 2
39180 2
39190 2
39226 2
39234 2
39286 2
39291 2
39427 2
39436 2
39437 2
39467 2
39569 2
39583 2
39626 2
39630 2
39647 2
39695 2
39720 2
39727 2
39758 2
39762 2
39772 2
39773 2
39782 2
39789 2
39798 2
39804 2
39806 2
39807 2
39815 2
39829 2
39880 2
40029 2
40036 2
40043 2
40054 2
40090 2
40097 2
40128 2
40144 2
40147 2
40252 2
40267 2
40289 2
40297 2
40305 2
40334 2
40342 2
40368 2
40370 2
40453 2
40459 2
40472 2
40475 2
40506 2
40507 2
40550 2
40565 2
40590 2
40665 2
40682 2
40690 2
40729 2
40778 2
40952 2
40977 2
40980 2
41016 2
41018 2
41041 2
41050 2
41074 2
41078 2
41089 2
41201 2
41213 2
41217 2
41234 2
41244 2
41245 2
41250 2
41260 2
41325 2
41350 2
41376 2
41381 2
41393 2
41442 2
41443 2
41489 2
41509 2
41517 2
41522 2
41543 2
41550 2
41574 2
41611 2
41620 2
41631 2
41635 2
41658 2
41708 2
41757 2
41759 2
41767 2
41790 2
41807 2
41846 2
41861 2
41929 2
41994 2
42016 2
42021 2
42028 2
42091 2
42108 2
42118 2
42144 2
42154 2
42182 2
42207 2
42239 2
42252 2
42259 2
42283 2
42290 2
42302 2
42352 2
42410 2
42421 2
42424 2
42425 2
42439 2
42442 2
42500 2
42514 2
42595 2
42602 2
42618 2
42676 2
42768 2
42778 2
42799 2
42874 2
42907 2
42910 2
42974 2
42995 2
43003 2
43006 2
43009 2
43038 2
43063 2
43081 2
43106 2
43122 2
43131 2
43155 2
43159 2
43221 2
43264 2
43282 2
43293 2
43294 2
43313 2
43336 2
43337 2
43360 2
43361 2
43418 2
43558 2
43590 2
43594 2
43597 2
43600 2
43615 2
43624 2
43634 2
43680 2
43736 2
43766 2
43806 2
43814 2
43855 2
43862 2
43890 2
43900 2
43903 2
43966 2
43987 2
44010 2
44039 2
44048 2
44051 2
44068 2
44077 2
44082 2
44120 2
44135 2
44151 2
44154 2
44158 2
44164 2
44172 2
44182 2
44198 2
44216 2
44266 2
44274 2
44295 2
44331 2
44335 2
44337 2
44350 2
44361 2
44362 2
44363 2
44369 2
44392 2
44418 2
44532 2
44574 2
44587 2
44594 2
44647 2
44667 2
44720 2
44726 2
44757 2
44769 2
44780 2
44819 2
44840 2
44876 2
44877 2
44901 2
44938 2
44966 2
44975 2
44981 2
45001 2
45017 2
45032 2
45033 2
45035 2
45084 2
45097 2
45108 2
45156 2
45157 2
45236 2
45246 2
45291 2
45293 2
45319 2
45328 2
45362 2
45388 2
45407 2
45448 2
45465 2
45505 2
45513 2
45596 2
45653 2
45668 2
45699 2
45764 2
45775 2
45793 2
45794 2
45868 2
45893 2
45904 2
45919 2
45925 2
45927 2
45960 2
45993 2
46000 2
46001 2
46028 2
46102 2
46181 2
46184 2
46191 2
46196 2
46197 2
46218 2
46258 2
46269 2
46286 2
46321 2
46371 2
46390 2
46421 2
46442 2
46475 2
46477 2
46522 2
46530 2
46557 2
46573 2
46623 2
46631 2
46662 2
46682 2
46691 2
46692 2
46713 2
46722 2
46739 2
46746 2
46755 2
46797 2
46848 2
46868 2
46880 2
46922 2
46947 2
46953 2
47003 2
47022 2
47023 2
47030 2
47115 2
47175 2
47211 2
47215 2
47219 2
47238 2
47250 2
47278 2
47332 2
47342 2
47344 2
47352 2
47354 2
47374 2
47442 2
47481 2
47485 2
47512 2
47558 2
47571 2
47578 2
47583 2
47624 2
47660 2
47665 2
47794 2
47804 2
47806 2
47807 2
47881 2
47891 2
47901 2
47908 2
47930 2
47937 2
47948 2
48015 2
48044 2
48098 2
48125 2
48141 2
48146 2
48191 2
48192 2
48219 2
48245 2
48254 2
48293 2
48362 2
48430 2
48460 2
48470 2
48505 2
48509 2
48510 2
48511 2
48545 2
48570 2
48571 2
48587 2
48592 2
48599 2
48608 2
48628 2
48653 2
48683 2
48693 2
48709 2
48727 2
48737 2
48755 2
48756 2
48802 2
48809 2
48818 2
48823 2
48844 2
48845 2
48846 2
48854 2
48896 2
48914 2
48955 2
48961 2
48984 2
49008 2
49037 2
49047 2
49100 2
49136 2
49137 2
49139 2
49153 2
49196 2
49220 2
49228 2
49241 2
49245 2
49246 2
49298 2
49366 2
49385 2
49386 2
49419 2
49429 2
49435 2
49450 2
49456 2
49507 2
49533 2
49548 2
49568 2
49585 2
49602 2
49607 2
49619 2
49627 2
49628 2
49650 2
49671 2
49685 2
49694 2
49704 2
49750 2
49755 2
49811 2
49825 2
49831 2
49843 2
49858 2
49890 2
48 3
76 3
133 3
171 3
255 3
313 3
342 3
353 3
400 3
402 3
425 3
491 3
507 3
580 3
607 3
653 3
659 3
665 3
673 3
679 3
684 3
695 3
714 3
775 3
781 3
794 3
832 3
833 3
834 3
842 3
845 3
905 3
909 3
921 3
925 3
931 3
934 3
937 3
976 3
1005 3
1007 3
1013 3
1038 3
1112 3
1136 3
1157 3
1164 3
1170 3
1208 3
1214 3
1264 3
1280 3
1296 3
1367 3
1394 3
1401 3
1412 3
1448 3
1461 3
1475 3
1480 3
1541 3
1594 3
1610 3
1619 3
1625 3
1658 3
1689 3
1709 3
1743 3
1835 3
1914 3
1924 3
1929 3
1942 3
1948 3
2058 3
2059 3
2095 3
2160 3
2177 3
2242 3
2283 3
2296 3
2308 3
2313 3
2331 3
2353 3
2440 3
2444 3
2487 3
2504 3
2512 3
2565 3
2593 3
2613 3
2653 3
2691 3
2786 3
2792 3
2813 3
2831 3
2834 3
2897 3
2898 3
2903 3
2917 3
2959 3
2977 3
3007 3
3021 3
3075 3
3077 3
3117 3
3151 3
3157 3
3163 3
3174 3
3180 3
3196 3
3209 3
3216 3
3271 3
3275 3
3316 3
3364 3
3446 3
3454 3
3473 3
3490 3
3514 3
3538 3
3611 3
3627 3
3635 3
3714 3
3720 3
3721 3
3742 3
3828 3
3852 3
3941 3
3966 3
3987 3
4037 3
4081 3
4086 3
4125 3
4134 3
4165 3
4170 3
4207 3
4229 3
4242 3
4255 3
4272 3
4279 3
4346 3
4356 3
4367 3
4399 3
4426 3
4446 3
4447 3
4460 3
4529 3
4539 3
4604 3
4658 3
4677 3
4693 3
4724 3
4733 3
4739 3
4824 3
4873 3
4884 3
4922 3
4944 3
5022 3
5036 3
5049 3
5053 3
5075 3
5198 3
5200 3
5240 3
5263 3
5264 3
5389 3
5405 3
5442 3
5449 3
5477 3
5480 3
5505 3
5536 3
5545 3
5553 3
5609 3
5617 3
5664 3
5678 3
5692 3
5701 3
5712 3
5719 3
5736 3
5752 3
5804 3
5813 3
5824 3
5836 3
5847 3
5875 3
5884 3
5889 3
5956 3
5964 3
5989 3
6076 3
6086 3
6120 3
6153 3
6197 3
6200 3
6235 3
6239 3
6280 3
6297 3
6312 3
6314 3
6321 3
6323 3
6344 3
6377 3
6383 3
6467 3
6503 3
6507 3
6514 3
6560 3
6634 3
6635 3
6644 3
6688 3
6696 3
6713 3
6717 3
6812 3
6818 3
6837 3
6873 3
6916 3
6959 3
6973 3
7020 3
7029 3
7034 3
7048 3
7064 3
7111 3
7139 3
7153 3
7192 3
7197 3
7259 3
7282 3
7330 3
7344 3
7364 3
7513 3
7524 3
7544 3
7556 3
7568 3
7571 3
7610 3
7615 3
7621 3
7635 3
7643 3
7651 3
7670 3
7674 3
7689 3
7701 3
7710 3
7732 3
7735 3
7761 3
7770 3
7806 3
7812 3
7823 3
7874 3
7877 3
7901 3
7911 3
7914 3
7941 3
7942 3
7965 3
7975 3
7998 3
8011 3
8014 3
8018 3
8064 3
8101 3
8109 3
8168 3
8195 3
8219 3
8258 3
8289 3
8298 3
8317 3
8333 3
8341 3
8381 3
8389 3
8400 3
8418 3
8421 3
8429 3
8437 3
8471 3
8479 3
8494 3
8505 3
8509 3
8537 3
8551 3
8563 3
8610 3
8616 3
8626 3
8627 3
8650 3
8694 3
8715 3
8782 3
8783 3
8825 3
8854 3
8860 3
8874 3
8890 3
8950 3
8977 3
8996 3
9022 3
9053 3
9063 3
9067 3
9109 3
9114 3
9118 3
9180 3
9183 3
9224 3
9244 3
9245 3
9271 3
9297 3
9313 3
9358 3
9389 3
9391 3
9399 3
9413 3
9417 3
9444 3
9499 3
9517 3
9529 3
9542 3
9562 3
9590 3
9643 3
9708 3
9714 3
9765 3
9785 3
9831 3
9863 3
9866 3
9872 3
9904 3
9906 3
9930 3
9931 3
9939 3
9982 3
9995 3
10009 3
10014 3
10015 3
10021 3
10026 3
10030 3
10045 3
10056 3
10069 3
10091 3
10124 3
10162 3
10236 3
10256 3
10270 3
10282 3
10317 3
10319 3
10340 3
10421 3
10436 3
10460 3
10469 3
10478 3
10485 3
10487 3
10509 3
10535 3
10596 3
10601 3
10639 3
10668 3
10673 3
10707 3
10723 3
10742 3
10832 3
10866 3
10902 3
10968 3
11014 3
11053 3
11059 3
11092 3
11166 3
11189 3
11239 3
11255 3
11334 3
11450 3
11474 3
11497 3
11499 3
11507 3
11541 3
11670 3
11696 3
11701 3
11709 3
11745 3
11749 3
11760 3
11764 3
11766 3
11779 3
11796 3
11821 3
11878 3
11910 3
11911 3
11922 3
12022 3
12053 3
12057 3
12064 3
12101 3
12110 3
12115 3
12117 3
12124 3
12215 3
12227 3
12228 3
12244 3
12269 3
12305 3
12317 3
12347 3
12360 3
12372 3
12406 3
12428 3
12429 3
12448 3
12454 3
12457 3
12580 3
12654 3
12695 3
12738 3
12746 3
12849 3
12855 3
12869 3
12917 3
12937 3
12942 3
12972 3
13005 3
13013 3
13079 3
13082 3
13096 3
13124 3
13152 3
13167 3
13184 3
13243 3
13288 3
13340 3
13344 3
13365 3
13431 3
13448 3
13474 3
13502 3
13527 3
13566 3
13569 3
13575 3
13606 3
13607 3
13624 3
13644 3
13692 3
13699 3
13712 3
13740 3
13762 3
13783 3
13793 3
13828 3
13883 3
13909 3
13960 3
13972 3
13990 3
14003 3
14053 3
14078 3
14082 3
14083 3
14188 3
14190 3
14206 3
14312 3
14342 3
14374 3
14381 3
14402 3
14437 3
14438 3
14510 3
14530 3
14538 3
14595 3
14620 3
14633 3
14671 3
14692 3
14725 3
14747 3
14912 3
14985 3
15016 3
15033 3
15035 3
15100 3
15114 3
15145 3
15182 3
15210 3
15274 3
15296 3
15394 3
15405 3
15406 3
15423 3
15450 3
15504 3
15581 3
15597 3
15610 3
15613 3
15615 3
15639 3
15640 3
15678 3
15708 3
15728 3
15800 3
15866 3
15880 3
15901 3
15905 3
15925 3
15933 3
15941 3
15976 3
15983 3
15996 3
16026 3
16036 3
16057 3
16067 3
16098 3
16166 3
16175 3
16190 3
16191 3
16225 3
16275 3
16461 3
16478 3
16483 3
16500 3
16568 3
16601 3
16642 3
16643 3
16646 3
16694 3
16706 3
16709 3
16713 3
16725 3
16739 3
16800 3
16811 3
16838 3
16845 3
16865 3
16897 3
16912 3
16955 3
16988 3
17011 3
17022 3
17029 3
17040 3
17046 3
17076 3
17090 3
17104 3
17126 3
17161 3
17217 3
17238 3
17262 3
17263 3
17332 3
17365 3
17381 3
17388 3
17393 3
17413 3
17469 3
17491 3
17520 3
17558 3
17560 3
17567 3
17572 3
17591 3
17608 3
17634 3
17652 3
17679 3
17687 3
17700 3
17714 3
17715 3
17780 3
17785 3
17790 3
17848 3
17893 3
17905 3
17916 3
17923 3
17951 3
18006 3
18025 3
18032 3
18047 3
18052 3
18101 3
18134 3
18139 3
18149 3
18150 3
18154 3
18173 3
18202 3
18228 3
18342 3
18353 3
18366 3
18367 3
18386 3
18440 3
18448 3
18458 3
18466 3
18472 3
18481 3
18517 3
18530 3
18538 3
18541 3
18550 3
18567 3
18612 3
18622 3
18669 3
18688 3
18742 3
18751 3
18787 3
18812 3
18834 3
18845 3
18846 3
18865 3
18870 3
18934 3
18972 3
19001 3
19042 3
19127 3
19149 3
19179 3
19219 3
19254 3
19310 3
19321 3
19348 3
19355 3
19423 3
19438 3
19448 3
19467 3
19491 3
19497 3
19530 3
19583 3
19636 3
19649 3
19672 3
19730 3
19733 3
19751 3
19754 3
19802 3
19811 3
19851 3
19891 3
19907 3
19909 3
19943 3
19978 3
19996 3
20021 3
20064 3
20080 3
20136 3
20224 3
20233 3
20276 3
20277 3
20288 3
20317 3
20349 3
20366 3
20367 3
20376 3
20380 3
20414 3
20471 3
20476 3
20490 3
20517 3
20541 3
20542 3
20553 3
20580 3
20584 3
20663 3
20665 3
20709 3
20717 3
20757 3
20771 3
20775 3
20779 3
20822 3
20854 3
20918 3
20974 3
21026 3
21041 3
21093 3
21110 3
21147 3
21171 3
21183 3
21209 3
21237 3
21252 3
21258 3
21279 3
21285 3
21287 3
21387 3
21409 3
21437 3
21450 3
21477 3
21529 3
21573 3
21642 3
21675 3
21726 3
21757 3
21772 3
21788 3
21790 3
21809 3
21823 3
21837 3
21859 3
21952 3
21959 3
22006 3
22062 3
22092 3
22112 3
22129 3
22213 3
22217 3
22220 3
22225 3
22275 3
22353 3
22362 3
22375 3
22411 3
22427 3
22435 3
22442 3
22467 3
22492 3
22542 3
22547 3
22575 3
22591 3
22598 3
22604 3
22617 3
22704 3
22710 3
22728 3
22731 3
22736 3
22800 3
22808 3
22813 3
22821 3
22837 3
22845 3
22852 3
22868 3
22869 3
22870 3
22889 3
22961 3
22964 3
22980 3
23001 3
23009 3
23077 3
23080 3
23082 3
23128 3
23140 3
23203 3
23210 3
23215 3
23219 3
23228 3
23239 3
23249 3
23270 3
23277 3
23318 3
23354 3
23380 3
23400 3
23402 3
23418 3
23438 3
23453 3
23499 3
23511 3
23526 3
23554 3
23555 3
23635 3
23650 3
23657 3
23669 3
23718 3
23771 3
23785 3
23795 3
23804 3
23860 3
23919 3
23973 3
24023 3
24051 3
24052 3
24060 3
24069 3
24078 3
24087 3
24120 3
24121 3
24134 3
24156 3
24183 3
24199 3
24224 3
24250 3
24259 3
24264 3
24273 3
24275 3
24282 3
24340 3
24355 3
24357 3
24389 3
24412 3
24413 3
24442 3
24458 3
24471 3
24482 3
24504 3
24509 3
24536 3
24553 3
24554 3
24638 3
24653 3
24661 3
24672 3
24706 3
24708 3
24727 3
24729 3
24740 3
24762 3
24764 3
24813 3
24819 3
24825 3
24852 3
24857 3
24900 3
24909 3
24915 3
24948 3
24979 3
24993 3
25003 3
25015 3
25028 3
25045 3
25103 3
25111 3
25122 3
25151 3
25210 3
25243 3
25244 3
25282 3
25342 3
25393 3
25414 3
25436 3
25441 3
25453 3
25467 3
25522 3
25524 3
25528 3
25560 3
25580 3
25639 3
25704 3
25709 3
25719 3
25721 3
25740 3
25772 3
25779 3
25820 3
25901 3
25928 3
25936 3
25951 3
25957 3
26017 3
26054 3
26106 3
26141 3
26150 3
26205 3
26207 3
26229 3
26255 3
26256 3
26300 3
26325 3
26326 3
26352 3
26380 3
26420 3
26429 3
26471 3
26503 3
26519 3
26527 3
26532 3
26562 3
26597 3
26618 3
26675 3
26756 3
26761 3
26828 3
26829 3
26857 3
26867 3
26949 3
26951 3
26958 3
26966 3
27003 3
27019 3
27025 3
27030 3
27038 3
27040 3
27083 3
27107 3
27174 3
27208 3
27216 3
27220 3
27238 3
27245 3
27278 3
27308 3
27329 3
27338 3
27348 3
27430 3
27459 3
27477 3
27537 3
27539 3
27632 3
27639 3
27691 3
27705 3
27717 3
27796 3
27802 3
27820 3
27857 3
27890 3
27904 3
27924 3
27965 3
27968 3
28004 3
28011 3
28021 3
28060 3
28061 3
28097 3
28098 3
28138 3
28154 3
28173 3
28180 3
28181 3
28216 3
28220 3
28256 3
28260 3
28270 3
28387 3
28479 3
28521 3
28529 3
28574 3
28631 3
28678 3
28680 3
28682 3
28683 3
28710 3
28758 3
28828 3
28858 3
28879 3
28902 3
28903 3
28939 3
28995 3
29085 3
29094 3
29123 3
29145 3
29162 3
29174 3
29181 3
29236 3
29306 3
29315 3
29322 3
29324 3
29392 3
29398 3
29407 3
29411 3
29473 3
29495 3
29514 3
29515 3
29532 3
29549 3
29595 3
29602 3
29655 3
29668 3
29674 3
29684 3
29697 3
29782 3
29828 3
29840 3
29862 3
29879 3
29948 3
29951 3
29960 3
29966 3
29967 3
29995 3
29999 3
30059 3
30076 3
30097 3
30105 3
30142 3
30181 3
30227 3
30241 3
30246 3
30376 3
30377 3
30385 3
30393 3
30414 3
30421 3
30435 3
30460 3
30462 3
30493 3
30537 3
30544 3
30580 3
30634 3
30659 3
30738 3
30766 3
30769 3
30793 3
30805 3
30842 3
30853 3
30892 3
30944 3
30968 3
31027 3
31036 3
31123 3
31135 3
31150 3
31151 3
31155 3
31240 3
31243 3
31252 3
31272 3
31276 3
31341 3
31436 3
31478 3
31484 3
31492 3
31493 3
31500 3
31512 3
31546 3
31552 3
31558 3
31581 3
31615 3
31637 3
31675 3
31686 3
31741 3
31749 3
31761 3
31770 3
31786 3
31803 3
31804 3
31805 3
31983 3
31992 3
32012 3
32114 3
32219 3
32240 3
32257 3
32271 3
32300 3
32351 3
32367 3
32379 3
32404 3
32410 3
32451 3
32457 3
32485 3
32487 3
32490 3
32525 3
32593 3
32596 3
32618 3
32656 3
32669 3
32673 3
32699 3
32778 3
32811 3
32841 3
32877 3
32899 3
32923 3
32924 3
32949 3
32983 3
33015 3
33016 3
33031 3
33033 3
33059 3
33119 3
33127 3
33138 3
33155 3
33157 3
33183 3
33190 3
33192 3
33213 3
33215 3
33235 3
33243 3
33264 3
33285 3
33309 3
33324 3
33341 3
33384 3
33402 3
33444 3
33455 3
33457 3
33467 3
33469 3
33478 3
33547 3
33560 3
33583 3
33610 3
33620 3
33658 3
33690 3
33707 3
33708 3
33736 3
33746 3
33754 3
33767 3
33786 3
33787 3
33811 3
33827 3
33844 3
33867 3
33896 3
33925 3
33946 3
33977 3
33983 3
34001 3
34008 3
34036 3
34048 3
34082 3
34161 3
34191 3
34192 3
34198 3
34201 3
34315 3
34332 3
34338 3
34361 3
34382 3
34428 3
34430 3
34444 3
34498 3
34565 3
34605 3
34622 3
34727 3
34752 3
34758 3
34770 3
34771 3
34802 3
34868 3
34880 3
34882 3
34886 3
34923 3
34926 3
34938 3
34946 3
34947 3
34973 3
35055 3
35087 3
35096 3
35129 3
35140 3
35186 3
35254 3
35274 3
35276 3
35323 3
35392 3
35422 3
35427 3
35428 3
35432 3
35441 3
35469 3
35478 3
35515 3
35529 3
35540 3
35550 3
35608 3
35694 3
35698 3
35725 3
35762 3
35765 3
35800 3
35802 3
35821 3
35871 3
35883 3
35888 3
35904 3
35925 3
35954 3
35956 3
35973 3
36000 3
36025 3
36035 3
36040 3
36061 3
36105 3
36109 3
36112 3
36137 3
36161 3
36227 3
36246 3
36251 3
36253 3
36293 3
36324 3
36325 3
36335 3
36346 3
36349 3
36382 3
36408 3
36420 3
36453 3
36464 3
36492 3
36518 3
36522 3
36528 3
36535 3
36562 3
36571 3
36594 3
36619 3
36622 3
36652 3
36665 3
36672 3
36702 3
36732 3
36744 3
36763 3
36771 3
36799 3
36812 3
36826 3
36827 3
36845 3
36864 3
36890 3
36895 3
36904 3
36916 3
36924 3
36964 3
36991 3
37021 3
37022 3
37057 3
37058 3
37099 3
37100 3
37107 3
37154 3
37184 3
37265 3
37271 3
37324 3
37327 3
37332 3
37364 3
37369 3
37454 3
37491 3
37532 3
37552 3
37569 3
37583 3
37603 3
37605 3
37617 3
37636 3
37659 3
37669 3
37695 3
37711 3
37718 3
37723 3
37768 3
37849 3
37861 3
37876 3
37884 3
37927 3
37952 3
37956 3
37962 3
37974 3
37976 3
37978 3
37980 3
38011 3
38084 3
38096 3
38130 3
38158 3
38185 3
38200 3
38225 3
38252 3
38261 3
38302 3
38351 3
38367 3
38407 3
38420 3
38462 3
38463 3
38483 3
38529 3
38538 3
38573 3
38578 3
38624 3
38625 3
38626 3
38641 3
38702 3
38777 3
38778 3
38841 3
38842 3
38888 3
38904 3
38947 3
38986 3
39002 3
39005 3
39026 3
39029 3
39041 3
39133 3
39156 3
39163 3
39184 3
39215 3
39233 3
39237 3
39261 3
39301 3
39343 3
39352 3
39367 3
39381 3
39388 3
39408 3
39441 3
39443 3
39464 3
39468 3
39476 3
39479 3
39483 3
39511 3
39516 3
39551 3
39696 3
39698 3
39710 3
39721 3
39745 3
39749 3
39751 3
39754 3
39755 3
39757 3
39763 3
39925 3
39926 3
39932 3
39996 3
40030 3
40044 3
40046 3
40062 3
40107 3
40114 3
40195 3
40255 3
40276 3
40292 3
40311 3
40355 3
40359 3
40380 3
40391 3
40402 3
40454 3
40461 3
40495 3
40512 3
40556 3
40577 3
40580 3
40583 3
40626 3
40627 3
40643 3
40687 3
40715 3
40724 3
40731 3
40743 3
40750 3
40775 3
40802 3
40805 3
40832 3
40856 3
40887 3
40895 3
40925 3
40948 3
40987 3
41003 3
41031 3
41039 3
41045 3
41073 3
41125 3
41143 3
41150 3
41152 3
41174 3
41177 3
41193 3
41204 3
41242 3
41279 3
41352 3
41372 3
41380 3
41415 3
41425 3
41439 3
41493 3
41496 3
41497 3
41533 3
41551 3
41552 3
41572 3
41594 3
41616 3
41617 3
41628 3
41680 3
41693 3
41702 3
41748 3
41756 3
41797 3
41826 3
41860 3
41875 3
41877 3
41879 3
41884 3
41940 3
41943 3
41986 3
41989 3
42149 3
42164 3
42184 3
42261 3
42274 3
42278 3
42291 3
42309 3
42323 3
42374 3
42400 3
42407 3
42418 3
42419 3
42427 3
42470 3
42494 3
42513 3
42603 3
42624 3
42641 3
42661 3
42667 3
42675 3
42727 3
42759 3
42780 3
42788 3
42854 3
42896 3
42900 3
42908 3
42921 3
42958 3
42966 3
42988 3
43019 3
43060 3
43065 3
43073 3
43088 3
43093 3
43124 3
43148 3
43180 3
43208 3
43225 3
43295 3
43366 3
43368 3
43380 3
43410 3
43416 3
43419 3
43425 3
43452 3
43488 3
43513 3
43533 3
43535 3
43548 3
43578 3
43582 3
43633 3
43671 3
43692 3
43706 3
43743 3
43768 3
43778 3
43793 3
43833 3
43867 3
43873 3
43876 3
43924 3
43929 3
43934 3
43978 3
43989 3
44016 3
44088 3
44111 3
44142 3
44163 3
44194 3
44286 3
44293 3
44308 3
44313 3
44320 3
44325 3
44352 3
44367 3
44370 3
44374 3
44414 3
44416 3
44441 3
44443 3
44459 3
44503 3
44554 3
44593 3
44598 3
44656 3
44673 3
44688 3
44695 3
44743 3
44806 3
44857 3
44861 3
44887 3
44950 3
44984 3
44989 3
45031 3
45042 3
45088 3
45098 3
45102 3
45115 3
45116 3
45117 3
45119 3
45120 3
45130 3
45184 3
45238 3
45239 3
45256 3
45270 3
45355 3
45392 3
45400 3
45429 3
45444 3
45472 3
45504 3
45509 3
45521 3
45543 3
45572 3
45603 3
45621 3
45684 3
45701 3
45736 3
45746 3
45802 3
45817 3
45830 3
45898 3
45929 3
45951 3
45963 3
45974 3
46008 3
46040 3
46068 3
46075 3
46089 3
46091 3
46121 3
46230 3
46308 3
46311 3
46326 3
46348 3
46364 3
46367 3
46382 3
46411 3
46412 3
46453 3
46468 3
46471 3
46479 3
46486 3
46553 3
46577 3
46586 3
46613 3
46630 3
46649 3
46667 3
46670 3
46673 3
46727 3
46754 3
46759 3
46784 3
46794 3
46801 3
46865 3
46896 3
46905 3
46916 3
46994 3
47041 3
47054 3
47065 3
47098 3
47123 3
47124 3
47141 3
47152 3
47208 3
47220 3
47282 3
47290 3
47297 3
47306 3
47343 3
47358 3
47366 3
47380 3
47382 3
47383 3
47446 3
47460 3
47515 3
47608 3
47667 3
47679 3
47688 3
47709 3
47729 3
47756 3
47763 3
47800 3
47801 3
47803 3
47814 3
47820 3
47854 3
47912 3
47934 3
48008 3
48009 3
48103 3
48121 3
48165 3
48190 3
48197 3
48223 3
48294 3
48334 3
48335 3
48449 3
48500 3
48506 3
48530 3
48590 3
48614 3
48620 3
48642 3
48649 3
48669 3
48676 3
48724 3
48742 3
48744 3
48745 3
48750 3
48782 3
48784 3
48810 3
48819 3
48840 3
48890 3
48897 3
48901 3
48978 3
48990 3
48998 3
49006 3
49028 3
49046 3
49129 3
49154 3
49162 3
49197 3
49217 3
49221 3
49231 3
49255 3
49266 3
49285 3
49330 3
49332 3
49336 3
49359 3
49376 3
49387 3
49417 3
49460 3
49500 3
49541 3
49559 3
49579 3
49580 3
49588 3
49590 3
49596 3
49624 3
49637 3
49718 3
49719 3
49774 3
49778 3
49790 3
49793 3
49802 3
49805 3
49836 3
49848 3
49957 3
49966 3
5 4
12 4
30 4
105 4
108 4
143 4
186 4
188 4
202 4
286 4
305 4
355 4
393 4
408 4
417 4
463 4
499 4
511 4
542 4
556 4
563 4
630 4
636 4
681 4
683 4
699 4
708 4
729 4
747 4
757 4
787 4
817 4
874 4
876 4
885 4
902 4
952 4
962 4
982 4
1017 4
1019 4
1072 4
1093 4
1118 4
1135 4
1138 4
1155 4
1156 4
1236 4
1271 4
1274 4
1275 4
1278 4
1302 4
1317 4
1327 4
1366 4
1379 4
1386 4
1416 4
1449 4
1462 4
1469 4
1490 4
1526 4
1584 4
1589 4
1591 4
1596 4
1599 4
1638 4
1650 4
1741 4
1745 4
1747 4
1808 4
1881 4
1917 4
1927 4
1938 4
1956 4
1965 4
1999 4
2018 4
2032 4
2060 4
2068 4
2158 4
2203 4
2224 4
2236 4
2257 4
2294 4
2324 4
2433 4
2456 4
2462 4
2484 4
2528 4
2533 4
2538 4
2542 4
2551 4
2590 4
2596 4
2620 4
2639 4
2665 4
2669 4
2684 4
2721 4
2722 4
2741 4
2783 4
2795 4
2830 4
2838 4
2841 4
2847 4
2852 4
2874 4
2880 4
2888 4
2904 4
2906 4
2920 4
2964 4
3052 4
3059 4
3081 4
3115 4
3171 4
3193 4
3204 4
3231 4
3235 4
3242 4
3264 4
3304 4
3320 4
3341 4
3351 4
3354 4
3366 4
3379 4
3403 4
3415 4
3417 4
3427 4
3441 4
3460 4
3465 4
3515 4
3529 4
3557 4
3559 4
3564 4
3576 4
3599 4
3614 4
3624 4
3673 4
3703 4
3739 4
3747 4
3756 4
3770 4
3777 4
3834 4
3854 4
3908 4
3911 4
3916 4
3962 4
3994 4
4024 4
4033 4
4046 4
4063 4
4073 4
4098 4
4120 4
4163 4
4174 4
4175 4
4216 4
4227 4
4236 4
4286 4
4288 4
4298 4
4314 4
4374 4
4438 4
4440 4
4441 4
4534 4
4543 4
4570 4
4571 4
4576 4
4586 4
4654 4
4717 4
4735 4
4772 4
4784 4
4805 4
4839 4
4898 4
4938 4
4950 4
4955 4
5005 4
5044 4
5068 4
5177 4
5184 4
5185 4
5199 4
5203 4
5213 4
5245 4
5252 4
5257 4
5265 4
5293 4
5303 4
5345 4
5378 4
5487 4
5491 4
5564 4
5574 4
5585 4
5608 4
5665 4
5689 4
5722 4
5757 4
5788 4
5821 4
5840 4
5845 4
5928 4
5944 4
5966 4
5980 4
5992 4
6049 4
6055 4
6080 4
6095 4
6139 4
6147 4
6149 4
6150 4
6223 4
6249 4
6262 4
6276 4
6296 4
6305 4
6400 4
6405 4
6429 4
6471 4
6487 4
6497 4
6501 4
6504 4
6584 4
6586 4
6628 4
6632 4
6660 4
6699 4
6764 4
6767 4
6769 4
6778 4
6787 4
6796 4
6854 4
6878 4
6880 4
6929 4
6950 4
6956 4
7043 4
7085 4
7091 4
7104 4
7121 4
7146 4
7173 4
7225 4
7235 4
7286 4
7293 4
7369 4
7393 4
7398 4
7404 4
7408 4
7412 4
7426 4
7437 4
7473 4
7479 4
7506 4
7577 4
7605 4
7661 4
7679 4
7705 4
7713 4
7724 4
7730 4
7745 4
7779 4
7794 4
7841 4
7843 4
7875 4
7878 4
7937 4
7947 4
7959 4
7970 4
7977 4
7991 4
8019 4
8032 4
8053 4
8054 4
8060 4
8088 4
8089 4
8110 4
8222 4
8244 4
8274 4
8285 4
8343 4
8349 4
8408 4
8458 4
8478 4
8547 4
8559 4
8589 4
8592 4
8596 4
8609 4
8620 4
8639 4
8648 4
8656 4
8677 4
8692 4
8743 4
8746 4
8768 4
8777 4
8778 4
8843 4
8910 4
8955 4
9001 4
9085 4
9099 4
9104 4
9127 4
9137 4
9157 4
9182 4
9233 4
9276 4
9286 4
9315 4
9335 4
9398 4
9400 4
9411 4
9415 4
9426 4
9440 4
9453 4
9461 4
9481 4
9494 4
9518 4
9536 4
9543 4
9546 4
9549 4
9561 4
9615 4
9638 4
9655 4
9661 4
9696 4
9748 4
9751 4
9772 4
9798 4
9813 4
9830 4
9845 4
9849 4
9850 4
9854 4
9858 4
9894 4
9978 4
10005 4
10018 4
10046 4
10088 4
10205 4
10207 4
10213 4
10255 4
10308 4
10316 4
10342 4
10355 4
10393 4
10404 4
10410 4
10413 4
10447 4
10448 4
10486 4
10511 4
10518 4
10559 4
10564 4
10603 4
10605 4
10616 4
10633 4
10638 4
10760 4
10806 4
10807 4
10808 4
10826 4
10835 4
10867 4
10880 4
10930 4
10945 4
10946 4
10950 4
10957 4
10983 4
10995 4
11006 4
11020 4
11029 4
11036 4
11042 4
11064 4
11077 4
11113 4
11148 4
11158 4
11184 4
11212 4
11262 4
11265 4
11322 4
11323 4
11376 4
11409 4
11452 4
11503 4
11509 4
11512 4
11543 4
11589 4
11612 4
11628 4
11629 4
11640 4
11678 4
11744 4
11751 4
11752 4
11785 4
11829 4
11830 4
11848 4
11868 4
11903 4
11931 4
11941 4
11954 4
11965 4
11974 4
11988 4
11993 4
12019 4
12024 4
12097 4
12104 4
12157 4
12221 4
12232 4
12259 4
12266 4
12284 4
12319 4
12345 4
12349 4
12378 4
12391 4
12402 4
12453 4
12471 4
12502 4
12505 4
12514 4
12516 4
12595 4
12732 4
12734 4
12739 4
12742 4
12747 4
12779 4
12796 4
12879 4
12906 4
12913 4
12920 4
12961 4
12979 4
12981 4
13001 4
13007 4
13014 4
13016 4
13039 4
13043 4
13089 4
13109 4
13112 4
13147 4
13185 4
13233 4
13239 4
13289 4
13292 4
13296 4
13314 4
13322 4
13370 4
13374 4
13452 4
13503 4
13504 4
13524 4
13555 4
13573 4
13604 4
13625 4
13691 4
13744 4
13749 4
13787 4
13858 4
13897 4
13903 4
13908 4
14026 4
14031 4
14032 4
14062 4
14065 4
14079 4
14092 4
14124 4
14149 4
14158 4
14165 4
14170 4
14227 4
14269 4
14324 4
14396 4
14410 4
14429 4
14440 4
14462 4
14490 4
14500 4
14532 4
14555 4
14636 4
14701 4
14708 4
14743 4
14792 4
14813 4
14865 4
14866 4
14870 4
14893 4
14906 4
14907 4
14936 4
14947 4
14954 4
14956 4
15041 4
15062 4
15068 4
15078 4
15138 4
15166 4
15169 4
15176 4
15216 4
15276 4
15317 4
15320 4
15365 4
15368 4
15371 4
15374 4
15424 4
15508 4
15566 4
15569 4
15584 4
15634 4
15641 4
15661 4
15690 4
15692 4
15705 4
15712 4
15737 4
15738 4
15785 4
15833 4
15850 4
15872 4
15873 4
15887 4
15930 4
15977 4
15988 4
16010 4
16049 4
16065 4
16113 4
16167 4
16198 4
16206 4
16259 4
16266 4
16340 4
16370 4
16399 4
16408 4
16439 4
16463 4
16501 4
16531 4
16542 4
16566 4
16570 4
16609 4
16699 4
16704 4
16813 4
16839 4
16846 4
16859 4
16896 4
16902 4
16910 4
16934 4
16950 4
16956 4
16957 4
17009 4
17036 4
17045 4
17049 4
17106 4
17134 4
17157 4
17195 4
17265 4
17330 4
17350 4
17406 4
17433 4
17437 4
17451 4
17481 4
17570 4
17575 4
17614 4
17674 4
17694 4
17703 4
17711 4
17726 4
17768 4
17808 4
17845 4
17850 4
17866 4
17884 4
17933 4
17973 4
18038 4
18056 4
18067 4
18072 4
18147 4
18203 4
18231 4
18251 4
18255 4
18281 4
18289 4
18341 4
18374 4
18411 4
18416 4
18429 4
18453 4
18515 4
18516 4
18549 4
18559 4
18580 4
18582 4
18611 4
18615 4
18625 4
18638 4
18654 4
18707 4
18736 4
18741 4
18744 4
18780 4
18792 4
18873 4
18880 4
18883 4
18886 4
18932 4
18941 4
18946 4
18951 4
18953 4
18984 4
18989 4
19026 4
19034 4
19058 4
19078 4
19091 4
19107 4
19141 4
19173 4
19201 4
19229 4
19242 4
19249 4
19263 4
19353 4
19372 4
19382 4
19473 4
19476 4
19524 4
19540 4
19541 4
19552 4
19584 4
19585 4
19612 4
19621 4
19643 4
19667 4
19669 4
19712 4
19736 4
19737 4
19738 4
19743 4
19757 4
19764 4
19784 4
19805 4
19817 4
19853 4
19867 4
19874 4
19885 4
19910 4
19925 4
19940 4
19955 4
19966 4
19972 4
19998 4
20015 4
20020 4
20038 4
20054 4
20098 4
20203 4
20237 4
20243 4
20291 4
20312 4
20314 4
20318 4
20328 4
20332 4
20338 4
20441 4
20464 4
20482 4
20502 4
20512 4
20524 4
20534 4
20546 4
20549 4
20669 4
20675 4
20682 4
20683 4
20706 4
20746 4
20753 4
20754 4
20765 4
20778 4
20801 4
20809 4
20870 4
20878 4
20890 4
20895 4
20934 4
20961 4
20963 4
20964 4
21010 4
21032 4
21047 4
21058 4
21105 4
21124 4
21125 4
21137 4
21153 4
21168 4
21173 4
21175 4
21222 4
21280 4
21304 4
21318 4
21331 4
21429 4
21440 4
21482 4
21514 4
21541 4
21542 4
21585 4
21587 4
21605 4
21613 4
21632 4
21661 4
21666 4
21681 4
21744 4
21762 4
21796 4
21813 4
21821 4
21838 4
21908 4
21916 4
21924 4
21928 4
21969 4
21975 4
21978 4
22029 4
22032 4
22042 4
22045 4
22060 4
22070 4
22080 4
22082 4
22086 4
22096 4
22105 4
22148 4
22224 4
22355 4
22423 4
22429 4
22431 4
22475 4
22479 4
22499 4
22521 4
22525 4
22528 4
22581 4
22612 4
22621 4
22684 4
22687 4
22698 4
22713 4
22717 4
22784 4
22879 4
22920 4
22930 4
22950 4
22957 4
22958 4
22960 4
23054 4
23068 4
23088 4
23100 4
23179 4
23213 4
23222 4
23253 4
23269 4
23300 4
23356 4
23357 4
23395 4
23480 4
23625 4
23654 4
23679 4
23704 4
23721 4
23770 4
23814 4
23834 4
23891 4
23908 4
23947 4
23968 4
23969 4
23984 4
24016 4
24017 4
24032 4
24050 4
24063 4
24068 4
24095 4
24132 4
24147 4
24172 4
24180 4
24201 4
24210 4
24234 4
24265 4
24309 4
24310 4
24313 4
24327 4
24332 4
24337 4
24350 4
24364 4
24383 4
24396 4
24423 4
24450 4
24472 4
24480 4
24481 4
24507 4
24565 4
24613 4
24658 4
24664 4
24669 4
24684 4
24705 4
24716 4
24794 4
24806 4
24815 4
24846 4
24897 4
24898 4
24907 4
24918 4
24920 4
24931 4
24965 4
24970 4
24977 4
24996 4
25118 4
25120 4
25135 4
25154 4
25189 4
25198 4
25241 4
25267 4
25301 4
25316 4
25318 4
25397 4
25398 4
25428 4
25442 4
25504 4
25519 4
25540 4
25579 4
25588 4
25607 4
25625 4
25678 4
25703 4
25714 4
25727 4
25733 4
25744 4
25754 4
25759 4
25762 4
25766 4
25775 4
25877 4
25970 4
25983 4
26012 4
26028 4
26051 4
26052 4
26111 4
26134 4
26203 4
26228 4
26243 4
26291 4
26315 4
26351 4
26374 4
26441 4
26537 4
26542 4
26547 4
26564 4
26619 4
26624 4
26634 4
26636 4
26653 4
26667 4
26681 4
26682 4
26704 4
26714 4
26792 4
26817 4
26851 4
26887 4
26930 4
26940 4
26962 4
26986 4
27075 4
27085 4
27114 4
27131 4
27139 4
27152 4
27155 4
27164 4
27171 4
27178 4
27241 4
27242 4
27272 4
27321 4
27380 4
27384 4
27413 4
27414 4
27481 4
27497 4
27529 4
27549 4
27572 4
27585 4
27587 4
27596 4
27636 4
27686 4
27735 4
27739 4
27778 4
27817 4
27818 4
27845 4
27848 4
27878 4
27948 4
28040 4
28087 4
28127 4
28178 4
28215 4
28249 4
28250 4
28267 4
28291 4
28293 4
28309 4
28328 4
28346 4
28360 4
28361 4
28363 4
28373 4
28390 4
28394 4
28402 4
28419 4
28455 4
28497 4
28534 4
28540 4
28545 4
28560 4
28608 4
28616 4
28721 4
28722 4
28753 4
28766 4
28782 4
28784 4
28797 4
28801 4
28803 4
28839 4
28854 4
28958 4
28964 4
28973 4
28983 4
29005 4
29016 4
29033 4
29060 4
29106 4
29124 4
29158 4
29166 4
29182 4
29197 4
29205 4
29239 4
29241 4
29320 4
29357 4
29364 4
29421 4
29480 4
29485 4
29490 4
29491 4
29496 4
29526 4
29537 4
29561 4
29566 4
29576 4
29587 4
29605 4
29629 4
29663 4
29669 4
29694 4
29695 4
29703 4
29736 4
29793 4
29806 4
29830 4
29853 4
29860 4
29891 4
29896 4
29922 4
29943 4
29959 4
29977 4
29986 4
29994 4
30002 4
30006 4
30047 4
30055 4
30144 4
30166 4
30172 4
30175 4
30193 4
30232 4
30245 4
30286 4
30290 4
30301 4
30320 4
30337 4
30378 4
30402 4
30436 4
30437 4
30451 4
30478 4
30514 4
30554 4
30642 4
30699 4
30728 4
30749 4
30759 4
30791 4
30806 4
30920 4
30946 4
30957 4
30970 4
30980 4
30983 4
30994 4
31004 4
31015 4
31048 4
31085 4
31105 4
31190 4
31203 4
31313 4
31342 4
31358 4
31364 4
31365 4
31386 4
31393 4
31414 4
31437 4
31457 4
31485 4
31515 4
31531 4
31616 4
31639 4
31642 4
31730 4
31762 4
31765 4
31783 4
31788 4
31810 4
31813 4
31859 4
31884 4
31891 4
31896 4
31909 4
32083 4
32165 4
32177 4
32205 4
32228 4
32243 4
32255 4
32273 4
32296 4
32319 4
32360 4
32366 4
32414 4
32423 4
32461 4
32471 4
32503 4
32544 4
32549 4
32569 4
32579 4
32601 4
32625 4
32690 4
32697 4
32705 4
32709 4
32737 4
32740 4
32758 4
32772 4
32827 4
32830 4
32902 4
32907 4
32912 4
32943 4
32978 4
33002 4
33074 4
33100 4
33107 4
33109 4
33130 4
33137 4
33141 4
33181 4
33217 4
33268 4
33307 4
33346 4
33348 4
33403 4
33491 4
33521 4
33539 4
33550 4
33571 4
33586 4
33643 4
33660 4
33665 4
33666 4
33668 4
33677 4
33695 4
33697 4
33714 4
33740 4
33752 4
33773 4
33886 4
33893 4
33929 4
33982 4
33990 4
34013 4
34017 4
34020 4
34047 4
34095 4
34120 4
34196 4
34213 4
34237 4
34268 4
34317 4
34318 4
34320 4
34334 4
34339 4
34342 4
34344 4
34384 4
34485 4
34512 4
34556 4
34589 4
34594 4
34597 4
34607 4
34663 4
34800 4
34814 4
34821 4
34839 4
34859 4
34888 4
34922 4
34953 4
34966 4
34975 4
34984 4
35011 4
35023 4
35030 4
35054 4
35069 4
35075 4
35084 4
35095 4
35135 4
35143 4
35173 4
35193 4
35202 4
35234 4
35272 4
35387 4
35431 4
35468 4
35507 4
35574 4
35647 4
35657 4
35665 4
35724 4
35728 4
35764 4
35775 4
35817 4
35837 4
35855 4
35886 4
35907 4
35958 4
35968 4
35972 4
35978 4
35984 4
36001 4
36032 4
36051 4
36090 4
36094 4
36162 4
36166 4
36195 4
36222 4
36302 4
36355 4
36363 4
36370 4
36377 4
36405 4
36413 4
36418 4
36421 4
36545 4
36557 4
36595 4
36603 4
36613 4
36645 4
36647 4
36660 4
36707 4
36741 4
36767 4
36784 4
36824 4
36840 4
36854 4
36856 4
36857 4
36886 4
36898 4
36926 4
36935 4
36940 4
36960 4
36963 4
37012 4
37024 4
37027 4
37038 4
37084 4
37088 4
37134 4
37259 4
37268 4
37278 4
37333 4
37335 4
37353 4
37361 4
37422 4
37441 4
37456 4
37534 4
37538 4
37543 4
37576 4
37595 4
37623 4
37635 4
37646 4
37700 4
37750 4
37771 4
37821 4
37898 4
37955 4
37982 4
37991 4
37995 4
38048 4
38051 4
38061 4
38109 4
38122 4
38164 4
38186 4
38244 4
38290 4
38310 4
38332 4
38335 4
38350 4
38411 4
38423 4
38432 4
38452 4
38492 4
38509 4
38511 4
38543 4
38563 4
38645 4
38663 4
38672 4
38700 4
38703 4
38727 4
38737 4
38783 4
38784 4
38800 4
38850 4
38882 4
38898 4
38921 4
38922 4
38935 4
38966 4
38992 4
39001 4
39072 4
39102 4
39138 4
39146 4
39160 4
39166 4
39169 4
39173 4
39214 4
39284 4
39324 4
39368 4
39369 4
39424 4
39433 4
39496 4
39544 4
39584 4
39628 4
39629 4
39632 4
39682 4
39688 4
39691 4
39692 4
39746 4
39769 4
39779 4
39840 4
39881 4
39906 4
39912 4
39946 4
39954 4
39974 4
40028 4
40040 4
40067 4
40089 4
40100 4
40177 4
40212 4
40231 4
40257 4
40266 4
40268 4
40273 4
40349 4
40404 4
40405 4
40425 4
40430 4
40435 4
40443 4
40462 4
40500 4
40510 4
40515 4
40575 4
40588 4
40598 4
40605 4
40623 4
40676 4
40735 4
40736 4
40753 4
40774 4
40804 4
40806 4
40813 4
40820 4
40847 4
40849 4
40854 4
40879 4
40902 4
40906 4
40939 4
41028 4
41126 4
41147 4
41283 4
41286 4
41296 4
41299 4
41318 4
41320 4
41351 4
41361 4
41370 4
41390 4
41416 4
41447 4
41487 4
41510 4
41523 4
41578 4
41642 4
41664 4
41703 4
41713 4
41751 4
41755 4
41844 4
41853 4
41863 4
41874 4
41894 4
41942 4
41950 4
41951 4
41992 4
41993 4
42004 4
42029 4
42044 4
42056 4
42089 4
42103 4
42183 4
42217 4
42226 4
42235 4
42301 4
42314 4
42316 4
42318 4
42320 4
42375 4
42412 4
42443 4
42520 4
42543 4
42552 4
42558 4
42575 4
42587 4
42601 4
42613 4
42622 4
42709 4
42731 4
42752 4
42818 4
42918 4
42928 4
42945 4
42969 4
42977 4
42998 4
43002 4
43077 4
43111 4
43112 4
43114 4
43120 4
43198 4
43235 4
43269 4
43291 4
43321 4
43334 4
43371 4
43397 4
43406 4
43411 4
43429 4
43448 4
43453 4
43491 4
43522 4
43525 4
43714 4
43728 4
43729 4
43735 4
43780 4
43840 4
43909 4
43927 4
43933 4
43939 4
43948 4
43956 4
43957 4
43981 4
43986 4
44009 4
44026 4
44029 4
44078 4
44079 4
44087 4
44106 4
44122 4
44189 4
44229 4
44237 4
44258 4
44263 4
44270 4
44290 4
44312 4
44314 4
44359 4
44379 4
44387 4
44391 4
44412 4
44423 4
44440 4
44476 4
44484 4
44493 4
44499 4
44530 4
44539 4
44575 4
44591 4
44599 4
44617 4
44618 4
44624 4
44642 4
44674 4
44728 4
44738 4
44748 4
44774 4
44782 4
44830 4
44858 4
44866 4
44907 4
44916 4
44928 4
44931 4
44979 4
44980 4
45016 4
45028 4
45045 4
45047 4
45110 4
45150 4
45233 4
45242 4
45254 4
45294 4
45322 4
45378 4
45415 4
45439 4
45457 4
45461 4
45486 4
45501 4
45502 4
45506 4
45515 4
45516 4
45534 4
45537 4
45590 4
45605 4
45688 4
45778 4
45789 4
45801 4
45808 4
45848 4
45872 4
45882 4
45939 4
45952 4
46004 4
46010 4
46046 4
46067 4
46141 4
46202 4
46207 4
46221 4
46234 4
46239 4
46261 4
46274 4
46277 4
46278 4
46316 4
46425 4
46438 4
46444 4
46458 4
46478 4
46484 4
46497 4
46498 4
46541 4
46558 4
46565 4
46600 4
46601 4
46629 4
46641 4
46671 4
46707 4
46714 4
46765 4
46775 4
46787 4
46832 4
46839 4
46851 4
46906 4
46943 4
46966 4
46972 4
46985 4
47028 4
47029 4
47037 4
47047 4
47052 4
47072 4
47075 4
47130 4
47137 4
47153 4
47157 4
47164 4
47176 4
47181 4
47194 4
47196 4
47230 4
47251 4
47262 4
47277 4
47302 4
47370 4
47402 4
47420 4
47443 4
47464 4
47513 4
47529 4
47541 4
47582 4
47620 4
47652 4
47676 4
47787 4
47796 4
47884 4
47926 4
47954 4
47956 4
47984 4
47997 4
48010 4
48040 4
48069 4
48110 4
48114 4
48196 4
48208 4
48213 4
48251 4
48259 4
48305 4
48333 4
48345 4
48389 4
48402 4
48417 4
48440 4
48443 4
48466 4
48595 4
48610 4
48612 4
48616 4
48631 4
48655 4
48690 4
48700 4
48751 4
48776 4
48799 4
48805 4
48835 4
48884 4
48910 4
48935 4
48954 4
48959 4
48960 4
48965 4
48966 4
48979 4
49003 4
49044 4
49048 4
49056 4
49073 4
49077 4
49078 4
49085 4
49086 4
49094 4
49102 4
49109 4
49142 4
49163 4
49173 4
49193 4
49275 4
49471 4
49478 4
49494 4
49635 4
49640 4
49642 4
49651 4
49678 4
49722 4
49737 4
49743 4
49872 4
49905 4
49962 4
